# 2D Histogram Bin Extraction 
#                   
# histogram parameters:  
# title      : Em_nuc vs. Pm 
# ybins      : 50 
# ylabel     :  
# xbins      : 15 
# xlabel     :  
# ybin_width : 0.005 
# xbin_width : 0.080 
#                   
# header definitions:
# ib:         (x,y)  bin number 
# xb:         x-axis bin number 
# yb:         y-axis bin number 
# x0:         x-axis central bin value 
# xlow:       x-axis low-edge bin value 
# xup:        x-axis up-edge bin value 
# y0:         y-axis central bin value 
# ylow:       y-axis low-edge bin value 
# yup:        y-axis up-edge bin value 
# zcont:      bin content (z-axis) 
# zcont_err:  bin content error (z-axis) 
#                                        
ib,xb,yb,x0,xlow,xup,y0,ylow,yup,zcont,zcont_err
     18,         1,         1,          0.04,         0,      0.08,     -0.0475,     -0.05,      -0.045,           0,             0
     19,         2,         1,          0.12,      0.08,      0.16,     -0.0475,     -0.05,      -0.045,           0,             0
     20,         3,         1,           0.2,      0.16,      0.24,     -0.0475,     -0.05,      -0.045,           0,             0
     21,         4,         1,          0.28,      0.24,      0.32,     -0.0475,     -0.05,      -0.045,           0,             0
     22,         5,         1,          0.36,      0.32,       0.4,     -0.0475,     -0.05,      -0.045,           0,             0
     23,         6,         1,          0.44,       0.4,      0.48,     -0.0475,     -0.05,      -0.045,           0,             0
     24,         7,         1,          0.52,      0.48,      0.56,     -0.0475,     -0.05,      -0.045,           0,             0
     25,         8,         1,           0.6,      0.56,      0.64,     -0.0475,     -0.05,      -0.045,           0,             0
     26,         9,         1,          0.68,      0.64,      0.72,     -0.0475,     -0.05,      -0.045,  0.00111101,    0.00111101
     27,        10,         1,          0.76,      0.72,       0.8,     -0.0475,     -0.05,      -0.045,           0,             0
     28,        11,         1,          0.84,       0.8,      0.88,     -0.0475,     -0.05,      -0.045,           0,             0
     29,        12,         1,          0.92,      0.88,      0.96,     -0.0475,     -0.05,      -0.045,           0,             0
     30,        13,         1,             1,      0.96,      1.04,     -0.0475,     -0.05,      -0.045,           0,             0
     31,        14,         1,          1.08,      1.04,      1.12,     -0.0475,     -0.05,      -0.045,           0,             0
     32,        15,         1,          1.16,      1.12,       1.2,     -0.0475,     -0.05,      -0.045,           0,             0
     35,         1,         2,          0.04,         0,      0.08,     -0.0425,    -0.045,       -0.04,           0,             0
     36,         2,         2,          0.12,      0.08,      0.16,     -0.0425,    -0.045,       -0.04,           0,             0
     37,         3,         2,           0.2,      0.16,      0.24,     -0.0425,    -0.045,       -0.04,           0,             0
     38,         4,         2,          0.28,      0.24,      0.32,     -0.0425,    -0.045,       -0.04,           0,             0
     39,         5,         2,          0.36,      0.32,       0.4,     -0.0425,    -0.045,       -0.04,           0,             0
     40,         6,         2,          0.44,       0.4,      0.48,     -0.0425,    -0.045,       -0.04,           0,             0
     41,         7,         2,          0.52,      0.48,      0.56,     -0.0425,    -0.045,       -0.04,           0,             0
     42,         8,         2,           0.6,      0.56,      0.64,     -0.0425,    -0.045,       -0.04, 0.000962281,   0.000962281
     43,         9,         2,          0.68,      0.64,      0.72,     -0.0425,    -0.045,       -0.04, 0.000859435,   0.000859435
     44,        10,         2,          0.76,      0.72,       0.8,     -0.0425,    -0.045,       -0.04,           0,             0
     45,        11,         2,          0.84,       0.8,      0.88,     -0.0425,    -0.045,       -0.04,           0,             0
     46,        12,         2,          0.92,      0.88,      0.96,     -0.0425,    -0.045,       -0.04,           0,             0
     47,        13,         2,             1,      0.96,      1.04,     -0.0425,    -0.045,       -0.04,           0,             0
     48,        14,         2,          1.08,      1.04,      1.12,     -0.0425,    -0.045,       -0.04,           0,             0
     49,        15,         2,          1.16,      1.12,       1.2,     -0.0425,    -0.045,       -0.04,           0,             0
     52,         1,         3,          0.04,         0,      0.08,     -0.0375,     -0.04,      -0.035,           0,             0
     53,         2,         3,          0.12,      0.08,      0.16,     -0.0375,     -0.04,      -0.035,           0,             0
     54,         3,         3,           0.2,      0.16,      0.24,     -0.0375,     -0.04,      -0.035,           0,             0
     55,         4,         3,          0.28,      0.24,      0.32,     -0.0375,     -0.04,      -0.035,           0,             0
     56,         5,         3,          0.36,      0.32,       0.4,     -0.0375,     -0.04,      -0.035,           0,             0
     57,         6,         3,          0.44,       0.4,      0.48,     -0.0375,     -0.04,      -0.035,           0,             0
     58,         7,         3,          0.52,      0.48,      0.56,     -0.0375,     -0.04,      -0.035,           0,             0
     59,         8,         3,           0.6,      0.56,      0.64,     -0.0375,     -0.04,      -0.035,           0,             0
     60,         9,         3,          0.68,      0.64,      0.72,     -0.0375,     -0.04,      -0.035, 0.000779112,   0.000779112
     61,        10,         3,          0.76,      0.72,       0.8,     -0.0375,     -0.04,      -0.035,           0,             0
     62,        11,         3,          0.84,       0.8,      0.88,     -0.0375,     -0.04,      -0.035,           0,             0
     63,        12,         3,          0.92,      0.88,      0.96,     -0.0375,     -0.04,      -0.035,           0,             0
     64,        13,         3,             1,      0.96,      1.04,     -0.0375,     -0.04,      -0.035,           0,             0
     65,        14,         3,          1.08,      1.04,      1.12,     -0.0375,     -0.04,      -0.035,           0,             0
     66,        15,         3,          1.16,      1.12,       1.2,     -0.0375,     -0.04,      -0.035,           0,             0
     69,         1,         4,          0.04,         0,      0.08,     -0.0325,    -0.035,       -0.03,           0,             0
     70,         2,         4,          0.12,      0.08,      0.16,     -0.0325,    -0.035,       -0.03,           0,             0
     71,         3,         4,           0.2,      0.16,      0.24,     -0.0325,    -0.035,       -0.03,           0,             0
     72,         4,         4,          0.28,      0.24,      0.32,     -0.0325,    -0.035,       -0.03,           0,             0
     73,         5,         4,          0.36,      0.32,       0.4,     -0.0325,    -0.035,       -0.03,   0.0796027,     0.0498706
     74,         6,         4,          0.44,       0.4,      0.48,     -0.0325,    -0.035,       -0.03,           0,             0
     75,         7,         4,          0.52,      0.48,      0.56,     -0.0325,    -0.035,       -0.03,   0.0183525,     0.0114143
     76,         8,         4,           0.6,      0.56,      0.64,     -0.0325,    -0.035,       -0.03,  0.00536051,    0.00437042
     77,         9,         4,          0.68,      0.64,      0.72,     -0.0325,    -0.035,       -0.03,           0,             0
     78,        10,         4,          0.76,      0.72,       0.8,     -0.0325,    -0.035,       -0.03,           0,             0
     79,        11,         4,          0.84,       0.8,      0.88,     -0.0325,    -0.035,       -0.03,           0,             0
     80,        12,         4,          0.92,      0.88,      0.96,     -0.0325,    -0.035,       -0.03,           0,             0
     81,        13,         4,             1,      0.96,      1.04,     -0.0325,    -0.035,       -0.03,           0,             0
     82,        14,         4,          1.08,      1.04,      1.12,     -0.0325,    -0.035,       -0.03,           0,             0
     83,        15,         4,          1.16,      1.12,       1.2,     -0.0325,    -0.035,       -0.03,           0,             0
     86,         1,         5,          0.04,         0,      0.08,     -0.0275,     -0.03,      -0.025,           0,             0
     87,         2,         5,          0.12,      0.08,      0.16,     -0.0275,     -0.03,      -0.025,     3.69652,       3.69652
     88,         3,         5,           0.2,      0.16,      0.24,     -0.0275,     -0.03,      -0.025,     3.71145,       2.87746
     89,         4,         5,          0.28,      0.24,      0.32,     -0.0275,     -0.03,      -0.025,    0.116762,      0.116762
     90,         5,         5,          0.36,      0.32,       0.4,     -0.0275,     -0.03,      -0.025,     0.10865,     0.0606387
     91,         6,         5,          0.44,       0.4,      0.48,     -0.0275,     -0.03,      -0.025,    0.226769,     0.0687812
     92,         7,         5,          0.52,      0.48,      0.56,     -0.0275,     -0.03,      -0.025,    0.254261,     0.0694724
     93,         8,         5,           0.6,      0.56,      0.64,     -0.0275,     -0.03,      -0.025,   0.0125123,    0.00577232
     94,         9,         5,          0.68,      0.64,      0.72,     -0.0275,     -0.03,      -0.025,  0.00101299,    0.00101299
     95,        10,         5,          0.76,      0.72,       0.8,     -0.0275,     -0.03,      -0.025,           0,             0
     96,        11,         5,          0.84,       0.8,      0.88,     -0.0275,     -0.03,      -0.025,           0,             0
     97,        12,         5,          0.92,      0.88,      0.96,     -0.0275,     -0.03,      -0.025,           0,             0
     98,        13,         5,             1,      0.96,      1.04,     -0.0275,     -0.03,      -0.025,           0,             0
     99,        14,         5,          1.08,      1.04,      1.12,     -0.0275,     -0.03,      -0.025,           0,             0
    100,        15,         5,          1.16,      1.12,       1.2,     -0.0275,     -0.03,      -0.025,           0,             0
    103,         1,         6,          0.04,         0,      0.08,     -0.0225,    -0.025,       -0.02,           0,             0
    104,         2,         6,          0.12,      0.08,      0.16,     -0.0225,    -0.025,       -0.02,     5.35755,       5.35755
    105,         3,         6,           0.2,      0.16,      0.24,     -0.0225,    -0.025,       -0.02,    0.821785,      0.520148
    106,         4,         6,          0.28,      0.24,      0.32,     -0.0225,    -0.025,       -0.02,     2.17286,      0.656019
    107,         5,         6,          0.36,      0.32,       0.4,     -0.0225,    -0.025,       -0.02,     1.03847,      0.179277
    108,         6,         6,          0.44,       0.4,      0.48,     -0.0225,    -0.025,       -0.02,     1.00937,      0.144525
    109,         7,         6,          0.52,      0.48,      0.56,     -0.0225,    -0.025,       -0.02,    0.518856,     0.0857164
    110,         8,         6,           0.6,      0.56,      0.64,     -0.0225,    -0.025,       -0.02,    0.143632,     0.0386616
    111,         9,         6,          0.68,      0.64,      0.72,     -0.0225,    -0.025,       -0.02,   0.0178627,    0.00660173
    112,        10,         6,          0.76,      0.72,       0.8,     -0.0225,    -0.025,       -0.02,  0.00165632,   0.000844699
    113,        11,         6,          0.84,       0.8,      0.88,     -0.0225,    -0.025,       -0.02,           0,             0
    114,        12,         6,          0.92,      0.88,      0.96,     -0.0225,    -0.025,       -0.02,           0,             0
    115,        13,         6,             1,      0.96,      1.04,     -0.0225,    -0.025,       -0.02,           0,             0
    116,        14,         6,          1.08,      1.04,      1.12,     -0.0225,    -0.025,       -0.02,           0,             0
    117,        15,         6,          1.16,      1.12,       1.2,     -0.0225,    -0.025,       -0.02,           0,             0
    120,         1,         7,          0.04,         0,      0.08,     -0.0175,     -0.02,      -0.015,     616.659,       507.224
    121,         2,         7,          0.12,      0.08,      0.16,     -0.0175,     -0.02,      -0.015,     144.032,       48.2768
    122,         3,         7,           0.2,      0.16,      0.24,     -0.0175,     -0.02,      -0.015,     20.6304,       6.07222
    123,         4,         7,          0.28,      0.24,      0.32,     -0.0175,     -0.02,      -0.015,     9.00518,       1.22253
    124,         5,         7,          0.36,      0.32,       0.4,     -0.0175,     -0.02,      -0.015,     6.33853,      0.505205
    125,         6,         7,          0.44,       0.4,      0.48,     -0.0175,     -0.02,      -0.015,     4.85253,      0.340478
    126,         7,         7,          0.52,      0.48,      0.56,     -0.0175,     -0.02,      -0.015,     1.96707,      0.174681
    127,         8,         7,           0.6,      0.56,      0.64,     -0.0175,     -0.02,      -0.015,    0.462389,     0.0624702
    128,         9,         7,          0.68,      0.64,      0.72,     -0.0175,     -0.02,      -0.015,     0.04262,     0.0111493
    129,        10,         7,          0.76,      0.72,       0.8,     -0.0175,     -0.02,      -0.015,  0.00111294,   0.000569691
    130,        11,         7,          0.84,       0.8,      0.88,     -0.0175,     -0.02,      -0.015,           0,             0
    131,        12,         7,          0.92,      0.88,      0.96,     -0.0175,     -0.02,      -0.015,           0,             0
    132,        13,         7,             1,      0.96,      1.04,     -0.0175,     -0.02,      -0.015,           0,             0
    133,        14,         7,          1.08,      1.04,      1.12,     -0.0175,     -0.02,      -0.015,           0,             0
    134,        15,         7,          1.16,      1.12,       1.2,     -0.0175,     -0.02,      -0.015,           0,             0
    137,         1,         8,          0.04,         0,      0.08,     -0.0125,    -0.015,       -0.01,     2480.36,       909.024
    138,         2,         8,          0.12,      0.08,      0.16,     -0.0125,    -0.015,       -0.01,     1127.35,       152.831
    139,         3,         8,           0.2,      0.16,      0.24,     -0.0125,    -0.015,       -0.01,     173.594,       15.9698
    140,         4,         8,          0.28,      0.24,      0.32,     -0.0125,    -0.015,       -0.01,     43.9379,       2.30833
    141,         5,         8,          0.36,      0.32,       0.4,     -0.0125,    -0.015,       -0.01,     27.9803,       1.08473
    142,         6,         8,          0.44,       0.4,      0.48,     -0.0125,    -0.015,       -0.01,     17.8828,      0.673603
    143,         7,         8,          0.52,      0.48,      0.56,     -0.0125,    -0.015,       -0.01,     6.71122,      0.312957
    144,         8,         8,           0.6,      0.56,      0.64,     -0.0125,    -0.015,       -0.01,     1.52874,      0.113146
    145,         9,         8,          0.68,      0.64,      0.72,     -0.0125,    -0.015,       -0.01,    0.146449,     0.0204385
    146,        10,         8,          0.76,      0.72,       0.8,     -0.0125,    -0.015,       -0.01,  0.00390093,    0.00143601
    147,        11,         8,          0.84,       0.8,      0.88,     -0.0125,    -0.015,       -0.01,           0,             0
    148,        12,         8,          0.92,      0.88,      0.96,     -0.0125,    -0.015,       -0.01,           0,             0
    149,        13,         8,             1,      0.96,      1.04,     -0.0125,    -0.015,       -0.01,           0,             0
    150,        14,         8,          1.08,      1.04,      1.12,     -0.0125,    -0.015,       -0.01,           0,             0
    151,        15,         8,          1.16,      1.12,       1.2,     -0.0125,    -0.015,       -0.01,           0,             0
    154,         1,         9,          0.04,         0,      0.08,     -0.0075,     -0.01,      -0.005,     19512.2,       2286.52
    155,         2,         9,          0.12,      0.08,      0.16,     -0.0075,     -0.01,      -0.005,     7361.74,       399.782
    156,         3,         9,           0.2,      0.16,      0.24,     -0.0075,     -0.01,      -0.005,     962.042,       32.4432
    157,         4,         9,          0.28,      0.24,      0.32,     -0.0075,     -0.01,      -0.005,     215.341,       5.58078
    158,         5,         9,          0.36,      0.32,       0.4,     -0.0075,     -0.01,      -0.005,     98.3791,       2.17322
    159,         6,         9,          0.44,       0.4,      0.48,     -0.0075,     -0.01,      -0.005,     50.0244,       1.14057
    160,         7,         9,          0.52,      0.48,      0.56,     -0.0075,     -0.01,      -0.005,     18.7066,      0.518554
    161,         8,         9,           0.6,      0.56,      0.64,     -0.0075,     -0.01,      -0.005,     4.20456,      0.186399
    162,         9,         9,          0.68,      0.64,      0.72,     -0.0075,     -0.01,      -0.005,    0.342863,     0.0341433
    163,        10,         9,          0.76,      0.72,       0.8,     -0.0075,     -0.01,      -0.005,  0.00760737,    0.00301147
    164,        11,         9,          0.84,       0.8,      0.88,     -0.0075,     -0.01,      -0.005,           0,             0
    165,        12,         9,          0.92,      0.88,      0.96,     -0.0075,     -0.01,      -0.005,           0,             0
    166,        13,         9,             1,      0.96,      1.04,     -0.0075,     -0.01,      -0.005,           0,             0
    167,        14,         9,          1.08,      1.04,      1.12,     -0.0075,     -0.01,      -0.005,           0,             0
    168,        15,         9,          1.16,      1.12,       1.2,     -0.0075,     -0.01,      -0.005,           0,             0
    171,         1,        10,          0.04,         0,      0.08,     -0.0025,    -0.005,           0,     80879.6,       4643.46
    172,         2,        10,          0.12,      0.08,      0.16,     -0.0025,    -0.005,           0,     35885.8,       893.891
    173,         3,        10,           0.2,      0.16,      0.24,     -0.0025,    -0.005,           0,     4784.85,       74.4466
    174,         4,        10,          0.28,      0.24,      0.32,     -0.0025,    -0.005,           0,     946.201,       12.3478
    175,         5,        10,          0.36,      0.32,       0.4,     -0.0025,    -0.005,           0,     307.784,       4.08764
    176,         6,        10,          0.44,       0.4,      0.48,     -0.0025,    -0.005,           0,     114.904,       1.70336
    177,         7,        10,          0.52,      0.48,      0.56,     -0.0025,    -0.005,           0,     37.4525,      0.740734
    178,         8,        10,           0.6,      0.56,      0.64,     -0.0025,    -0.005,           0,     8.33381,       0.25493
    179,         9,        10,          0.68,      0.64,      0.72,     -0.0025,    -0.005,           0,     0.75264,     0.0514799
    180,        10,        10,          0.76,      0.72,       0.8,     -0.0025,    -0.005,           0,  0.00970916,    0.00236473
    181,        11,        10,          0.84,       0.8,      0.88,     -0.0025,    -0.005,           0,           0,             0
    182,        12,        10,          0.92,      0.88,      0.96,     -0.0025,    -0.005,           0,           0,             0
    183,        13,        10,             1,      0.96,      1.04,     -0.0025,    -0.005,           0,           0,             0
    184,        14,        10,          1.08,      1.04,      1.12,     -0.0025,    -0.005,           0,           0,             0
    185,        15,        10,          1.16,      1.12,       1.2,     -0.0025,    -0.005,           0,           0,             0
    188,         1,        11,          0.04,         0,      0.08,      0.0025,         0,       0.005,      172098,       6658.11
    189,         2,        11,          0.12,      0.08,      0.16,      0.0025,         0,       0.005,     99507.4,       1617.47
    190,         3,        11,           0.2,      0.16,      0.24,      0.0025,         0,       0.005,     13985.2,       127.615
    191,         4,        11,          0.28,      0.24,      0.32,      0.0025,         0,       0.005,     2738.76,       22.0645
    192,         5,        11,          0.36,      0.32,       0.4,      0.0025,         0,       0.005,     770.555,       6.77978
    193,         6,        11,          0.44,       0.4,      0.48,      0.0025,         0,       0.005,     217.285,       2.41425
    194,         7,        11,          0.52,      0.48,      0.56,      0.0025,         0,       0.005,     58.1914,      0.906403
    195,         8,        11,           0.6,      0.56,      0.64,      0.0025,         0,       0.005,     13.0838,      0.317689
    196,         9,        11,          0.68,      0.64,      0.72,      0.0025,         0,       0.005,     1.19911,     0.0666254
    197,        10,        11,          0.76,      0.72,       0.8,      0.0025,         0,       0.005,  0.00636158,    0.00190483
    198,        11,        11,          0.84,       0.8,      0.88,      0.0025,         0,       0.005, 0.000309684,   0.000309684
    199,        12,        11,          0.92,      0.88,      0.96,      0.0025,         0,       0.005,           0,             0
    200,        13,        11,             1,      0.96,      1.04,      0.0025,         0,       0.005,           0,             0
    201,        14,        11,          1.08,      1.04,      1.12,      0.0025,         0,       0.005,           0,             0
    202,        15,        11,          1.16,      1.12,       1.2,      0.0025,         0,       0.005,           0,             0
    205,         1,        12,          0.04,         0,      0.08,      0.0075,     0.005,        0.01,      229191,       7684.23
    206,         2,        12,          0.12,      0.08,      0.16,      0.0075,     0.005,        0.01,      143982,       1924.44
    207,         3,        12,           0.2,      0.16,      0.24,      0.0075,     0.005,        0.01,     20678.9,       159.509
    208,         4,        12,          0.28,      0.24,      0.32,      0.0075,     0.005,        0.01,     3624.63,       26.0795
    209,         5,        12,          0.36,      0.32,       0.4,      0.0075,     0.005,        0.01,     968.496,       7.92223
    210,         6,        12,          0.44,       0.4,      0.48,      0.0075,     0.005,        0.01,     256.712,       2.67927
    211,         7,        12,          0.52,      0.48,      0.56,      0.0075,     0.005,        0.01,     67.8556,      0.983708
    212,         8,        12,           0.6,      0.56,      0.64,      0.0075,     0.005,        0.01,     15.8418,      0.354871
    213,         9,        12,          0.68,      0.64,      0.72,      0.0075,     0.005,        0.01,     1.56538,      0.078692
    214,        10,        12,          0.76,      0.72,       0.8,      0.0075,     0.005,        0.01,   0.0112595,    0.00395543
    215,        11,        12,          0.84,       0.8,      0.88,      0.0075,     0.005,        0.01,           0,             0
    216,        12,        12,          0.92,      0.88,      0.96,      0.0075,     0.005,        0.01,           0,             0
    217,        13,        12,             1,      0.96,      1.04,      0.0075,     0.005,        0.01,           0,             0
    218,        14,        12,          1.08,      1.04,      1.12,      0.0075,     0.005,        0.01,           0,             0
    219,        15,        12,          1.16,      1.12,       1.2,      0.0075,     0.005,        0.01,           0,             0
    222,         1,        13,          0.04,         0,      0.08,      0.0125,      0.01,       0.015,      174391,       6876.15
    223,         2,        13,          0.12,      0.08,      0.16,      0.0125,      0.01,       0.015,      116664,        1868.7
    224,         3,        13,           0.2,      0.16,      0.24,      0.0125,      0.01,       0.015,     15984.8,         146.9
    225,         4,        13,          0.28,      0.24,      0.32,      0.0125,      0.01,       0.015,     2444.25,       21.9686
    226,         5,        13,          0.36,      0.32,       0.4,      0.0125,      0.01,       0.015,     614.518,       6.38169
    227,         6,        13,          0.44,       0.4,      0.48,      0.0125,      0.01,       0.015,      176.67,       2.24177
    228,         7,        13,          0.52,      0.48,      0.56,      0.0125,      0.01,       0.015,     55.4293,      0.898698
    229,         8,        13,           0.6,      0.56,      0.64,      0.0125,      0.01,       0.015,     14.2754,      0.337852
    230,         9,        13,          0.68,      0.64,      0.72,      0.0125,      0.01,       0.015,     1.49449,     0.0752723
    231,        10,        13,          0.76,      0.72,       0.8,      0.0125,      0.01,       0.015,    0.011959,    0.00384885
    232,        11,        13,          0.84,       0.8,      0.88,      0.0125,      0.01,       0.015,           0,             0
    233,        12,        13,          0.92,      0.88,      0.96,      0.0125,      0.01,       0.015,           0,             0
    234,        13,        13,             1,      0.96,      1.04,      0.0125,      0.01,       0.015,           0,             0
    235,        14,        13,          1.08,      1.04,      1.12,      0.0125,      0.01,       0.015,           0,             0
    236,        15,        13,          1.16,      1.12,       1.2,      0.0125,      0.01,       0.015,           0,             0
    239,         1,        14,          0.04,         0,      0.08,      0.0175,     0.015,        0.02,     93653.3,       5785.57
    240,         2,        14,          0.12,      0.08,      0.16,      0.0175,     0.015,        0.02,     65754.8,       1586.03
    241,         3,        14,           0.2,      0.16,      0.24,      0.0175,     0.015,        0.02,     7992.61,       108.602
    242,         4,        14,          0.28,      0.24,      0.32,      0.0175,     0.015,        0.02,     1190.56,        15.387
    243,         5,        14,          0.36,      0.32,       0.4,      0.0175,     0.015,        0.02,     305.881,       4.40879
    244,         6,        14,          0.44,       0.4,      0.48,      0.0175,     0.015,        0.02,     103.992,       1.72471
    245,         7,        14,          0.52,      0.48,      0.56,      0.0175,     0.015,        0.02,      38.111,      0.756978
    246,         8,        14,           0.6,      0.56,      0.64,      0.0175,     0.015,        0.02,      10.994,      0.302262
    247,         9,        14,          0.68,      0.64,      0.72,      0.0175,     0.015,        0.02,     1.20107,     0.0672311
    248,        10,        14,          0.76,      0.72,       0.8,      0.0175,     0.015,        0.02,   0.0129674,    0.00428366
    249,        11,        14,          0.84,       0.8,      0.88,      0.0175,     0.015,        0.02,           0,             0
    250,        12,        14,          0.92,      0.88,      0.96,      0.0175,     0.015,        0.02,           0,             0
    251,        13,        14,             1,      0.96,      1.04,      0.0175,     0.015,        0.02,           0,             0
    252,        14,        14,          1.08,      1.04,      1.12,      0.0175,     0.015,        0.02,           0,             0
    253,        15,        14,          1.16,      1.12,       1.2,      0.0175,     0.015,        0.02,           0,             0
    256,         1,        15,          0.04,         0,      0.08,      0.0225,      0.02,       0.025,     30886.1,       3248.41
    257,         2,        15,          0.12,      0.08,      0.16,      0.0225,      0.02,       0.025,     32089.8,       1249.73
    258,         3,        15,           0.2,      0.16,      0.24,      0.0225,      0.02,       0.025,     4144.65,       81.8977
    259,         4,        15,          0.28,      0.24,      0.32,      0.0225,      0.02,       0.025,         610,       11.0185
    260,         5,        15,          0.36,      0.32,       0.4,      0.0225,      0.02,       0.025,     173.139,       3.34236
    261,         6,        15,          0.44,       0.4,      0.48,      0.0225,      0.02,       0.025,     58.3075,       1.30696
    262,         7,        15,          0.52,      0.48,      0.56,      0.0225,      0.02,       0.025,     22.2804,      0.587292
    263,         8,        15,           0.6,      0.56,      0.64,      0.0225,      0.02,       0.025,      6.5792,      0.229286
    264,         9,        15,          0.68,      0.64,      0.72,      0.0225,      0.02,       0.025,    0.867308,     0.0586265
    265,        10,        15,          0.76,      0.72,       0.8,      0.0225,      0.02,       0.025,  0.00993101,     0.0042545
    266,        11,        15,          0.84,       0.8,      0.88,      0.0225,      0.02,       0.025,           0,             0
    267,        12,        15,          0.92,      0.88,      0.96,      0.0225,      0.02,       0.025,           0,             0
    268,        13,        15,             1,      0.96,      1.04,      0.0225,      0.02,       0.025,           0,             0
    269,        14,        15,          1.08,      1.04,      1.12,      0.0225,      0.02,       0.025,           0,             0
    270,        15,        15,          1.16,      1.12,       1.2,      0.0225,      0.02,       0.025,           0,             0
    273,         1,        16,          0.04,         0,      0.08,      0.0275,     0.025,        0.03,     19073.7,       2527.79
    274,         2,        16,          0.12,      0.08,      0.16,      0.0275,     0.025,        0.03,       20653,       1015.16
    275,         3,        16,           0.2,      0.16,      0.24,      0.0275,     0.025,        0.03,     2837.18,       71.1051
    276,         4,        16,          0.28,      0.24,      0.32,      0.0275,     0.025,        0.03,     436.308,       10.0957
    277,         5,        16,          0.36,      0.32,       0.4,      0.0275,     0.025,        0.03,     117.413,        2.8965
    278,         6,        16,          0.44,       0.4,      0.48,      0.0275,     0.025,        0.03,     38.8168,       1.09933
    279,         7,        16,          0.52,      0.48,      0.56,      0.0275,     0.025,        0.03,      13.432,      0.455827
    280,         8,        16,           0.6,      0.56,      0.64,      0.0275,     0.025,        0.03,     4.10832,      0.185244
    281,         9,        16,          0.68,      0.64,      0.72,      0.0275,     0.025,        0.03,    0.552685,     0.0493399
    282,        10,        16,          0.76,      0.72,       0.8,      0.0275,     0.025,        0.03,  0.00884575,    0.00380277
    283,        11,        16,          0.84,       0.8,      0.88,      0.0275,     0.025,        0.03,           0,             0
    284,        12,        16,          0.92,      0.88,      0.96,      0.0275,     0.025,        0.03,           0,             0
    285,        13,        16,             1,      0.96,      1.04,      0.0275,     0.025,        0.03,           0,             0
    286,        14,        16,          1.08,      1.04,      1.12,      0.0275,     0.025,        0.03,           0,             0
    287,        15,        16,          1.16,      1.12,       1.2,      0.0275,     0.025,        0.03,           0,             0
    290,         1,        17,          0.04,         0,      0.08,      0.0325,      0.03,       0.035,     11821.3,        2069.4
    291,         2,        17,          0.12,      0.08,      0.16,      0.0325,      0.03,       0.035,     16519.8,       1094.12
    292,         3,        17,           0.2,      0.16,      0.24,      0.0325,      0.03,       0.035,     2441.88,       76.3522
    293,         4,        17,          0.28,      0.24,      0.32,      0.0325,      0.03,       0.035,     360.154,       9.57538
    294,         5,        17,          0.36,      0.32,       0.4,      0.0325,      0.03,       0.035,     93.3785,       2.64525
    295,         6,        17,          0.44,       0.4,      0.48,      0.0325,      0.03,       0.035,     26.7889,      0.911861
    296,         7,        17,          0.52,      0.48,      0.56,      0.0325,      0.03,       0.035,     10.5757,      0.425688
    297,         8,        17,           0.6,      0.56,      0.64,      0.0325,      0.03,       0.035,      2.8617,      0.158172
    298,         9,        17,          0.68,      0.64,      0.72,      0.0325,      0.03,       0.035,    0.317138,      0.034689
    299,        10,        17,          0.76,      0.72,       0.8,      0.0325,      0.03,       0.035,  0.00920611,     0.0041262
    300,        11,        17,          0.84,       0.8,      0.88,      0.0325,      0.03,       0.035,           0,             0
    301,        12,        17,          0.92,      0.88,      0.96,      0.0325,      0.03,       0.035,           0,             0
    302,        13,        17,             1,      0.96,      1.04,      0.0325,      0.03,       0.035,           0,             0
    303,        14,        17,          1.08,      1.04,      1.12,      0.0325,      0.03,       0.035,           0,             0
    304,        15,        17,          1.16,      1.12,       1.2,      0.0325,      0.03,       0.035,           0,             0
    307,         1,        18,          0.04,         0,      0.08,      0.0375,     0.035,        0.04,     9205.18,       1985.26
    308,         2,        18,          0.12,      0.08,      0.16,      0.0375,     0.035,        0.04,     16009.7,       1298.22
    309,         3,        18,           0.2,      0.16,      0.24,      0.0375,     0.035,        0.04,     2349.26,       78.5989
    310,         4,        18,          0.28,      0.24,      0.32,      0.0375,     0.035,        0.04,     319.518,        9.4317
    311,         5,        18,          0.36,      0.32,       0.4,      0.0375,     0.035,        0.04,     82.3413,       2.59001
    312,         6,        18,          0.44,       0.4,      0.48,      0.0375,     0.035,        0.04,     24.8806,      0.907017
    313,         7,        18,          0.52,      0.48,      0.56,      0.0375,     0.035,        0.04,     8.25992,      0.370658
    314,         8,        18,           0.6,      0.56,      0.64,      0.0375,     0.035,        0.04,     2.08951,      0.134796
    315,         9,        18,          0.68,      0.64,      0.72,      0.0375,     0.035,        0.04,     0.33085,     0.0401409
    316,        10,        18,          0.76,      0.72,       0.8,      0.0375,     0.035,        0.04, 0.000421536,   0.000421536
    317,        11,        18,          0.84,       0.8,      0.88,      0.0375,     0.035,        0.04,           0,             0
    318,        12,        18,          0.92,      0.88,      0.96,      0.0375,     0.035,        0.04,           0,             0
    319,        13,        18,             1,      0.96,      1.04,      0.0375,     0.035,        0.04,           0,             0
    320,        14,        18,          1.08,      1.04,      1.12,      0.0375,     0.035,        0.04,           0,             0
    321,        15,        18,          1.16,      1.12,       1.2,      0.0375,     0.035,        0.04,           0,             0
    324,         1,        19,          0.04,         0,      0.08,      0.0425,      0.04,       0.045,     5897.65,       1552.92
    325,         2,        19,          0.12,      0.08,      0.16,      0.0425,      0.04,       0.045,     13839.7,       1108.52
    326,         3,        19,           0.2,      0.16,      0.24,      0.0425,      0.04,       0.045,     2208.76,       78.7656
    327,         4,        19,          0.28,      0.24,      0.32,      0.0425,      0.04,       0.045,     331.876,       10.1942
    328,         5,        19,          0.36,      0.32,       0.4,      0.0425,      0.04,       0.045,     75.9081,       2.56692
    329,         6,        19,          0.44,       0.4,      0.48,      0.0425,      0.04,       0.045,     20.9069,      0.837788
    330,         7,        19,          0.52,      0.48,      0.56,      0.0425,      0.04,       0.045,     6.81065,      0.338467
    331,         8,        19,           0.6,      0.56,      0.64,      0.0425,      0.04,       0.045,     1.87974,      0.125796
    332,         9,        19,          0.68,      0.64,      0.72,      0.0425,      0.04,       0.045,    0.274488,     0.0374956
    333,        10,        19,          0.76,      0.72,       0.8,      0.0425,      0.04,       0.045,  0.00721241,    0.00413951
    334,        11,        19,          0.84,       0.8,      0.88,      0.0425,      0.04,       0.045,           0,             0
    335,        12,        19,          0.92,      0.88,      0.96,      0.0425,      0.04,       0.045,           0,             0
    336,        13,        19,             1,      0.96,      1.04,      0.0425,      0.04,       0.045,           0,             0
    337,        14,        19,          1.08,      1.04,      1.12,      0.0425,      0.04,       0.045,           0,             0
    338,        15,        19,          1.16,      1.12,       1.2,      0.0425,      0.04,       0.045,           0,             0
    341,         1,        20,          0.04,         0,      0.08,      0.0475,     0.045,        0.05,     6225.24,       1755.94
    342,         2,        20,          0.12,      0.08,      0.16,      0.0475,     0.045,        0.05,       13475,       1290.58
    343,         3,        20,           0.2,      0.16,      0.24,      0.0475,     0.045,        0.05,     2170.27,       88.9501
    344,         4,        20,          0.28,      0.24,      0.32,      0.0475,     0.045,        0.05,     311.908,       10.0038
    345,         5,        20,          0.36,      0.32,       0.4,      0.0475,     0.045,        0.05,     75.5989,       2.64726
    346,         6,        20,          0.44,       0.4,      0.48,      0.0475,     0.045,        0.05,     21.5422,      0.884432
    347,         7,        20,          0.52,      0.48,      0.56,      0.0475,     0.045,        0.05,     6.58882,      0.343258
    348,         8,        20,           0.6,      0.56,      0.64,      0.0475,     0.045,        0.05,     1.82743,      0.132197
    349,         9,        20,          0.68,      0.64,      0.72,      0.0475,     0.045,        0.05,    0.359927,     0.0438755
    350,        10,        20,          0.76,      0.72,       0.8,      0.0475,     0.045,        0.05,   0.0114546,    0.00560202
    351,        11,        20,          0.84,       0.8,      0.88,      0.0475,     0.045,        0.05,           0,             0
    352,        12,        20,          0.92,      0.88,      0.96,      0.0475,     0.045,        0.05,           0,             0
    353,        13,        20,             1,      0.96,      1.04,      0.0475,     0.045,        0.05,           0,             0
    354,        14,        20,          1.08,      1.04,      1.12,      0.0475,     0.045,        0.05,           0,             0
    355,        15,        20,          1.16,      1.12,       1.2,      0.0475,     0.045,        0.05,           0,             0
    358,         1,        21,          0.04,         0,      0.08,      0.0525,      0.05,       0.055,     3070.05,       1513.19
    359,         2,        21,          0.12,      0.08,      0.16,      0.0525,      0.05,       0.055,     12820.9,       1312.75
    360,         3,        21,           0.2,      0.16,      0.24,      0.0525,      0.05,       0.055,     2151.11,       98.2967
    361,         4,        21,          0.28,      0.24,      0.32,      0.0525,      0.05,       0.055,     298.876,       10.1066
    362,         5,        21,          0.36,      0.32,       0.4,      0.0525,      0.05,       0.055,     63.0265,       2.36066
    363,         6,        21,          0.44,       0.4,      0.48,      0.0525,      0.05,       0.055,     22.0075,      0.911752
    364,         7,        21,          0.52,      0.48,      0.56,      0.0525,      0.05,       0.055,     5.94142,      0.328123
    365,         8,        21,           0.6,      0.56,      0.64,      0.0525,      0.05,       0.055,     1.63269,       0.12344
    366,         9,        21,          0.68,      0.64,      0.72,      0.0525,      0.05,       0.055,    0.247527,     0.0349103
    367,        10,        21,          0.76,      0.72,       0.8,      0.0525,      0.05,       0.055,   0.0121139,    0.00581025
    368,        11,        21,          0.84,       0.8,      0.88,      0.0525,      0.05,       0.055,           0,             0
    369,        12,        21,          0.92,      0.88,      0.96,      0.0525,      0.05,       0.055,           0,             0
    370,        13,        21,             1,      0.96,      1.04,      0.0525,      0.05,       0.055,           0,             0
    371,        14,        21,          1.08,      1.04,      1.12,      0.0525,      0.05,       0.055,           0,             0
    372,        15,        21,          1.16,      1.12,       1.2,      0.0525,      0.05,       0.055,           0,             0
    375,         1,        22,          0.04,         0,      0.08,      0.0575,     0.055,        0.06,     1072.66,       790.989
    376,         2,        22,          0.12,      0.08,      0.16,      0.0575,     0.055,        0.06,     14057.2,       1482.31
    377,         3,        22,           0.2,      0.16,      0.24,      0.0575,     0.055,        0.06,     2325.65,       114.401
    378,         4,        22,          0.28,      0.24,      0.32,      0.0575,     0.055,        0.06,     290.527,       10.4517
    379,         5,        22,          0.36,      0.32,       0.4,      0.0575,     0.055,        0.06,     64.7685,        2.4769
    380,         6,        22,          0.44,       0.4,      0.48,      0.0575,     0.055,        0.06,       18.57,      0.838457
    381,         7,        22,          0.52,      0.48,      0.56,      0.0575,     0.055,        0.06,      5.9226,      0.327842
    382,         8,        22,           0.6,      0.56,      0.64,      0.0575,     0.055,        0.06,      1.5754,      0.127647
    383,         9,        22,          0.68,      0.64,      0.72,      0.0575,     0.055,        0.06,    0.244298,     0.0345798
    384,        10,        22,          0.76,      0.72,       0.8,      0.0575,     0.055,        0.06,  0.00314786,    0.00146949
    385,        11,        22,          0.84,       0.8,      0.88,      0.0575,     0.055,        0.06,           0,             0
    386,        12,        22,          0.92,      0.88,      0.96,      0.0575,     0.055,        0.06,           0,             0
    387,        13,        22,             1,      0.96,      1.04,      0.0575,     0.055,        0.06,           0,             0
    388,        14,        22,          1.08,      1.04,      1.12,      0.0575,     0.055,        0.06,           0,             0
    389,        15,        22,          1.16,      1.12,       1.2,      0.0575,     0.055,        0.06,           0,             0
    392,         1,        23,          0.04,         0,      0.08,      0.0625,      0.06,       0.065,     920.443,       682.529
    393,         2,        23,          0.12,      0.08,      0.16,      0.0625,      0.06,       0.065,       12157,       1568.77
    394,         3,        23,           0.2,      0.16,      0.24,      0.0625,      0.06,       0.065,     2682.02,       138.572
    395,         4,        23,          0.28,      0.24,      0.32,      0.0625,      0.06,       0.065,     308.776,       11.6836
    396,         5,        23,          0.36,      0.32,       0.4,      0.0625,      0.06,       0.065,     62.8552,       2.54569
    397,         6,        23,          0.44,       0.4,      0.48,      0.0625,      0.06,       0.065,     18.7784,      0.845129
    398,         7,        23,          0.52,      0.48,      0.56,      0.0625,      0.06,       0.065,     6.38882,       0.35817
    399,         8,        23,           0.6,      0.56,      0.64,      0.0625,      0.06,       0.065,      1.7834,       0.14103
    400,         9,        23,          0.68,      0.64,      0.72,      0.0625,      0.06,       0.065,     0.22253,      0.034599
    401,        10,        23,          0.76,      0.72,       0.8,      0.0625,      0.06,       0.065,   0.0139931,    0.00678201
    402,        11,        23,          0.84,       0.8,      0.88,      0.0625,      0.06,       0.065,           0,             0
    403,        12,        23,          0.92,      0.88,      0.96,      0.0625,      0.06,       0.065,           0,             0
    404,        13,        23,             1,      0.96,      1.04,      0.0625,      0.06,       0.065,           0,             0
    405,        14,        23,          1.08,      1.04,      1.12,      0.0625,      0.06,       0.065,           0,             0
    406,        15,        23,          1.16,      1.12,       1.2,      0.0625,      0.06,       0.065,           0,             0
    409,         1,        24,          0.04,         0,      0.08,      0.0675,     0.065,        0.07,     442.733,       442.733
    410,         2,        24,          0.12,      0.08,      0.16,      0.0675,     0.065,        0.07,     12078.7,       1573.61
    411,         3,        24,           0.2,      0.16,      0.24,      0.0675,     0.065,        0.07,      2578.6,       150.194
    412,         4,        24,          0.28,      0.24,      0.32,      0.0675,     0.065,        0.07,     340.035,       13.5767
    413,         5,        24,          0.36,      0.32,       0.4,      0.0675,     0.065,        0.07,     61.6044,       2.63452
    414,         6,        24,          0.44,       0.4,      0.48,      0.0675,     0.065,        0.07,     19.4446,      0.900123
    415,         7,        24,          0.52,      0.48,      0.56,      0.0675,     0.065,        0.07,     5.67018,      0.345795
    416,         8,        24,           0.6,      0.56,      0.64,      0.0675,     0.065,        0.07,      1.4387,       0.12114
    417,         9,        24,          0.68,      0.64,      0.72,      0.0675,     0.065,        0.07,    0.241258,     0.0352375
    418,        10,        24,          0.76,      0.72,       0.8,      0.0675,     0.065,        0.07,   0.0108276,     0.0050408
    419,        11,        24,          0.84,       0.8,      0.88,      0.0675,     0.065,        0.07,           0,             0
    420,        12,        24,          0.92,      0.88,      0.96,      0.0675,     0.065,        0.07,           0,             0
    421,        13,        24,             1,      0.96,      1.04,      0.0675,     0.065,        0.07,           0,             0
    422,        14,        24,          1.08,      1.04,      1.12,      0.0675,     0.065,        0.07,           0,             0
    423,        15,        24,          1.16,      1.12,       1.2,      0.0675,     0.065,        0.07,           0,             0
    426,         1,        25,          0.04,         0,      0.08,      0.0725,      0.07,       0.075,           0,             0
    427,         2,        25,          0.12,      0.08,      0.16,      0.0725,      0.07,       0.075,     9162.23,        1485.9
    428,         3,        25,           0.2,      0.16,      0.24,      0.0725,      0.07,       0.075,     2384.45,       142.195
    429,         4,        25,          0.28,      0.24,      0.32,      0.0725,      0.07,       0.075,      336.46,       13.7344
    430,         5,        25,          0.36,      0.32,       0.4,      0.0725,      0.07,       0.075,     65.1615,       2.75807
    431,         6,        25,          0.44,       0.4,      0.48,      0.0725,      0.07,       0.075,     17.5021,      0.871223
    432,         7,        25,          0.52,      0.48,      0.56,      0.0725,      0.07,       0.075,     5.93789,      0.352764
    433,         8,        25,           0.6,      0.56,      0.64,      0.0725,      0.07,       0.075,     1.54332,      0.131868
    434,         9,        25,          0.68,      0.64,      0.72,      0.0725,      0.07,       0.075,    0.227323,      0.033517
    435,        10,        25,          0.76,      0.72,       0.8,      0.0725,      0.07,       0.075,   0.0131377,    0.00575285
    436,        11,        25,          0.84,       0.8,      0.88,      0.0725,      0.07,       0.075,           0,             0
    437,        12,        25,          0.92,      0.88,      0.96,      0.0725,      0.07,       0.075,           0,             0
    438,        13,        25,             1,      0.96,      1.04,      0.0725,      0.07,       0.075,           0,             0
    439,        14,        25,          1.08,      1.04,      1.12,      0.0725,      0.07,       0.075,           0,             0
    440,        15,        25,          1.16,      1.12,       1.2,      0.0725,      0.07,       0.075,           0,             0
    443,         1,        26,          0.04,         0,      0.08,      0.0775,     0.075,        0.08,           0,             0
    444,         2,        26,          0.12,      0.08,      0.16,      0.0775,     0.075,        0.08,     7569.33,       1146.83
    445,         3,        26,           0.2,      0.16,      0.24,      0.0775,     0.075,        0.08,     2947.26,       195.757
    446,         4,        26,          0.28,      0.24,      0.32,      0.0775,     0.075,        0.08,      366.79,       16.3753
    447,         5,        26,          0.36,      0.32,       0.4,      0.0775,     0.075,        0.08,     70.8877,       3.19929
    448,         6,        26,          0.44,       0.4,      0.48,      0.0775,     0.075,        0.08,     18.6919,      0.950723
    449,         7,        26,          0.52,      0.48,      0.56,      0.0775,     0.075,        0.08,     5.83343,      0.361729
    450,         8,        26,           0.6,      0.56,      0.64,      0.0775,     0.075,        0.08,     1.84135,      0.144119
    451,         9,        26,          0.68,      0.64,      0.72,      0.0775,     0.075,        0.08,    0.273641,     0.0402168
    452,        10,        26,          0.76,      0.72,       0.8,      0.0775,     0.075,        0.08,  0.00669907,    0.00362319
    453,        11,        26,          0.84,       0.8,      0.88,      0.0775,     0.075,        0.08, 0.000364885,   0.000364885
    454,        12,        26,          0.92,      0.88,      0.96,      0.0775,     0.075,        0.08,           0,             0
    455,        13,        26,             1,      0.96,      1.04,      0.0775,     0.075,        0.08,           0,             0
    456,        14,        26,          1.08,      1.04,      1.12,      0.0775,     0.075,        0.08,           0,             0
    457,        15,        26,          1.16,      1.12,       1.2,      0.0775,     0.075,        0.08,           0,             0
    460,         1,        27,          0.04,         0,      0.08,      0.0825,      0.08,       0.085,           0,             0
    461,         2,        27,          0.12,      0.08,      0.16,      0.0825,      0.08,       0.085,     8073.46,       1418.32
    462,         3,        27,           0.2,      0.16,      0.24,      0.0825,      0.08,       0.085,     2708.91,       194.247
    463,         4,        27,          0.28,      0.24,      0.32,      0.0825,      0.08,       0.085,     378.804,       17.5968
    464,         5,        27,          0.36,      0.32,       0.4,      0.0825,      0.08,       0.085,     67.7023,       3.04236
    465,         6,        27,          0.44,       0.4,      0.48,      0.0825,      0.08,       0.085,     18.9253,      0.996613
    466,         7,        27,          0.52,      0.48,      0.56,      0.0825,      0.08,       0.085,     5.44191,      0.343651
    467,         8,        27,           0.6,      0.56,      0.64,      0.0825,      0.08,       0.085,     1.63646,       0.14031
    468,         9,        27,          0.68,      0.64,      0.72,      0.0825,      0.08,       0.085,    0.289736,     0.0448588
    469,        10,        27,          0.76,      0.72,       0.8,      0.0825,      0.08,       0.085,   0.0211881,    0.00891036
    470,        11,        27,          0.84,       0.8,      0.88,      0.0825,      0.08,       0.085,           0,             0
    471,        12,        27,          0.92,      0.88,      0.96,      0.0825,      0.08,       0.085,           0,             0
    472,        13,        27,             1,      0.96,      1.04,      0.0825,      0.08,       0.085,           0,             0
    473,        14,        27,          1.08,      1.04,      1.12,      0.0825,      0.08,       0.085,           0,             0
    474,        15,        27,          1.16,      1.12,       1.2,      0.0825,      0.08,       0.085,           0,             0
    477,         1,        28,          0.04,         0,      0.08,      0.0875,     0.085,        0.09,           0,             0
    478,         2,        28,          0.12,      0.08,      0.16,      0.0875,     0.085,        0.09,      8233.7,       1511.65
    479,         3,        28,           0.2,      0.16,      0.24,      0.0875,     0.085,        0.09,     3540.57,       312.306
    480,         4,        28,          0.28,      0.24,      0.32,      0.0875,     0.085,        0.09,      391.47,       18.4896
    481,         5,        28,          0.36,      0.32,       0.4,      0.0875,     0.085,        0.09,     71.7685,        3.3313
    482,         6,        28,          0.44,       0.4,      0.48,      0.0875,     0.085,        0.09,     18.3244,      0.968548
    483,         7,        28,          0.52,      0.48,      0.56,      0.0875,     0.085,        0.09,     5.26127,      0.349417
    484,         8,        28,           0.6,      0.56,      0.64,      0.0875,     0.085,        0.09,      1.3885,      0.124066
    485,         9,        28,          0.68,      0.64,      0.72,      0.0875,     0.085,        0.09,    0.431958,     0.0561523
    486,        10,        28,          0.76,      0.72,       0.8,      0.0875,     0.085,        0.09,   0.0239707,    0.00912256
    487,        11,        28,          0.84,       0.8,      0.88,      0.0875,     0.085,        0.09,           0,             0
    488,        12,        28,          0.92,      0.88,      0.96,      0.0875,     0.085,        0.09,           0,             0
    489,        13,        28,             1,      0.96,      1.04,      0.0875,     0.085,        0.09,           0,             0
    490,        14,        28,          1.08,      1.04,      1.12,      0.0875,     0.085,        0.09,           0,             0
    491,        15,        28,          1.16,      1.12,       1.2,      0.0875,     0.085,        0.09,           0,             0
    494,         1,        29,          0.04,         0,      0.08,      0.0925,      0.09,       0.095,           0,             0
    495,         2,        29,          0.12,      0.08,      0.16,      0.0925,      0.09,       0.095,     7375.41,       1492.09
    496,         3,        29,           0.2,      0.16,      0.24,      0.0925,      0.09,       0.095,      3842.5,       390.478
    497,         4,        29,          0.28,      0.24,      0.32,      0.0925,      0.09,       0.095,     470.133,       23.2075
    498,         5,        29,          0.36,      0.32,       0.4,      0.0925,      0.09,       0.095,     72.6885,       3.36272
    499,         6,        29,          0.44,       0.4,      0.48,      0.0925,      0.09,       0.095,     20.2373,       1.04114
    500,         7,        29,          0.52,      0.48,      0.56,      0.0925,      0.09,       0.095,     6.19428,      0.383176
    501,         8,        29,           0.6,      0.56,      0.64,      0.0925,      0.09,       0.095,     1.63232,      0.149326
    502,         9,        29,          0.68,      0.64,      0.72,      0.0925,      0.09,       0.095,    0.338082,     0.0464478
    503,        10,        29,          0.76,      0.72,       0.8,      0.0925,      0.09,       0.095,   0.0293031,    0.00945665
    504,        11,        29,          0.84,       0.8,      0.88,      0.0925,      0.09,       0.095,           0,             0
    505,        12,        29,          0.92,      0.88,      0.96,      0.0925,      0.09,       0.095,           0,             0
    506,        13,        29,             1,      0.96,      1.04,      0.0925,      0.09,       0.095,           0,             0
    507,        14,        29,          1.08,      1.04,      1.12,      0.0925,      0.09,       0.095,           0,             0
    508,        15,        29,          1.16,      1.12,       1.2,      0.0925,      0.09,       0.095,           0,             0
    511,         1,        30,          0.04,         0,      0.08,      0.0975,     0.095,         0.1,           0,             0
    512,         2,        30,          0.12,      0.08,      0.16,      0.0975,     0.095,         0.1,     3901.88,        1025.4
    513,         3,        30,           0.2,      0.16,      0.24,      0.0975,     0.095,         0.1,     4682.94,       511.257
    514,         4,        30,          0.28,      0.24,      0.32,      0.0975,     0.095,         0.1,     473.544,       24.2647
    515,         5,        30,          0.36,      0.32,       0.4,      0.0975,     0.095,         0.1,     78.4222,       3.64276
    516,         6,        30,          0.44,       0.4,      0.48,      0.0975,     0.095,         0.1,     21.1971,       1.16575
    517,         7,        30,          0.52,      0.48,      0.56,      0.0975,     0.095,         0.1,     5.38317,      0.357484
    518,         8,        30,           0.6,      0.56,      0.64,      0.0975,     0.095,         0.1,     1.75753,      0.149263
    519,         9,        30,          0.68,      0.64,      0.72,      0.0975,     0.095,         0.1,    0.304677,     0.0494242
    520,        10,        30,          0.76,      0.72,       0.8,      0.0975,     0.095,         0.1,   0.0397416,     0.0120829
    521,        11,        30,          0.84,       0.8,      0.88,      0.0975,     0.095,         0.1, 0.000316213,   0.000316213
    522,        12,        30,          0.92,      0.88,      0.96,      0.0975,     0.095,         0.1,           0,             0
    523,        13,        30,             1,      0.96,      1.04,      0.0975,     0.095,         0.1,           0,             0
    524,        14,        30,          1.08,      1.04,      1.12,      0.0975,     0.095,         0.1,           0,             0
    525,        15,        30,          1.16,      1.12,       1.2,      0.0975,     0.095,         0.1,           0,             0
    528,         1,        31,          0.04,         0,      0.08,      0.1025,       0.1,       0.105,           0,             0
    529,         2,        31,          0.12,      0.08,      0.16,      0.1025,       0.1,       0.105,     6467.93,       1765.37
    530,         3,        31,           0.2,      0.16,      0.24,      0.1025,       0.1,       0.105,     5072.11,       539.651
    531,         4,        31,          0.28,      0.24,      0.32,      0.1025,       0.1,       0.105,     532.157,       27.9433
    532,         5,        31,          0.36,      0.32,       0.4,      0.1025,       0.1,       0.105,     82.4992,       3.96371
    533,         6,        31,          0.44,       0.4,      0.48,      0.1025,       0.1,       0.105,     20.2839,        1.1417
    534,         7,        31,          0.52,      0.48,      0.56,      0.1025,       0.1,       0.105,     6.12777,      0.411733
    535,         8,        31,           0.6,      0.56,      0.64,      0.1025,       0.1,       0.105,     1.87257,      0.164926
    536,         9,        31,          0.68,      0.64,      0.72,      0.1025,       0.1,       0.105,    0.439698,     0.0585512
    537,        10,        31,          0.76,      0.72,       0.8,      0.1025,       0.1,       0.105,   0.0232688,    0.00953827
    538,        11,        31,          0.84,       0.8,      0.88,      0.1025,       0.1,       0.105,  0.00202854,    0.00202854
    539,        12,        31,          0.92,      0.88,      0.96,      0.1025,       0.1,       0.105,           0,             0
    540,        13,        31,             1,      0.96,      1.04,      0.1025,       0.1,       0.105,           0,             0
    541,        14,        31,          1.08,      1.04,      1.12,      0.1025,       0.1,       0.105,           0,             0
    542,        15,        31,          1.16,      1.12,       1.2,      0.1025,       0.1,       0.105,           0,             0
    545,         1,        32,          0.04,         0,      0.08,      0.1075,     0.105,        0.11,           0,             0
    546,         2,        32,          0.12,      0.08,      0.16,      0.1075,     0.105,        0.11,     4586.82,       1353.76
    547,         3,        32,           0.2,      0.16,      0.24,      0.1075,     0.105,        0.11,     4832.68,       542.225
    548,         4,        32,          0.28,      0.24,      0.32,      0.1075,     0.105,        0.11,     496.907,       29.7962
    549,         5,        32,          0.36,      0.32,       0.4,      0.1075,     0.105,        0.11,     88.4613,       4.39936
    550,         6,        32,          0.44,       0.4,      0.48,      0.1075,     0.105,        0.11,     24.0547,       1.27883
    551,         7,        32,          0.52,      0.48,      0.56,      0.1075,     0.105,        0.11,     6.24971,      0.421446
    552,         8,        32,           0.6,      0.56,      0.64,      0.1075,     0.105,        0.11,     1.91343,      0.168191
    553,         9,        32,          0.68,      0.64,      0.72,      0.1075,     0.105,        0.11,    0.297077,     0.0452018
    554,        10,        32,          0.76,      0.72,       0.8,      0.1075,     0.105,        0.11,   0.0354324,     0.0108985
    555,        11,        32,          0.84,       0.8,      0.88,      0.1075,     0.105,        0.11, 8.38323e-05,   8.38323e-05
    556,        12,        32,          0.92,      0.88,      0.96,      0.1075,     0.105,        0.11,           0,             0
    557,        13,        32,             1,      0.96,      1.04,      0.1075,     0.105,        0.11,           0,             0
    558,        14,        32,          1.08,      1.04,      1.12,      0.1075,     0.105,        0.11,           0,             0
    559,        15,        32,          1.16,      1.12,       1.2,      0.1075,     0.105,        0.11,           0,             0
    562,         1,        33,          0.04,         0,      0.08,      0.1125,      0.11,       0.115,           0,             0
    563,         2,        33,          0.12,      0.08,      0.16,      0.1125,      0.11,       0.115,     1862.81,       763.618
    564,         3,        33,           0.2,      0.16,      0.24,      0.1125,      0.11,       0.115,     4672.51,       553.289
    565,         4,        33,          0.28,      0.24,      0.32,      0.1125,      0.11,       0.115,     623.298,       37.7563
    566,         5,        33,          0.36,      0.32,       0.4,      0.1125,      0.11,       0.115,      85.909,       4.33203
    567,         6,        33,          0.44,       0.4,      0.48,      0.1125,      0.11,       0.115,     22.3351,       1.25342
    568,         7,        33,          0.52,      0.48,      0.56,      0.1125,      0.11,       0.115,     6.80491,      0.431881
    569,         8,        33,           0.6,      0.56,      0.64,      0.1125,      0.11,       0.115,      1.4915,      0.139446
    570,         9,        33,          0.68,      0.64,      0.72,      0.1125,      0.11,       0.115,    0.486781,     0.0622576
    571,        10,        33,          0.76,      0.72,       0.8,      0.1125,      0.11,       0.115,   0.0384725,     0.0123213
    572,        11,        33,          0.84,       0.8,      0.88,      0.1125,      0.11,       0.115,           0,             0
    573,        12,        33,          0.92,      0.88,      0.96,      0.1125,      0.11,       0.115,           0,             0
    574,        13,        33,             1,      0.96,      1.04,      0.1125,      0.11,       0.115,           0,             0
    575,        14,        33,          1.08,      1.04,      1.12,      0.1125,      0.11,       0.115,           0,             0
    576,        15,        33,          1.16,      1.12,       1.2,      0.1125,      0.11,       0.115,           0,             0
    579,         1,        34,          0.04,         0,      0.08,      0.1175,     0.115,        0.12,           0,             0
    580,         2,        34,          0.12,      0.08,      0.16,      0.1175,     0.115,        0.12,     1529.12,       548.705
    581,         3,        34,           0.2,      0.16,      0.24,      0.1175,     0.115,        0.12,     5284.04,       650.778
    582,         4,        34,          0.28,      0.24,      0.32,      0.1175,     0.115,        0.12,     779.822,       51.4533
    583,         5,        34,          0.36,      0.32,       0.4,      0.1175,     0.115,        0.12,     102.614,       5.15356
    584,         6,        34,          0.44,       0.4,      0.48,      0.1175,     0.115,        0.12,     22.3552,       1.27224
    585,         7,        34,          0.52,      0.48,      0.56,      0.1175,     0.115,        0.12,     6.14001,      0.423873
    586,         8,        34,           0.6,      0.56,      0.64,      0.1175,     0.115,        0.12,     1.70502,      0.152928
    587,         9,        34,          0.68,      0.64,      0.72,      0.1175,     0.115,        0.12,     0.43323,     0.0612863
    588,        10,        34,          0.76,      0.72,       0.8,      0.1175,     0.115,        0.12,   0.0285117,     0.0113012
    589,        11,        34,          0.84,       0.8,      0.88,      0.1175,     0.115,        0.12,           0,             0
    590,        12,        34,          0.92,      0.88,      0.96,      0.1175,     0.115,        0.12,           0,             0
    591,        13,        34,             1,      0.96,      1.04,      0.1175,     0.115,        0.12,           0,             0
    592,        14,        34,          1.08,      1.04,      1.12,      0.1175,     0.115,        0.12,           0,             0
    593,        15,        34,          1.16,      1.12,       1.2,      0.1175,     0.115,        0.12,           0,             0
    596,         1,        35,          0.04,         0,      0.08,      0.1225,      0.12,       0.125,           0,             0
    597,         2,        35,          0.12,      0.08,      0.16,      0.1225,      0.12,       0.125,     1681.37,       691.089
    598,         3,        35,           0.2,      0.16,      0.24,      0.1225,      0.12,       0.125,     5210.55,       759.841
    599,         4,        35,          0.28,      0.24,      0.32,      0.1225,      0.12,       0.125,      848.93,       57.5585
    600,         5,        35,          0.36,      0.32,       0.4,      0.1225,      0.12,       0.125,     107.335,       5.61599
    601,         6,        35,          0.44,       0.4,      0.48,      0.1225,      0.12,       0.125,     25.2014,       1.39374
    602,         7,        35,          0.52,      0.48,      0.56,      0.1225,      0.12,       0.125,     7.44234,      0.496799
    603,         8,        35,           0.6,      0.56,      0.64,      0.1225,      0.12,       0.125,     1.82041,      0.169195
    604,         9,        35,          0.68,      0.64,      0.72,      0.1225,      0.12,       0.125,    0.479968,     0.0646349
    605,        10,        35,          0.76,      0.72,       0.8,      0.1225,      0.12,       0.125,   0.0777966,     0.0197526
    606,        11,        35,          0.84,       0.8,      0.88,      0.1225,      0.12,       0.125,           0,             0
    607,        12,        35,          0.92,      0.88,      0.96,      0.1225,      0.12,       0.125,           0,             0
    608,        13,        35,             1,      0.96,      1.04,      0.1225,      0.12,       0.125,           0,             0
    609,        14,        35,          1.08,      1.04,      1.12,      0.1225,      0.12,       0.125,           0,             0
    610,        15,        35,          1.16,      1.12,       1.2,      0.1225,      0.12,       0.125,           0,             0
    613,         1,        36,          0.04,         0,      0.08,      0.1275,     0.125,        0.13,           0,             0
    614,         2,        36,          0.12,      0.08,      0.16,      0.1275,     0.125,        0.13,      2815.9,        1180.1
    615,         3,        36,           0.2,      0.16,      0.24,      0.1275,     0.125,        0.13,     4157.88,       633.135
    616,         4,        36,          0.28,      0.24,      0.32,      0.1275,     0.125,        0.13,       909.1,        67.978
    617,         5,        36,          0.36,      0.32,       0.4,      0.1275,     0.125,        0.13,     118.976,       6.61027
    618,         6,        36,          0.44,       0.4,      0.48,      0.1275,     0.125,        0.13,     25.6458,       1.48227
    619,         7,        36,          0.52,      0.48,      0.56,      0.1275,     0.125,        0.13,      7.9414,      0.560172
    620,         8,        36,           0.6,      0.56,      0.64,      0.1275,     0.125,        0.13,     2.09114,       0.18935
    621,         9,        36,          0.68,      0.64,      0.72,      0.1275,     0.125,        0.13,    0.413134,     0.0596964
    622,        10,        36,          0.76,      0.72,       0.8,      0.1275,     0.125,        0.13,    0.073225,     0.0183598
    623,        11,        36,          0.84,       0.8,      0.88,      0.1275,     0.125,        0.13,           0,             0
    624,        12,        36,          0.92,      0.88,      0.96,      0.1275,     0.125,        0.13,           0,             0
    625,        13,        36,             1,      0.96,      1.04,      0.1275,     0.125,        0.13,           0,             0
    626,        14,        36,          1.08,      1.04,      1.12,      0.1275,     0.125,        0.13,           0,             0
    627,        15,        36,          1.16,      1.12,       1.2,      0.1275,     0.125,        0.13,           0,             0
    630,         1,        37,          0.04,         0,      0.08,      0.1325,      0.13,       0.135,           0,             0
    631,         2,        37,          0.12,      0.08,      0.16,      0.1325,      0.13,       0.135,     1258.46,       698.245
    632,         3,        37,           0.2,      0.16,      0.24,      0.1325,      0.13,       0.135,     5169.23,       773.175
    633,         4,        37,          0.28,      0.24,      0.32,      0.1325,      0.13,       0.135,     1026.96,       84.9753
    634,         5,        37,          0.36,      0.32,       0.4,      0.1325,      0.13,       0.135,     135.956,       7.49175
    635,         6,        37,          0.44,       0.4,      0.48,      0.1325,      0.13,       0.135,     28.4767,       1.64586
    636,         7,        37,          0.52,      0.48,      0.56,      0.1325,      0.13,       0.135,     8.14851,      0.529804
    637,         8,        37,           0.6,      0.56,      0.64,      0.1325,      0.13,       0.135,     2.15274,      0.188551
    638,         9,        37,          0.68,      0.64,      0.72,      0.1325,      0.13,       0.135,    0.402045,     0.0573667
    639,        10,        37,          0.76,      0.72,       0.8,      0.1325,      0.13,       0.135,   0.0662051,     0.0182142
    640,        11,        37,          0.84,       0.8,      0.88,      0.1325,      0.13,       0.135,           0,             0
    641,        12,        37,          0.92,      0.88,      0.96,      0.1325,      0.13,       0.135,           0,             0
    642,        13,        37,             1,      0.96,      1.04,      0.1325,      0.13,       0.135,           0,             0
    643,        14,        37,          1.08,      1.04,      1.12,      0.1325,      0.13,       0.135,           0,             0
    644,        15,        37,          1.16,      1.12,       1.2,      0.1325,      0.13,       0.135,           0,             0
    647,         1,        38,          0.04,         0,      0.08,      0.1375,     0.135,        0.14,           0,             0
    648,         2,        38,          0.12,      0.08,      0.16,      0.1375,     0.135,        0.14,           0,             0
    649,         3,        38,           0.2,      0.16,      0.24,      0.1375,     0.135,        0.14,     5410.56,       1030.24
    650,         4,        38,          0.28,      0.24,      0.32,      0.1375,     0.135,        0.14,     1134.79,       96.4923
    651,         5,        38,          0.36,      0.32,       0.4,      0.1375,     0.135,        0.14,     144.503,       7.75248
    652,         6,        38,          0.44,       0.4,      0.48,      0.1375,     0.135,        0.14,     33.2708,       1.90487
    653,         7,        38,          0.52,      0.48,      0.56,      0.1375,     0.135,        0.14,     8.24297,      0.562759
    654,         8,        38,           0.6,      0.56,      0.64,      0.1375,     0.135,        0.14,     2.31433,      0.209053
    655,         9,        38,          0.68,      0.64,      0.72,      0.1375,     0.135,        0.14,     0.54995,     0.0706592
    656,        10,        38,          0.76,      0.72,       0.8,      0.1375,     0.135,        0.14,   0.0498904,     0.0139281
    657,        11,        38,          0.84,       0.8,      0.88,      0.1375,     0.135,        0.14,  0.00600466,    0.00425122
    658,        12,        38,          0.92,      0.88,      0.96,      0.1375,     0.135,        0.14,           0,             0
    659,        13,        38,             1,      0.96,      1.04,      0.1375,     0.135,        0.14,           0,             0
    660,        14,        38,          1.08,      1.04,      1.12,      0.1375,     0.135,        0.14,           0,             0
    661,        15,        38,          1.16,      1.12,       1.2,      0.1375,     0.135,        0.14,           0,             0
    664,         1,        39,          0.04,         0,      0.08,      0.1425,      0.14,       0.145,           0,             0
    665,         2,        39,          0.12,      0.08,      0.16,      0.1425,      0.14,       0.145,           0,             0
    666,         3,        39,           0.2,      0.16,      0.24,      0.1425,      0.14,       0.145,     5129.64,       889.012
    667,         4,        39,          0.28,      0.24,      0.32,      0.1425,      0.14,       0.145,     1174.29,       114.659
    668,         5,        39,          0.36,      0.32,       0.4,      0.1425,      0.14,       0.145,     168.087,       10.0279
    669,         6,        39,          0.44,       0.4,      0.48,      0.1425,      0.14,       0.145,     32.9861,       1.94376
    670,         7,        39,          0.52,      0.48,      0.56,      0.1425,      0.14,       0.145,     8.75915,       0.58014
    671,         8,        39,           0.6,      0.56,      0.64,      0.1425,      0.14,       0.145,     2.41745,      0.212024
    672,         9,        39,          0.68,      0.64,      0.72,      0.1425,      0.14,       0.145,    0.582087,     0.0744182
    673,        10,        39,          0.76,      0.72,       0.8,      0.1425,      0.14,       0.145,   0.0966466,     0.0222714
    674,        11,        39,          0.84,       0.8,      0.88,      0.1425,      0.14,       0.145,           0,             0
    675,        12,        39,          0.92,      0.88,      0.96,      0.1425,      0.14,       0.145,           0,             0
    676,        13,        39,             1,      0.96,      1.04,      0.1425,      0.14,       0.145,           0,             0
    677,        14,        39,          1.08,      1.04,      1.12,      0.1425,      0.14,       0.145,           0,             0
    678,        15,        39,          1.16,      1.12,       1.2,      0.1425,      0.14,       0.145,           0,             0
    681,         1,        40,          0.04,         0,      0.08,      0.1475,     0.145,        0.15,           0,             0
    682,         2,        40,          0.12,      0.08,      0.16,      0.1475,     0.145,        0.15,     476.641,       476.641
    683,         3,        40,           0.2,      0.16,      0.24,      0.1475,     0.145,        0.15,     7859.08,       1723.64
    684,         4,        40,          0.28,      0.24,      0.32,      0.1475,     0.145,        0.15,     1357.09,       116.964
    685,         5,        40,          0.36,      0.32,       0.4,      0.1475,     0.145,        0.15,     190.577,       10.7718
    686,         6,        40,          0.44,       0.4,      0.48,      0.1475,     0.145,        0.15,     35.1555,       2.08943
    687,         7,        40,          0.52,      0.48,      0.56,      0.1475,     0.145,        0.15,     8.99625,      0.651843
    688,         8,        40,           0.6,      0.56,      0.64,      0.1475,     0.145,        0.15,     2.13067,      0.197252
    689,         9,        40,          0.68,      0.64,      0.72,      0.1475,     0.145,        0.15,    0.486223,     0.0659836
    690,        10,        40,          0.76,      0.72,       0.8,      0.1475,     0.145,        0.15,   0.0834525,     0.0206075
    691,        11,        40,          0.84,       0.8,      0.88,      0.1475,     0.145,        0.15,           0,             0
    692,        12,        40,          0.92,      0.88,      0.96,      0.1475,     0.145,        0.15,           0,             0
    693,        13,        40,             1,      0.96,      1.04,      0.1475,     0.145,        0.15,           0,             0
    694,        14,        40,          1.08,      1.04,      1.12,      0.1475,     0.145,        0.15,           0,             0
    695,        15,        40,          1.16,      1.12,       1.2,      0.1475,     0.145,        0.15,           0,             0
    698,         1,        41,          0.04,         0,      0.08,      0.1525,      0.15,       0.155,           0,             0
    699,         2,        41,          0.12,      0.08,      0.16,      0.1525,      0.15,       0.155,     959.374,       959.374
    700,         3,        41,           0.2,      0.16,      0.24,      0.1525,      0.15,       0.155,     6859.18,       1358.42
    701,         4,        41,          0.28,      0.24,      0.32,      0.1525,      0.15,       0.155,     1498.27,       143.692
    702,         5,        41,          0.36,      0.32,       0.4,      0.1525,      0.15,       0.155,     215.174,       12.8952
    703,         6,        41,          0.44,       0.4,      0.48,      0.1525,      0.15,       0.155,     36.7012,       2.21126
    704,         7,        41,          0.52,      0.48,      0.56,      0.1525,      0.15,       0.155,     10.7381,      0.734913
    705,         8,        41,           0.6,      0.56,      0.64,      0.1525,      0.15,       0.155,     2.29502,      0.212103
    706,         9,        41,          0.68,      0.64,      0.72,      0.1525,      0.15,       0.155,    0.644459,     0.0848657
    707,        10,        41,          0.76,      0.72,       0.8,      0.1525,      0.15,       0.155,    0.105518,     0.0249849
    708,        11,        41,          0.84,       0.8,      0.88,      0.1525,      0.15,       0.155,           0,             0
    709,        12,        41,          0.92,      0.88,      0.96,      0.1525,      0.15,       0.155,           0,             0
    710,        13,        41,             1,      0.96,      1.04,      0.1525,      0.15,       0.155,           0,             0
    711,        14,        41,          1.08,      1.04,      1.12,      0.1525,      0.15,       0.155,           0,             0
    712,        15,        41,          1.16,      1.12,       1.2,      0.1525,      0.15,       0.155,           0,             0
    715,         1,        42,          0.04,         0,      0.08,      0.1575,     0.155,        0.16,           0,             0
    716,         2,        42,          0.12,      0.08,      0.16,      0.1575,     0.155,        0.16,           0,             0
    717,         3,        42,           0.2,      0.16,      0.24,      0.1575,     0.155,        0.16,      3629.4,       739.571
    718,         4,        42,          0.28,      0.24,      0.32,      0.1575,     0.155,        0.16,     2040.85,       224.567
    719,         5,        42,          0.36,      0.32,       0.4,      0.1575,     0.155,        0.16,     247.201,        14.986
    720,         6,        42,          0.44,       0.4,      0.48,      0.1575,     0.155,        0.16,     39.8165,       2.27324
    721,         7,        42,          0.52,      0.48,      0.56,      0.1575,     0.155,        0.16,     10.8627,      0.763449
    722,         8,        42,           0.6,      0.56,      0.64,      0.1575,     0.155,        0.16,      2.9182,      0.257329
    723,         9,        42,          0.68,      0.64,      0.72,      0.1575,     0.155,        0.16,    0.703435,     0.0916132
    724,        10,        42,          0.76,      0.72,       0.8,      0.1575,     0.155,        0.16,    0.110444,     0.0256041
    725,        11,        42,          0.84,       0.8,      0.88,      0.1575,     0.155,        0.16,  0.00369185,    0.00369185
    726,        12,        42,          0.92,      0.88,      0.96,      0.1575,     0.155,        0.16,           0,             0
    727,        13,        42,             1,      0.96,      1.04,      0.1575,     0.155,        0.16,           0,             0
    728,        14,        42,          1.08,      1.04,      1.12,      0.1575,     0.155,        0.16,           0,             0
    729,        15,        42,          1.16,      1.12,       1.2,      0.1575,     0.155,        0.16,           0,             0
    732,         1,        43,          0.04,         0,      0.08,      0.1625,      0.16,       0.165,           0,             0
    733,         2,        43,          0.12,      0.08,      0.16,      0.1625,      0.16,       0.165,           0,             0
    734,         3,        43,           0.2,      0.16,      0.24,      0.1625,      0.16,       0.165,     4625.54,       1279.15
    735,         4,        43,          0.28,      0.24,      0.32,      0.1625,      0.16,       0.165,     2041.92,       274.473
    736,         5,        43,          0.36,      0.32,       0.4,      0.1625,      0.16,       0.165,      268.11,       19.5118
    737,         6,        43,          0.44,       0.4,      0.48,      0.1625,      0.16,       0.165,     45.6153,        2.6311
    738,         7,        43,          0.52,      0.48,      0.56,      0.1625,      0.16,       0.165,     10.4308,      0.749168
    739,         8,        43,           0.6,      0.56,      0.64,      0.1625,      0.16,       0.165,     3.14198,      0.258935
    740,         9,        43,          0.68,      0.64,      0.72,      0.1625,      0.16,       0.165,    0.713388,     0.0926096
    741,        10,        43,          0.76,      0.72,       0.8,      0.1625,      0.16,       0.165,    0.168806,     0.0349506
    742,        11,        43,          0.84,       0.8,      0.88,      0.1625,      0.16,       0.165,  0.00539186,    0.00435226
    743,        12,        43,          0.92,      0.88,      0.96,      0.1625,      0.16,       0.165,           0,             0
    744,        13,        43,             1,      0.96,      1.04,      0.1625,      0.16,       0.165,           0,             0
    745,        14,        43,          1.08,      1.04,      1.12,      0.1625,      0.16,       0.165,           0,             0
    746,        15,        43,          1.16,      1.12,       1.2,      0.1625,      0.16,       0.165,           0,             0
    749,         1,        44,          0.04,         0,      0.08,      0.1675,     0.165,        0.17,           0,             0
    750,         2,        44,          0.12,      0.08,      0.16,      0.1675,     0.165,        0.17,           0,             0
    751,         3,        44,           0.2,      0.16,      0.24,      0.1675,     0.165,        0.17,     4877.92,       1185.41
    752,         4,        44,          0.28,      0.24,      0.32,      0.1675,     0.165,        0.17,     2957.48,       389.995
    753,         5,        44,          0.36,      0.32,       0.4,      0.1675,     0.165,        0.17,     287.099,       21.5279
    754,         6,        44,          0.44,       0.4,      0.48,      0.1675,     0.165,        0.17,     45.3649,       2.62719
    755,         7,        44,          0.52,      0.48,      0.56,      0.1675,     0.165,        0.17,      10.791,      0.744724
    756,         8,        44,           0.6,      0.56,      0.64,      0.1675,     0.165,        0.17,      2.9042,      0.249684
    757,         9,        44,          0.68,      0.64,      0.72,      0.1675,     0.165,        0.17,    0.633711,     0.0875715
    758,        10,        44,          0.76,      0.72,       0.8,      0.1675,     0.165,        0.17,    0.113753,     0.0270701
    759,        11,        44,          0.84,       0.8,      0.88,      0.1675,     0.165,        0.17,  0.00590522,    0.00439393
    760,        12,        44,          0.92,      0.88,      0.96,      0.1675,     0.165,        0.17,           0,             0
    761,        13,        44,             1,      0.96,      1.04,      0.1675,     0.165,        0.17,           0,             0
    762,        14,        44,          1.08,      1.04,      1.12,      0.1675,     0.165,        0.17,           0,             0
    763,        15,        44,          1.16,      1.12,       1.2,      0.1675,     0.165,        0.17,           0,             0
    766,         1,        45,          0.04,         0,      0.08,      0.1725,      0.17,       0.175,           0,             0
    767,         2,        45,          0.12,      0.08,      0.16,      0.1725,      0.17,       0.175,           0,             0
    768,         3,        45,           0.2,      0.16,      0.24,      0.1725,      0.17,       0.175,     1778.16,       656.613
    769,         4,        45,          0.28,      0.24,      0.32,      0.1725,      0.17,       0.175,     2182.75,       292.526
    770,         5,        45,          0.36,      0.32,       0.4,      0.1725,      0.17,       0.175,     356.965,       27.3442
    771,         6,        45,          0.44,       0.4,      0.48,      0.1725,      0.17,       0.175,     51.6592,       3.12607
    772,         7,        45,          0.52,      0.48,      0.56,      0.1725,      0.17,       0.175,     13.2822,      0.917402
    773,         8,        45,           0.6,      0.56,      0.64,      0.1725,      0.17,       0.175,     3.46735,      0.294936
    774,         9,        45,          0.68,      0.64,      0.72,      0.1725,      0.17,       0.175,    0.963898,      0.108234
    775,        10,        45,          0.76,      0.72,       0.8,      0.1725,      0.17,       0.175,    0.157871,     0.0338213
    776,        11,        45,          0.84,       0.8,      0.88,      0.1725,      0.17,       0.175,   0.0110797,    0.00677952
    777,        12,        45,          0.92,      0.88,      0.96,      0.1725,      0.17,       0.175,           0,             0
    778,        13,        45,             1,      0.96,      1.04,      0.1725,      0.17,       0.175,           0,             0
    779,        14,        45,          1.08,      1.04,      1.12,      0.1725,      0.17,       0.175,           0,             0
    780,        15,        45,          1.16,      1.12,       1.2,      0.1725,      0.17,       0.175,           0,             0
    783,         1,        46,          0.04,         0,      0.08,      0.1775,     0.175,        0.18,           0,             0
    784,         2,        46,          0.12,      0.08,      0.16,      0.1775,     0.175,        0.18,           0,             0
    785,         3,        46,           0.2,      0.16,      0.24,      0.1775,     0.175,        0.18,     2088.52,       773.187
    786,         4,        46,          0.28,      0.24,      0.32,      0.1775,     0.175,        0.18,     3511.24,       580.082
    787,         5,        46,          0.36,      0.32,       0.4,      0.1775,     0.175,        0.18,     343.718,       24.4893
    788,         6,        46,          0.44,       0.4,      0.48,      0.1775,     0.175,        0.18,     57.8685,       3.66894
    789,         7,        46,          0.52,      0.48,      0.56,      0.1775,     0.175,        0.18,     13.0818,      0.910169
    790,         8,        46,           0.6,      0.56,      0.64,      0.1775,     0.175,        0.18,     3.78138,      0.312741
    791,         9,        46,          0.68,      0.64,      0.72,      0.1775,     0.175,        0.18,     0.89163,      0.109978
    792,        10,        46,          0.76,      0.72,       0.8,      0.1775,     0.175,        0.18,    0.171831,     0.0366018
    793,        11,        46,          0.84,       0.8,      0.88,      0.1775,     0.175,        0.18,   0.0135812,     0.0068775
    794,        12,        46,          0.92,      0.88,      0.96,      0.1775,     0.175,        0.18,           0,             0
    795,        13,        46,             1,      0.96,      1.04,      0.1775,     0.175,        0.18,           0,             0
    796,        14,        46,          1.08,      1.04,      1.12,      0.1775,     0.175,        0.18,           0,             0
    797,        15,        46,          1.16,      1.12,       1.2,      0.1775,     0.175,        0.18,           0,             0
    800,         1,        47,          0.04,         0,      0.08,      0.1825,      0.18,       0.185,           0,             0
    801,         2,        47,          0.12,      0.08,      0.16,      0.1825,      0.18,       0.185,           0,             0
    802,         3,        47,           0.2,      0.16,      0.24,      0.1825,      0.18,       0.185,     2675.16,       1192.46
    803,         4,        47,          0.28,      0.24,      0.32,      0.1825,      0.18,       0.185,     3421.04,       453.446
    804,         5,        47,          0.36,      0.32,       0.4,      0.1825,      0.18,       0.185,     457.015,       35.6206
    805,         6,        47,          0.44,       0.4,      0.48,      0.1825,      0.18,       0.185,     64.1557,       4.24334
    806,         7,        47,          0.52,      0.48,      0.56,      0.1825,      0.18,       0.185,     14.5433,       0.98894
    807,         8,        47,           0.6,      0.56,      0.64,      0.1825,      0.18,       0.185,     4.08677,        0.3477
    808,         9,        47,          0.68,      0.64,      0.72,      0.1825,      0.18,       0.185,    0.947749,      0.117465
    809,        10,        47,          0.76,      0.72,       0.8,      0.1825,      0.18,       0.185,    0.151018,     0.0328598
    810,        11,        47,          0.84,       0.8,      0.88,      0.1825,      0.18,       0.185,  0.00777663,    0.00460083
    811,        12,        47,          0.92,      0.88,      0.96,      0.1825,      0.18,       0.185,           0,             0
    812,        13,        47,             1,      0.96,      1.04,      0.1825,      0.18,       0.185,           0,             0
    813,        14,        47,          1.08,      1.04,      1.12,      0.1825,      0.18,       0.185,           0,             0
    814,        15,        47,          1.16,      1.12,       1.2,      0.1825,      0.18,       0.185,           0,             0
    817,         1,        48,          0.04,         0,      0.08,      0.1875,     0.185,        0.19,           0,             0
    818,         2,        48,          0.12,      0.08,      0.16,      0.1875,     0.185,        0.19,           0,             0
    819,         3,        48,           0.2,      0.16,      0.24,      0.1875,     0.185,        0.19,     1058.14,       568.271
    820,         4,        48,          0.28,      0.24,      0.32,      0.1875,     0.185,        0.19,     3050.95,       432.968
    821,         5,        48,          0.36,      0.32,       0.4,      0.1875,     0.185,        0.19,     513.151,       42.3929
    822,         6,        48,          0.44,       0.4,      0.48,      0.1875,     0.185,        0.19,     77.3818,       4.94828
    823,         7,        48,          0.52,      0.48,      0.56,      0.1875,     0.185,        0.19,      16.078,       1.15074
    824,         8,        48,           0.6,      0.56,      0.64,      0.1875,     0.185,        0.19,     5.42609,      0.408918
    825,         9,        48,          0.68,      0.64,      0.72,      0.1875,     0.185,        0.19,    0.810836,      0.106042
    826,        10,        48,          0.76,      0.72,       0.8,      0.1875,     0.185,        0.19,    0.165166,     0.0339731
    827,        11,        48,          0.84,       0.8,      0.88,      0.1875,     0.185,        0.19,   0.0102655,    0.00589806
    828,        12,        48,          0.92,      0.88,      0.96,      0.1875,     0.185,        0.19,  0.00185315,    0.00185315
    829,        13,        48,             1,      0.96,      1.04,      0.1875,     0.185,        0.19,           0,             0
    830,        14,        48,          1.08,      1.04,      1.12,      0.1875,     0.185,        0.19,           0,             0
    831,        15,        48,          1.16,      1.12,       1.2,      0.1875,     0.185,        0.19,           0,             0
    834,         1,        49,          0.04,         0,      0.08,      0.1925,      0.19,       0.195,           0,             0
    835,         2,        49,          0.12,      0.08,      0.16,      0.1925,      0.19,       0.195,           0,             0
    836,         3,        49,           0.2,      0.16,      0.24,      0.1925,      0.19,       0.195,     563.789,       389.628
    837,         4,        49,          0.28,      0.24,      0.32,      0.1925,      0.19,       0.195,     4575.57,       828.866
    838,         5,        49,          0.36,      0.32,       0.4,      0.1925,      0.19,       0.195,     478.359,       42.5246
    839,         6,        49,          0.44,       0.4,      0.48,      0.1925,      0.19,       0.195,     74.1228,       4.83981
    840,         7,        49,          0.52,      0.48,      0.56,      0.1925,      0.19,       0.195,     17.8172,       1.22511
    841,         8,        49,           0.6,      0.56,      0.64,      0.1925,      0.19,       0.195,     5.06906,      0.421243
    842,         9,        49,          0.68,      0.64,      0.72,      0.1925,      0.19,       0.195,     1.08661,      0.124062
    843,        10,        49,          0.76,      0.72,       0.8,      0.1925,      0.19,       0.195,    0.192449,     0.0408848
    844,        11,        49,          0.84,       0.8,      0.88,      0.1925,      0.19,       0.195,   0.0275569,     0.0113585
    845,        12,        49,          0.92,      0.88,      0.96,      0.1925,      0.19,       0.195,           0,             0
    846,        13,        49,             1,      0.96,      1.04,      0.1925,      0.19,       0.195,           0,             0
    847,        14,        49,          1.08,      1.04,      1.12,      0.1925,      0.19,       0.195,           0,             0
    848,        15,        49,          1.16,      1.12,       1.2,      0.1925,      0.19,       0.195,           0,             0
    851,         1,        50,          0.04,         0,      0.08,      0.1975,     0.195,         0.2,           0,             0
    852,         2,        50,          0.12,      0.08,      0.16,      0.1975,     0.195,         0.2,           0,             0
    853,         3,        50,           0.2,      0.16,      0.24,      0.1975,     0.195,         0.2,     1480.75,       927.058
    854,         4,        50,          0.28,      0.24,      0.32,      0.1975,     0.195,         0.2,        3582,        692.98
    855,         5,        50,          0.36,      0.32,       0.4,      0.1975,     0.195,         0.2,     790.171,       87.4311
    856,         6,        50,          0.44,       0.4,      0.48,      0.1975,     0.195,         0.2,     87.9702,       6.04187
    857,         7,        50,          0.52,      0.48,      0.56,      0.1975,     0.195,         0.2,     20.1331,       1.39655
    858,         8,        50,           0.6,      0.56,      0.64,      0.1975,     0.195,         0.2,     5.51526,      0.463149
    859,         9,        50,          0.68,      0.64,      0.72,      0.1975,     0.195,         0.2,        1.06,      0.124779
    860,        10,        50,          0.76,      0.72,       0.8,      0.1975,     0.195,         0.2,    0.247893,     0.0425561
    861,        11,        50,          0.84,       0.8,      0.88,      0.1975,     0.195,         0.2,   0.0055578,    0.00426046
    862,        12,        50,          0.92,      0.88,      0.96,      0.1975,     0.195,         0.2,           0,             0
    863,        13,        50,             1,      0.96,      1.04,      0.1975,     0.195,         0.2,           0,             0
    864,        14,        50,          1.08,      1.04,      1.12,      0.1975,     0.195,         0.2,           0,             0
    865,        15,        50,          1.16,      1.12,       1.2,      0.1975,     0.195,         0.2,           0,             0
