# 2D Histogram Bin Extraction 
#                   
# histogram parameters:  
# title      : Em_nuc vs. Pm 
# ybins      : 50 
# ylabel     :  
# xbins      : 15 
# xlabel     :  
# ybin_width : 0.005 
# xbin_width : 0.080 
#                   
# header definitions:
# ib:         (x,y)  bin number 
# xb:         x-axis bin number 
# yb:         y-axis bin number 
# x0:         x-axis central bin value 
# xlow:       x-axis low-edge bin value 
# xup:        x-axis up-edge bin value 
# y0:         y-axis central bin value 
# ylow:       y-axis low-edge bin value 
# yup:        y-axis up-edge bin value 
# zcont:      bin content (z-axis) 
# zcont_err:  bin content error (z-axis) 
#                                        
ib,xb,yb,x0,xlow,xup,y0,ylow,yup,zcont,zcont_err
     18,         1,         1,          0.04,         0,      0.08,     -0.0475,     -0.05,      -0.045,           0,             0
     19,         2,         1,          0.12,      0.08,      0.16,     -0.0475,     -0.05,      -0.045,     18.0236,       9.13166
     20,         3,         1,           0.2,      0.16,      0.24,     -0.0475,     -0.05,      -0.045,     167.658,       32.8638
     21,         4,         1,          0.28,      0.24,      0.32,     -0.0475,     -0.05,      -0.045,      91.395,       12.7871
     22,         5,         1,          0.36,      0.32,       0.4,     -0.0475,     -0.05,      -0.045,     6.93335,       1.78499
     23,         6,         1,          0.44,       0.4,      0.48,     -0.0475,     -0.05,      -0.045,    0.874965,     0.0844227
     24,         7,         1,          0.52,      0.48,      0.56,     -0.0475,     -0.05,      -0.045,    0.118978,     0.0121917
     25,         8,         1,           0.6,      0.56,      0.64,     -0.0475,     -0.05,      -0.045,  0.00287944,    0.00150962
     26,         9,         1,          0.68,      0.64,      0.72,     -0.0475,     -0.05,      -0.045, 5.60482e-05,   5.60482e-05
     27,        10,         1,          0.76,      0.72,       0.8,     -0.0475,     -0.05,      -0.045,           0,             0
     28,        11,         1,          0.84,       0.8,      0.88,     -0.0475,     -0.05,      -0.045,           0,             0
     29,        12,         1,          0.92,      0.88,      0.96,     -0.0475,     -0.05,      -0.045,           0,             0
     30,        13,         1,             1,      0.96,      1.04,     -0.0475,     -0.05,      -0.045,           0,             0
     31,        14,         1,          1.08,      1.04,      1.12,     -0.0475,     -0.05,      -0.045,           0,             0
     32,        15,         1,          1.16,      1.12,       1.2,     -0.0475,     -0.05,      -0.045,           0,             0
     35,         1,         2,          0.04,         0,      0.08,     -0.0425,    -0.045,       -0.04,           0,             0
     36,         2,         2,          0.12,      0.08,      0.16,     -0.0425,    -0.045,       -0.04,     40.1953,        15.932
     37,         3,         2,           0.2,      0.16,      0.24,     -0.0425,    -0.045,       -0.04,     206.989,       42.0487
     38,         4,         2,          0.28,      0.24,      0.32,     -0.0425,    -0.045,       -0.04,     107.399,       18.3952
     39,         5,         2,          0.36,      0.32,       0.4,     -0.0425,    -0.045,       -0.04,     7.09775,       1.29581
     40,         6,         2,          0.44,       0.4,      0.48,     -0.0425,    -0.045,       -0.04,    0.935049,      0.053517
     41,         7,         2,          0.52,      0.48,      0.56,     -0.0425,    -0.045,       -0.04,    0.147287,     0.0150191
     42,         8,         2,           0.6,      0.56,      0.64,     -0.0425,    -0.045,       -0.04,   0.0016416,   0.000964584
     43,         9,         2,          0.68,      0.64,      0.72,     -0.0425,    -0.045,       -0.04, 1.23377e-05,   1.23377e-05
     44,        10,         2,          0.76,      0.72,       0.8,     -0.0425,    -0.045,       -0.04,           0,             0
     45,        11,         2,          0.84,       0.8,      0.88,     -0.0425,    -0.045,       -0.04,           0,             0
     46,        12,         2,          0.92,      0.88,      0.96,     -0.0425,    -0.045,       -0.04,           0,             0
     47,        13,         2,             1,      0.96,      1.04,     -0.0425,    -0.045,       -0.04,           0,             0
     48,        14,         2,          1.08,      1.04,      1.12,     -0.0425,    -0.045,       -0.04,           0,             0
     49,        15,         2,          1.16,      1.12,       1.2,     -0.0425,    -0.045,       -0.04,           0,             0
     52,         1,         3,          0.04,         0,      0.08,     -0.0375,     -0.04,      -0.035,           0,             0
     53,         2,         3,          0.12,      0.08,      0.16,     -0.0375,     -0.04,      -0.035,     45.2781,       22.5315
     54,         3,         3,           0.2,      0.16,      0.24,     -0.0375,     -0.04,      -0.035,     237.444,       43.4325
     55,         4,         3,          0.28,      0.24,      0.32,     -0.0375,     -0.04,      -0.035,     89.0602,       12.4917
     56,         5,         3,          0.36,      0.32,       0.4,     -0.0375,     -0.04,      -0.035,     6.20292,      0.904707
     57,         6,         3,          0.44,       0.4,      0.48,     -0.0375,     -0.04,      -0.035,    0.923743,     0.0502498
     58,         7,         3,          0.52,      0.48,      0.56,     -0.0375,     -0.04,      -0.035,    0.126175,     0.0143817
     59,         8,         3,           0.6,      0.56,      0.64,     -0.0375,     -0.04,      -0.035,  0.00141748,   0.000749111
     60,         9,         3,          0.68,      0.64,      0.72,     -0.0375,     -0.04,      -0.035, 6.51745e-05,   6.51745e-05
     61,        10,         3,          0.76,      0.72,       0.8,     -0.0375,     -0.04,      -0.035,           0,             0
     62,        11,         3,          0.84,       0.8,      0.88,     -0.0375,     -0.04,      -0.035,           0,             0
     63,        12,         3,          0.92,      0.88,      0.96,     -0.0375,     -0.04,      -0.035,           0,             0
     64,        13,         3,             1,      0.96,      1.04,     -0.0375,     -0.04,      -0.035,           0,             0
     65,        14,         3,          1.08,      1.04,      1.12,     -0.0375,     -0.04,      -0.035,           0,             0
     66,        15,         3,          1.16,      1.12,       1.2,     -0.0375,     -0.04,      -0.035,           0,             0
     69,         1,         4,          0.04,         0,      0.08,     -0.0325,    -0.035,       -0.03,           0,             0
     70,         2,         4,          0.12,      0.08,      0.16,     -0.0325,    -0.035,       -0.03,     109.133,       28.7769
     71,         3,         4,           0.2,      0.16,      0.24,     -0.0325,    -0.035,       -0.03,     352.761,       49.8224
     72,         4,         4,          0.28,      0.24,      0.32,     -0.0325,    -0.035,       -0.03,     146.393,       19.5193
     73,         5,         4,          0.36,      0.32,       0.4,     -0.0325,    -0.035,       -0.03,      5.8835,      0.687339
     74,         6,         4,          0.44,       0.4,      0.48,     -0.0325,    -0.035,       -0.03,    0.958057,     0.0590248
     75,         7,         4,          0.52,      0.48,      0.56,     -0.0325,    -0.035,       -0.03,    0.142976,     0.0174826
     76,         8,         4,           0.6,      0.56,      0.64,     -0.0325,    -0.035,       -0.03,  0.00165961,   0.000848547
     77,         9,         4,          0.68,      0.64,      0.72,     -0.0325,    -0.035,       -0.03, 1.10074e-05,   1.10074e-05
     78,        10,         4,          0.76,      0.72,       0.8,     -0.0325,    -0.035,       -0.03,           0,             0
     79,        11,         4,          0.84,       0.8,      0.88,     -0.0325,    -0.035,       -0.03,           0,             0
     80,        12,         4,          0.92,      0.88,      0.96,     -0.0325,    -0.035,       -0.03,           0,             0
     81,        13,         4,             1,      0.96,      1.04,     -0.0325,    -0.035,       -0.03,           0,             0
     82,        14,         4,          1.08,      1.04,      1.12,     -0.0325,    -0.035,       -0.03,           0,             0
     83,        15,         4,          1.16,      1.12,       1.2,     -0.0325,    -0.035,       -0.03,           0,             0
     86,         1,         5,          0.04,         0,      0.08,     -0.0275,     -0.03,      -0.025,     10.8808,       10.8808
     87,         2,         5,          0.12,      0.08,      0.16,     -0.0275,     -0.03,      -0.025,     137.013,       28.3099
     88,         3,         5,           0.2,      0.16,      0.24,     -0.0275,     -0.03,      -0.025,     423.488,       57.2725
     89,         4,         5,          0.28,      0.24,      0.32,     -0.0275,     -0.03,      -0.025,     117.109,        16.819
     90,         5,         5,          0.36,      0.32,       0.4,     -0.0275,     -0.03,      -0.025,     6.14074,      0.676344
     91,         6,         5,          0.44,       0.4,      0.48,     -0.0275,     -0.03,      -0.025,     1.13291,     0.0594799
     92,         7,         5,          0.52,      0.48,      0.56,     -0.0275,     -0.03,      -0.025,    0.131437,     0.0128013
     93,         8,         5,           0.6,      0.56,      0.64,     -0.0275,     -0.03,      -0.025,  0.00618311,    0.00378112
     94,         9,         5,          0.68,      0.64,      0.72,     -0.0275,     -0.03,      -0.025, 0.000470254,   0.000376941
     95,        10,         5,          0.76,      0.72,       0.8,     -0.0275,     -0.03,      -0.025,           0,             0
     96,        11,         5,          0.84,       0.8,      0.88,     -0.0275,     -0.03,      -0.025,           0,             0
     97,        12,         5,          0.92,      0.88,      0.96,     -0.0275,     -0.03,      -0.025,           0,             0
     98,        13,         5,             1,      0.96,      1.04,     -0.0275,     -0.03,      -0.025,           0,             0
     99,        14,         5,          1.08,      1.04,      1.12,     -0.0275,     -0.03,      -0.025,           0,             0
    100,        15,         5,          1.16,      1.12,       1.2,     -0.0275,     -0.03,      -0.025,           0,             0
    103,         1,         6,          0.04,         0,      0.08,     -0.0225,    -0.025,       -0.02,      23.464,       13.8671
    104,         2,         6,          0.12,      0.08,      0.16,     -0.0225,    -0.025,       -0.02,     245.636,       42.5517
    105,         3,         6,           0.2,      0.16,      0.24,     -0.0225,    -0.025,       -0.02,     470.895,       60.9095
    106,         4,         6,          0.28,      0.24,      0.32,     -0.0225,    -0.025,       -0.02,     127.747,       11.5639
    107,         5,         6,          0.36,      0.32,       0.4,     -0.0225,    -0.025,       -0.02,     8.23881,       1.72002
    108,         6,         6,          0.44,       0.4,      0.48,     -0.0225,    -0.025,       -0.02,     1.15025,     0.0618532
    109,         7,         6,          0.52,      0.48,      0.56,     -0.0225,    -0.025,       -0.02,    0.121178,     0.0137989
    110,         8,         6,           0.6,      0.56,      0.64,     -0.0225,    -0.025,       -0.02,  0.00304242,    0.00124174
    111,         9,         6,          0.68,      0.64,      0.72,     -0.0225,    -0.025,       -0.02, 3.92163e-06,   3.92163e-06
    112,        10,         6,          0.76,      0.72,       0.8,     -0.0225,    -0.025,       -0.02,           0,             0
    113,        11,         6,          0.84,       0.8,      0.88,     -0.0225,    -0.025,       -0.02,           0,             0
    114,        12,         6,          0.92,      0.88,      0.96,     -0.0225,    -0.025,       -0.02,           0,             0
    115,        13,         6,             1,      0.96,      1.04,     -0.0225,    -0.025,       -0.02,           0,             0
    116,        14,         6,          1.08,      1.04,      1.12,     -0.0225,    -0.025,       -0.02,           0,             0
    117,        15,         6,          1.16,      1.12,       1.2,     -0.0225,    -0.025,       -0.02,           0,             0
    120,         1,         7,          0.04,         0,      0.08,     -0.0175,     -0.02,      -0.015,     15.1011,       11.1476
    121,         2,         7,          0.12,      0.08,      0.16,     -0.0175,     -0.02,      -0.015,     294.207,       50.8038
    122,         3,         7,           0.2,      0.16,      0.24,     -0.0175,     -0.02,      -0.015,     677.229,       75.2436
    123,         4,         7,          0.28,      0.24,      0.32,     -0.0175,     -0.02,      -0.015,      145.82,       18.8751
    124,         5,         7,          0.36,      0.32,       0.4,     -0.0175,     -0.02,      -0.015,     5.47664,      0.399771
    125,         6,         7,          0.44,       0.4,      0.48,     -0.0175,     -0.02,      -0.015,     1.47538,      0.220275
    126,         7,         7,          0.52,      0.48,      0.56,     -0.0175,     -0.02,      -0.015,    0.145922,     0.0136146
    127,         8,         7,           0.6,      0.56,      0.64,     -0.0175,     -0.02,      -0.015,   0.0021807,    0.00131046
    128,         9,         7,          0.68,      0.64,      0.72,     -0.0175,     -0.02,      -0.015, 8.32057e-05,   6.10653e-05
    129,        10,         7,          0.76,      0.72,       0.8,     -0.0175,     -0.02,      -0.015,           0,             0
    130,        11,         7,          0.84,       0.8,      0.88,     -0.0175,     -0.02,      -0.015,           0,             0
    131,        12,         7,          0.92,      0.88,      0.96,     -0.0175,     -0.02,      -0.015,           0,             0
    132,        13,         7,             1,      0.96,      1.04,     -0.0175,     -0.02,      -0.015,           0,             0
    133,        14,         7,          1.08,      1.04,      1.12,     -0.0175,     -0.02,      -0.015,           0,             0
    134,        15,         7,          1.16,      1.12,       1.2,     -0.0175,     -0.02,      -0.015,           0,             0
    137,         1,         8,          0.04,         0,      0.08,     -0.0125,    -0.015,       -0.01,     34.3979,       12.2417
    138,         2,         8,          0.12,      0.08,      0.16,     -0.0125,    -0.015,       -0.01,     539.819,       68.5593
    139,         3,         8,           0.2,      0.16,      0.24,     -0.0125,    -0.015,       -0.01,       652.3,       60.4958
    140,         4,         8,          0.28,      0.24,      0.32,     -0.0125,    -0.015,       -0.01,      147.79,        13.192
    141,         5,         8,          0.36,      0.32,       0.4,     -0.0125,    -0.015,       -0.01,     7.48024,       0.85071
    142,         6,         8,          0.44,       0.4,      0.48,     -0.0125,    -0.015,       -0.01,      1.3429,     0.0749947
    143,         7,         8,          0.52,      0.48,      0.56,     -0.0125,    -0.015,       -0.01,    0.151959,     0.0169011
    144,         8,         8,           0.6,      0.56,      0.64,     -0.0125,    -0.015,       -0.01,  0.00066813,   0.000461815
    145,         9,         8,          0.68,      0.64,      0.72,     -0.0125,    -0.015,       -0.01,           0,             0
    146,        10,         8,          0.76,      0.72,       0.8,     -0.0125,    -0.015,       -0.01,           0,             0
    147,        11,         8,          0.84,       0.8,      0.88,     -0.0125,    -0.015,       -0.01,           0,             0
    148,        12,         8,          0.92,      0.88,      0.96,     -0.0125,    -0.015,       -0.01,           0,             0
    149,        13,         8,             1,      0.96,      1.04,     -0.0125,    -0.015,       -0.01,           0,             0
    150,        14,         8,          1.08,      1.04,      1.12,     -0.0125,    -0.015,       -0.01,           0,             0
    151,        15,         8,          1.16,      1.12,       1.2,     -0.0125,    -0.015,       -0.01,           0,             0
    154,         1,         9,          0.04,         0,      0.08,     -0.0075,     -0.01,      -0.005,     89.9129,       31.7867
    155,         2,         9,          0.12,      0.08,      0.16,     -0.0075,     -0.01,      -0.005,     900.282,       114.058
    156,         3,         9,           0.2,      0.16,      0.24,     -0.0075,     -0.01,      -0.005,     878.296,       72.5887
    157,         4,         9,          0.28,      0.24,      0.32,     -0.0075,     -0.01,      -0.005,     127.685,        11.915
    158,         5,         9,          0.36,      0.32,       0.4,     -0.0075,     -0.01,      -0.005,     5.64381,      0.439724
    159,         6,         9,          0.44,       0.4,      0.48,     -0.0075,     -0.01,      -0.005,     1.50757,     0.0747153
    160,         7,         9,          0.52,      0.48,      0.56,     -0.0075,     -0.01,      -0.005,    0.139772,      0.015361
    161,         8,         9,           0.6,      0.56,      0.64,     -0.0075,     -0.01,      -0.005,   0.0011617,   0.000613587
    162,         9,         9,          0.68,      0.64,      0.72,     -0.0075,     -0.01,      -0.005, 2.63292e-05,   1.91202e-05
    163,        10,         9,          0.76,      0.72,       0.8,     -0.0075,     -0.01,      -0.005,           0,             0
    164,        11,         9,          0.84,       0.8,      0.88,     -0.0075,     -0.01,      -0.005,           0,             0
    165,        12,         9,          0.92,      0.88,      0.96,     -0.0075,     -0.01,      -0.005,           0,             0
    166,        13,         9,             1,      0.96,      1.04,     -0.0075,     -0.01,      -0.005,           0,             0
    167,        14,         9,          1.08,      1.04,      1.12,     -0.0075,     -0.01,      -0.005,           0,             0
    168,        15,         9,          1.16,      1.12,       1.2,     -0.0075,     -0.01,      -0.005,           0,             0
    171,         1,        10,          0.04,         0,      0.08,     -0.0025,    -0.005,           0,     146.318,       37.1787
    172,         2,        10,          0.12,      0.08,      0.16,     -0.0025,    -0.005,           0,     1038.39,         114.1
    173,         3,        10,           0.2,      0.16,      0.24,     -0.0025,    -0.005,           0,     891.859,       67.4791
    174,         4,        10,          0.28,      0.24,      0.32,     -0.0025,    -0.005,           0,     119.949,       11.3852
    175,         5,        10,          0.36,      0.32,       0.4,     -0.0025,    -0.005,           0,     6.42723,      0.399269
    176,         6,        10,          0.44,       0.4,      0.48,     -0.0025,    -0.005,           0,     1.57176,     0.0774722
    177,         7,        10,          0.52,      0.48,      0.56,     -0.0025,    -0.005,           0,    0.175656,      0.017589
    178,         8,        10,           0.6,      0.56,      0.64,     -0.0025,    -0.005,           0,  0.00198359,    0.00115195
    179,         9,        10,          0.68,      0.64,      0.72,     -0.0025,    -0.005,           0, 7.01941e-05,   5.33491e-05
    180,        10,        10,          0.76,      0.72,       0.8,     -0.0025,    -0.005,           0,           0,             0
    181,        11,        10,          0.84,       0.8,      0.88,     -0.0025,    -0.005,           0,           0,             0
    182,        12,        10,          0.92,      0.88,      0.96,     -0.0025,    -0.005,           0,           0,             0
    183,        13,        10,             1,      0.96,      1.04,     -0.0025,    -0.005,           0,           0,             0
    184,        14,        10,          1.08,      1.04,      1.12,     -0.0025,    -0.005,           0,           0,             0
    185,        15,        10,          1.16,      1.12,       1.2,     -0.0025,    -0.005,           0,           0,             0
    188,         1,        11,          0.04,         0,      0.08,      0.0025,         0,       0.005,      312.08,       61.0666
    189,         2,        11,          0.12,      0.08,      0.16,      0.0025,         0,       0.005,     1844.17,        152.34
    190,         3,        11,           0.2,      0.16,      0.24,      0.0025,         0,       0.005,     1108.26,       77.2602
    191,         4,        11,          0.28,      0.24,      0.32,      0.0025,         0,       0.005,     90.6078,       7.77157
    192,         5,        11,          0.36,      0.32,       0.4,      0.0025,         0,       0.005,     7.47608,      0.783078
    193,         6,        11,          0.44,       0.4,      0.48,      0.0025,         0,       0.005,     1.64282,     0.0764062
    194,         7,        11,          0.52,      0.48,      0.56,      0.0025,         0,       0.005,    0.160906,     0.0154209
    195,         8,        11,           0.6,      0.56,      0.64,      0.0025,         0,       0.005,  0.00198211,    0.00113277
    196,         9,        11,          0.68,      0.64,      0.72,      0.0025,         0,       0.005,           0,             0
    197,        10,        11,          0.76,      0.72,       0.8,      0.0025,         0,       0.005,           0,             0
    198,        11,        11,          0.84,       0.8,      0.88,      0.0025,         0,       0.005,           0,             0
    199,        12,        11,          0.92,      0.88,      0.96,      0.0025,         0,       0.005,           0,             0
    200,        13,        11,             1,      0.96,      1.04,      0.0025,         0,       0.005,           0,             0
    201,        14,        11,          1.08,      1.04,      1.12,      0.0025,         0,       0.005,           0,             0
    202,        15,        11,          1.16,      1.12,       1.2,      0.0025,         0,       0.005,           0,             0
    205,         1,        12,          0.04,         0,      0.08,      0.0075,     0.005,        0.01,     719.866,       96.7683
    206,         2,        12,          0.12,      0.08,      0.16,      0.0075,     0.005,        0.01,     2290.56,       160.029
    207,         3,        12,           0.2,      0.16,      0.24,      0.0075,     0.005,        0.01,     1116.09,       80.1556
    208,         4,        12,          0.28,      0.24,      0.32,      0.0075,     0.005,        0.01,     92.0937,       8.34746
    209,         5,        12,          0.36,      0.32,       0.4,      0.0075,     0.005,        0.01,     7.32455,      0.918745
    210,         6,        12,          0.44,       0.4,      0.48,      0.0075,     0.005,        0.01,     1.56391,     0.0807325
    211,         7,        12,          0.52,      0.48,      0.56,      0.0075,     0.005,        0.01,    0.147477,     0.0152317
    212,         8,        12,           0.6,      0.56,      0.64,      0.0075,     0.005,        0.01,  0.00209226,    0.00121489
    213,         9,        12,          0.68,      0.64,      0.72,      0.0075,     0.005,        0.01, 5.71397e-05,     4.349e-05
    214,        10,        12,          0.76,      0.72,       0.8,      0.0075,     0.005,        0.01,           0,             0
    215,        11,        12,          0.84,       0.8,      0.88,      0.0075,     0.005,        0.01,           0,             0
    216,        12,        12,          0.92,      0.88,      0.96,      0.0075,     0.005,        0.01,           0,             0
    217,        13,        12,             1,      0.96,      1.04,      0.0075,     0.005,        0.01,           0,             0
    218,        14,        12,          1.08,      1.04,      1.12,      0.0075,     0.005,        0.01,           0,             0
    219,        15,        12,          1.16,      1.12,       1.2,      0.0075,     0.005,        0.01,           0,             0
    222,         1,        13,          0.04,         0,      0.08,      0.0125,      0.01,       0.015,     979.993,       111.859
    223,         2,        13,          0.12,      0.08,      0.16,      0.0125,      0.01,       0.015,     2535.39,       179.794
    224,         3,        13,           0.2,      0.16,      0.24,      0.0125,      0.01,       0.015,     1166.43,        87.076
    225,         4,        13,          0.28,      0.24,      0.32,      0.0125,      0.01,       0.015,     84.8421,       10.3996
    226,         5,        13,          0.36,      0.32,       0.4,      0.0125,      0.01,       0.015,     7.05856,      0.733632
    227,         6,        13,          0.44,       0.4,      0.48,      0.0125,      0.01,       0.015,     1.52806,     0.0695544
    228,         7,        13,          0.52,      0.48,      0.56,      0.0125,      0.01,       0.015,    0.169801,     0.0173894
    229,         8,        13,           0.6,      0.56,      0.64,      0.0125,      0.01,       0.015, 0.000293699,   0.000158581
    230,         9,        13,          0.68,      0.64,      0.72,      0.0125,      0.01,       0.015, 1.21465e-05,   1.21465e-05
    231,        10,        13,          0.76,      0.72,       0.8,      0.0125,      0.01,       0.015,           0,             0
    232,        11,        13,          0.84,       0.8,      0.88,      0.0125,      0.01,       0.015,           0,             0
    233,        12,        13,          0.92,      0.88,      0.96,      0.0125,      0.01,       0.015,           0,             0
    234,        13,        13,             1,      0.96,      1.04,      0.0125,      0.01,       0.015,           0,             0
    235,        14,        13,          1.08,      1.04,      1.12,      0.0125,      0.01,       0.015,           0,             0
    236,        15,        13,          1.16,      1.12,       1.2,      0.0125,      0.01,       0.015,           0,             0
    239,         1,        14,          0.04,         0,      0.08,      0.0175,     0.015,        0.02,     1256.22,       130.639
    240,         2,        14,          0.12,      0.08,      0.16,      0.0175,     0.015,        0.02,     3455.79,        214.67
    241,         3,        14,           0.2,      0.16,      0.24,      0.0175,     0.015,        0.02,     939.945,       66.5775
    242,         4,        14,          0.28,      0.24,      0.32,      0.0175,     0.015,        0.02,     68.0429,       6.09335
    243,         5,        14,          0.36,      0.32,       0.4,      0.0175,     0.015,        0.02,     9.17545,       2.34913
    244,         6,        14,          0.44,       0.4,      0.48,      0.0175,     0.015,        0.02,     1.65038,     0.0757914
    245,         7,        14,          0.52,      0.48,      0.56,      0.0175,     0.015,        0.02,    0.186415,     0.0211527
    246,         8,        14,           0.6,      0.56,      0.64,      0.0175,     0.015,        0.02, 0.000617111,    0.00046347
    247,         9,        14,          0.68,      0.64,      0.72,      0.0175,     0.015,        0.02, 7.63667e-05,   5.95146e-05
    248,        10,        14,          0.76,      0.72,       0.8,      0.0175,     0.015,        0.02,           0,             0
    249,        11,        14,          0.84,       0.8,      0.88,      0.0175,     0.015,        0.02,           0,             0
    250,        12,        14,          0.92,      0.88,      0.96,      0.0175,     0.015,        0.02,           0,             0
    251,        13,        14,             1,      0.96,      1.04,      0.0175,     0.015,        0.02,           0,             0
    252,        14,        14,          1.08,      1.04,      1.12,      0.0175,     0.015,        0.02,           0,             0
    253,        15,        14,          1.16,      1.12,       1.2,      0.0175,     0.015,        0.02,           0,             0
    256,         1,        15,          0.04,         0,      0.08,      0.0225,      0.02,       0.025,     1478.57,       124.011
    257,         2,        15,          0.12,      0.08,      0.16,      0.0225,      0.02,       0.025,     2850.75,       173.692
    258,         3,        15,           0.2,      0.16,      0.24,      0.0225,      0.02,       0.025,      809.62,       65.2239
    259,         4,        15,          0.28,      0.24,      0.32,      0.0225,      0.02,       0.025,     63.8887,       6.19614
    260,         5,        15,          0.36,      0.32,       0.4,      0.0225,      0.02,       0.025,     6.76738,      0.339217
    261,         6,        15,          0.44,       0.4,      0.48,      0.0225,      0.02,       0.025,     1.64149,      0.077256
    262,         7,        15,          0.52,      0.48,      0.56,      0.0225,      0.02,       0.025,    0.156577,     0.0176869
    263,         8,        15,           0.6,      0.56,      0.64,      0.0225,      0.02,       0.025,  0.00151552,   0.000697413
    264,         9,        15,          0.68,      0.64,      0.72,      0.0225,      0.02,       0.025, 0.000230276,   0.000150631
    265,        10,        15,          0.76,      0.72,       0.8,      0.0225,      0.02,       0.025,           0,             0
    266,        11,        15,          0.84,       0.8,      0.88,      0.0225,      0.02,       0.025,           0,             0
    267,        12,        15,          0.92,      0.88,      0.96,      0.0225,      0.02,       0.025,           0,             0
    268,        13,        15,             1,      0.96,      1.04,      0.0225,      0.02,       0.025,           0,             0
    269,        14,        15,          1.08,      1.04,      1.12,      0.0225,      0.02,       0.025,           0,             0
    270,        15,        15,          1.16,      1.12,       1.2,      0.0225,      0.02,       0.025,           0,             0
    273,         1,        16,          0.04,         0,      0.08,      0.0275,     0.025,        0.03,     1420.81,       116.916
    274,         2,        16,          0.12,      0.08,      0.16,      0.0275,     0.025,        0.03,     2724.33,       165.707
    275,         3,        16,           0.2,      0.16,      0.24,      0.0275,     0.025,        0.03,     621.422,       45.7683
    276,         4,        16,          0.28,      0.24,      0.32,      0.0275,     0.025,        0.03,      57.785,       9.43433
    277,         5,        16,          0.36,      0.32,       0.4,      0.0275,     0.025,        0.03,     6.99044,      0.340342
    278,         6,        16,          0.44,       0.4,      0.48,      0.0275,     0.025,        0.03,     1.71554,     0.0874634
    279,         7,        16,          0.52,      0.48,      0.56,      0.0275,     0.025,        0.03,    0.192716,     0.0188682
    280,         8,        16,           0.6,      0.56,      0.64,      0.0275,     0.025,        0.03,  0.00293406,    0.00119889
    281,         9,        16,          0.68,      0.64,      0.72,      0.0275,     0.025,        0.03,           0,             0
    282,        10,        16,          0.76,      0.72,       0.8,      0.0275,     0.025,        0.03,           0,             0
    283,        11,        16,          0.84,       0.8,      0.88,      0.0275,     0.025,        0.03,           0,             0
    284,        12,        16,          0.92,      0.88,      0.96,      0.0275,     0.025,        0.03,           0,             0
    285,        13,        16,             1,      0.96,      1.04,      0.0275,     0.025,        0.03,           0,             0
    286,        14,        16,          1.08,      1.04,      1.12,      0.0275,     0.025,        0.03,           0,             0
    287,        15,        16,          1.16,      1.12,       1.2,      0.0275,     0.025,        0.03,           0,             0
    290,         1,        17,          0.04,         0,      0.08,      0.0325,      0.03,       0.035,     1532.18,       117.955
    291,         2,        17,          0.12,      0.08,      0.16,      0.0325,      0.03,       0.035,     2420.53,       159.888
    292,         3,        17,           0.2,      0.16,      0.24,      0.0325,      0.03,       0.035,     536.157,       52.9863
    293,         4,        17,          0.28,      0.24,      0.32,      0.0325,      0.03,       0.035,     52.9858,        6.7862
    294,         5,        17,          0.36,      0.32,       0.4,      0.0325,      0.03,       0.035,     7.32651,      0.536272
    295,         6,        17,          0.44,       0.4,      0.48,      0.0325,      0.03,       0.035,     1.61028,     0.0714357
    296,         7,        17,          0.52,      0.48,      0.56,      0.0325,      0.03,       0.035,    0.177984,      0.017389
    297,         8,        17,           0.6,      0.56,      0.64,      0.0325,      0.03,       0.035, 0.000842074,   0.000401804
    298,         9,        17,          0.68,      0.64,      0.72,      0.0325,      0.03,       0.035, 2.97301e-05,   2.97301e-05
    299,        10,        17,          0.76,      0.72,       0.8,      0.0325,      0.03,       0.035,           0,             0
    300,        11,        17,          0.84,       0.8,      0.88,      0.0325,      0.03,       0.035,           0,             0
    301,        12,        17,          0.92,      0.88,      0.96,      0.0325,      0.03,       0.035,           0,             0
    302,        13,        17,             1,      0.96,      1.04,      0.0325,      0.03,       0.035,           0,             0
    303,        14,        17,          1.08,      1.04,      1.12,      0.0325,      0.03,       0.035,           0,             0
    304,        15,        17,          1.16,      1.12,       1.2,      0.0325,      0.03,       0.035,           0,             0
    307,         1,        18,          0.04,         0,      0.08,      0.0375,     0.035,        0.04,     1292.64,        100.37
    308,         2,        18,          0.12,      0.08,      0.16,      0.0375,     0.035,        0.04,     1960.08,       116.039
    309,         3,        18,           0.2,      0.16,      0.24,      0.0375,     0.035,        0.04,     444.242,       44.4497
    310,         4,        18,          0.28,      0.24,      0.32,      0.0375,     0.035,        0.04,     46.7321,       7.62565
    311,         5,        18,          0.36,      0.32,       0.4,      0.0375,     0.035,        0.04,     8.15151,       1.31195
    312,         6,        18,          0.44,       0.4,      0.48,      0.0375,     0.035,        0.04,     1.71394,     0.0780054
    313,         7,        18,          0.52,      0.48,      0.56,      0.0375,     0.035,        0.04,    0.181022,     0.0168723
    314,         8,        18,           0.6,      0.56,      0.64,      0.0375,     0.035,        0.04,  0.00124911,   0.000673409
    315,         9,        18,          0.68,      0.64,      0.72,      0.0375,     0.035,        0.04, 6.96742e-05,   6.96742e-05
    316,        10,        18,          0.76,      0.72,       0.8,      0.0375,     0.035,        0.04,           0,             0
    317,        11,        18,          0.84,       0.8,      0.88,      0.0375,     0.035,        0.04,           0,             0
    318,        12,        18,          0.92,      0.88,      0.96,      0.0375,     0.035,        0.04,           0,             0
    319,        13,        18,             1,      0.96,      1.04,      0.0375,     0.035,        0.04,           0,             0
    320,        14,        18,          1.08,      1.04,      1.12,      0.0375,     0.035,        0.04,           0,             0
    321,        15,        18,          1.16,      1.12,       1.2,      0.0375,     0.035,        0.04,           0,             0
    324,         1,        19,          0.04,         0,      0.08,      0.0425,      0.04,       0.045,      1141.5,       86.5961
    325,         2,        19,          0.12,      0.08,      0.16,      0.0425,      0.04,       0.045,      1404.5,       81.5957
    326,         3,        19,           0.2,      0.16,      0.24,      0.0425,      0.04,       0.045,     391.413,        37.936
    327,         4,        19,          0.28,      0.24,      0.32,      0.0425,      0.04,       0.045,      38.687,       5.17697
    328,         5,        19,          0.36,      0.32,       0.4,      0.0425,      0.04,       0.045,     7.65724,      0.802158
    329,         6,        19,          0.44,       0.4,      0.48,      0.0425,      0.04,       0.045,       1.579,     0.0714143
    330,         7,        19,          0.52,      0.48,      0.56,      0.0425,      0.04,       0.045,    0.185676,     0.0193629
    331,         8,        19,           0.6,      0.56,      0.64,      0.0425,      0.04,       0.045, 4.30036e-05,   2.79013e-05
    332,         9,        19,          0.68,      0.64,      0.72,      0.0425,      0.04,       0.045, 7.37838e-05,   5.69133e-05
    333,        10,        19,          0.76,      0.72,       0.8,      0.0425,      0.04,       0.045,           0,             0
    334,        11,        19,          0.84,       0.8,      0.88,      0.0425,      0.04,       0.045,           0,             0
    335,        12,        19,          0.92,      0.88,      0.96,      0.0425,      0.04,       0.045,           0,             0
    336,        13,        19,             1,      0.96,      1.04,      0.0425,      0.04,       0.045,           0,             0
    337,        14,        19,          1.08,      1.04,      1.12,      0.0425,      0.04,       0.045,           0,             0
    338,        15,        19,          1.16,      1.12,       1.2,      0.0425,      0.04,       0.045,           0,             0
    341,         1,        20,          0.04,         0,      0.08,      0.0475,     0.045,        0.05,     1192.71,       92.2205
    342,         2,        20,          0.12,      0.08,      0.16,      0.0475,     0.045,        0.05,     1222.69,       79.5695
    343,         3,        20,           0.2,      0.16,      0.24,      0.0475,     0.045,        0.05,     388.825,       48.6468
    344,         4,        20,          0.28,      0.24,      0.32,      0.0475,     0.045,        0.05,      36.858,       4.20234
    345,         5,        20,          0.36,      0.32,       0.4,      0.0475,     0.045,        0.05,     7.49386,      0.640373
    346,         6,        20,          0.44,       0.4,      0.48,      0.0475,     0.045,        0.05,     1.78794,     0.0841877
    347,         7,        20,          0.52,      0.48,      0.56,      0.0475,     0.045,        0.05,     0.17821,     0.0176024
    348,         8,        20,           0.6,      0.56,      0.64,      0.0475,     0.045,        0.05,  0.00269716,    0.00185438
    349,         9,        20,          0.68,      0.64,      0.72,      0.0475,     0.045,        0.05, 3.08894e-05,   2.19113e-05
    350,        10,        20,          0.76,      0.72,       0.8,      0.0475,     0.045,        0.05,           0,             0
    351,        11,        20,          0.84,       0.8,      0.88,      0.0475,     0.045,        0.05,           0,             0
    352,        12,        20,          0.92,      0.88,      0.96,      0.0475,     0.045,        0.05,           0,             0
    353,        13,        20,             1,      0.96,      1.04,      0.0475,     0.045,        0.05,           0,             0
    354,        14,        20,          1.08,      1.04,      1.12,      0.0475,     0.045,        0.05,           0,             0
    355,        15,        20,          1.16,      1.12,       1.2,      0.0475,     0.045,        0.05,           0,             0
    358,         1,        21,          0.04,         0,      0.08,      0.0525,      0.05,       0.055,     784.872,       68.5552
    359,         2,        21,          0.12,      0.08,      0.16,      0.0525,      0.05,       0.055,      1028.5,       62.6824
    360,         3,        21,           0.2,      0.16,      0.24,      0.0525,      0.05,       0.055,     258.126,       22.6338
    361,         4,        21,          0.28,      0.24,      0.32,      0.0525,      0.05,       0.055,     30.7525,       4.50179
    362,         5,        21,          0.36,      0.32,       0.4,      0.0525,      0.05,       0.055,      7.0239,      0.603725
    363,         6,        21,          0.44,       0.4,      0.48,      0.0525,      0.05,       0.055,     1.71085,     0.0843326
    364,         7,        21,          0.52,      0.48,      0.56,      0.0525,      0.05,       0.055,    0.169658,     0.0183469
    365,         8,        21,           0.6,      0.56,      0.64,      0.0525,      0.05,       0.055,  0.00078914,   0.000283441
    366,         9,        21,          0.68,      0.64,      0.72,      0.0525,      0.05,       0.055,  5.6912e-05,   3.70903e-05
    367,        10,        21,          0.76,      0.72,       0.8,      0.0525,      0.05,       0.055,           0,             0
    368,        11,        21,          0.84,       0.8,      0.88,      0.0525,      0.05,       0.055,           0,             0
    369,        12,        21,          0.92,      0.88,      0.96,      0.0525,      0.05,       0.055,           0,             0
    370,        13,        21,             1,      0.96,      1.04,      0.0525,      0.05,       0.055,           0,             0
    371,        14,        21,          1.08,      1.04,      1.12,      0.0525,      0.05,       0.055,           0,             0
    372,        15,        21,          1.16,      1.12,       1.2,      0.0525,      0.05,       0.055,           0,             0
    375,         1,        22,          0.04,         0,      0.08,      0.0575,     0.055,        0.06,      728.06,       66.1441
    376,         2,        22,          0.12,      0.08,      0.16,      0.0575,     0.055,        0.06,     925.857,       74.3622
    377,         3,        22,           0.2,      0.16,      0.24,      0.0575,     0.055,        0.06,     191.654,       17.8431
    378,         4,        22,          0.28,      0.24,      0.32,      0.0575,     0.055,        0.06,     39.7735,       9.44489
    379,         5,        22,          0.36,      0.32,       0.4,      0.0575,     0.055,        0.06,     6.24825,      0.422217
    380,         6,        22,          0.44,       0.4,      0.48,      0.0575,     0.055,        0.06,     1.65534,     0.0713736
    381,         7,        22,          0.52,      0.48,      0.56,      0.0575,     0.055,        0.06,     0.13518,     0.0144159
    382,         8,        22,           0.6,      0.56,      0.64,      0.0575,     0.055,        0.06,  0.00124409,   0.000406187
    383,         9,        22,          0.68,      0.64,      0.72,      0.0575,     0.055,        0.06, 9.94089e-05,    6.1562e-05
    384,        10,        22,          0.76,      0.72,       0.8,      0.0575,     0.055,        0.06,           0,             0
    385,        11,        22,          0.84,       0.8,      0.88,      0.0575,     0.055,        0.06,           0,             0
    386,        12,        22,          0.92,      0.88,      0.96,      0.0575,     0.055,        0.06,           0,             0
    387,        13,        22,             1,      0.96,      1.04,      0.0575,     0.055,        0.06,           0,             0
    388,        14,        22,          1.08,      1.04,      1.12,      0.0575,     0.055,        0.06,           0,             0
    389,        15,        22,          1.16,      1.12,       1.2,      0.0575,     0.055,        0.06,           0,             0
    392,         1,        23,          0.04,         0,      0.08,      0.0625,      0.06,       0.065,     349.237,        37.027
    393,         2,        23,          0.12,      0.08,      0.16,      0.0625,      0.06,       0.065,     729.962,       60.3573
    394,         3,        23,           0.2,      0.16,      0.24,      0.0625,      0.06,       0.065,      231.02,       32.7448
    395,         4,        23,          0.28,      0.24,      0.32,      0.0625,      0.06,       0.065,     23.4776,       2.56371
    396,         5,        23,          0.36,      0.32,       0.4,      0.0625,      0.06,       0.065,     6.20034,      0.744553
    397,         6,        23,          0.44,       0.4,      0.48,      0.0625,      0.06,       0.065,     1.65112,     0.0734123
    398,         7,        23,          0.52,      0.48,      0.56,      0.0625,      0.06,       0.065,    0.192035,     0.0178997
    399,         8,        23,           0.6,      0.56,      0.64,      0.0625,      0.06,       0.065,  0.00122156,   0.000491559
    400,         9,        23,          0.68,      0.64,      0.72,      0.0625,      0.06,       0.065, 4.84134e-05,   4.84134e-05
    401,        10,        23,          0.76,      0.72,       0.8,      0.0625,      0.06,       0.065,           0,             0
    402,        11,        23,          0.84,       0.8,      0.88,      0.0625,      0.06,       0.065,           0,             0
    403,        12,        23,          0.92,      0.88,      0.96,      0.0625,      0.06,       0.065,           0,             0
    404,        13,        23,             1,      0.96,      1.04,      0.0625,      0.06,       0.065,           0,             0
    405,        14,        23,          1.08,      1.04,      1.12,      0.0625,      0.06,       0.065,           0,             0
    406,        15,        23,          1.16,      1.12,       1.2,      0.0625,      0.06,       0.065,           0,             0
    409,         1,        24,          0.04,         0,      0.08,      0.0675,     0.065,        0.07,     389.715,        51.624
    410,         2,        24,          0.12,      0.08,      0.16,      0.0675,     0.065,        0.07,     655.221,       76.6095
    411,         3,        24,           0.2,      0.16,      0.24,      0.0675,     0.065,        0.07,     211.129,       31.2593
    412,         4,        24,          0.28,      0.24,      0.32,      0.0675,     0.065,        0.07,     29.3512,       5.49304
    413,         5,        24,          0.36,      0.32,       0.4,      0.0675,     0.065,        0.07,     6.97329,      0.716871
    414,         6,        24,          0.44,       0.4,      0.48,      0.0675,     0.065,        0.07,     1.85016,      0.085438
    415,         7,        24,          0.52,      0.48,      0.56,      0.0675,     0.065,        0.07,     0.21234,     0.0206455
    416,         8,        24,           0.6,      0.56,      0.64,      0.0675,     0.065,        0.07, 0.000955991,   0.000400892
    417,         9,        24,          0.68,      0.64,      0.72,      0.0675,     0.065,        0.07, 1.71629e-05,   1.71629e-05
    418,        10,        24,          0.76,      0.72,       0.8,      0.0675,     0.065,        0.07,           0,             0
    419,        11,        24,          0.84,       0.8,      0.88,      0.0675,     0.065,        0.07,           0,             0
    420,        12,        24,          0.92,      0.88,      0.96,      0.0675,     0.065,        0.07,           0,             0
    421,        13,        24,             1,      0.96,      1.04,      0.0675,     0.065,        0.07,           0,             0
    422,        14,        24,          1.08,      1.04,      1.12,      0.0675,     0.065,        0.07,           0,             0
    423,        15,        24,          1.16,      1.12,       1.2,      0.0675,     0.065,        0.07,           0,             0
    426,         1,        25,          0.04,         0,      0.08,      0.0725,      0.07,       0.075,     333.896,       42.2271
    427,         2,        25,          0.12,      0.08,      0.16,      0.0725,      0.07,       0.075,      547.32,       51.2465
    428,         3,        25,           0.2,      0.16,      0.24,      0.0725,      0.07,       0.075,     232.216,        39.953
    429,         4,        25,          0.28,      0.24,      0.32,      0.0725,      0.07,       0.075,      38.717,       7.82298
    430,         5,        25,          0.36,      0.32,       0.4,      0.0725,      0.07,       0.075,     6.07038,      0.292652
    431,         6,        25,          0.44,       0.4,      0.48,      0.0725,      0.07,       0.075,     1.59771,     0.0750211
    432,         7,        25,          0.52,      0.48,      0.56,      0.0725,      0.07,       0.075,    0.161438,     0.0166154
    433,         8,        25,           0.6,      0.56,      0.64,      0.0725,      0.07,       0.075,  0.00183554,   0.000824961
    434,         9,        25,          0.68,      0.64,      0.72,      0.0725,      0.07,       0.075, 3.24449e-05,   3.24449e-05
    435,        10,        25,          0.76,      0.72,       0.8,      0.0725,      0.07,       0.075,           0,             0
    436,        11,        25,          0.84,       0.8,      0.88,      0.0725,      0.07,       0.075,           0,             0
    437,        12,        25,          0.92,      0.88,      0.96,      0.0725,      0.07,       0.075,           0,             0
    438,        13,        25,             1,      0.96,      1.04,      0.0725,      0.07,       0.075,           0,             0
    439,        14,        25,          1.08,      1.04,      1.12,      0.0725,      0.07,       0.075,           0,             0
    440,        15,        25,          1.16,      1.12,       1.2,      0.0725,      0.07,       0.075,           0,             0
    443,         1,        26,          0.04,         0,      0.08,      0.0775,     0.075,        0.08,      274.79,         35.99
    444,         2,        26,          0.12,      0.08,      0.16,      0.0775,     0.075,        0.08,     458.422,       51.5457
    445,         3,        26,           0.2,      0.16,      0.24,      0.0775,     0.075,        0.08,     157.676,       19.6021
    446,         4,        26,          0.28,      0.24,      0.32,      0.0775,     0.075,        0.08,      50.024,       14.2623
    447,         5,        26,          0.36,      0.32,       0.4,      0.0775,     0.075,        0.08,     6.64448,      0.885597
    448,         6,        26,          0.44,       0.4,      0.48,      0.0775,     0.075,        0.08,     1.80443,     0.0811373
    449,         7,        26,          0.52,      0.48,      0.56,      0.0775,     0.075,        0.08,    0.181358,     0.0177793
    450,         8,        26,           0.6,      0.56,      0.64,      0.0775,     0.075,        0.08,   0.0010906,   0.000503273
    451,         9,        26,          0.68,      0.64,      0.72,      0.0775,     0.075,        0.08, 3.22019e-05,   2.30226e-05
    452,        10,        26,          0.76,      0.72,       0.8,      0.0775,     0.075,        0.08,           0,             0
    453,        11,        26,          0.84,       0.8,      0.88,      0.0775,     0.075,        0.08,           0,             0
    454,        12,        26,          0.92,      0.88,      0.96,      0.0775,     0.075,        0.08,           0,             0
    455,        13,        26,             1,      0.96,      1.04,      0.0775,     0.075,        0.08,           0,             0
    456,        14,        26,          1.08,      1.04,      1.12,      0.0775,     0.075,        0.08,           0,             0
    457,        15,        26,          1.16,      1.12,       1.2,      0.0775,     0.075,        0.08,           0,             0
    460,         1,        27,          0.04,         0,      0.08,      0.0825,      0.08,       0.085,     205.628,       36.4119
    461,         2,        27,          0.12,      0.08,      0.16,      0.0825,      0.08,       0.085,     428.024,       47.0201
    462,         3,        27,           0.2,      0.16,      0.24,      0.0825,      0.08,       0.085,     232.961,       40.7556
    463,         4,        27,          0.28,      0.24,      0.32,      0.0825,      0.08,       0.085,     23.5054,       3.77588
    464,         5,        27,          0.36,      0.32,       0.4,      0.0825,      0.08,       0.085,     5.99127,      0.452802
    465,         6,        27,          0.44,       0.4,      0.48,      0.0825,      0.08,       0.085,     1.46361,     0.0600462
    466,         7,        27,          0.52,      0.48,      0.56,      0.0825,      0.08,       0.085,    0.208242,     0.0208863
    467,         8,        27,           0.6,      0.56,      0.64,      0.0825,      0.08,       0.085,  0.00170576,   0.000565152
    468,         9,        27,          0.68,      0.64,      0.72,      0.0825,      0.08,       0.085,           0,             0
    469,        10,        27,          0.76,      0.72,       0.8,      0.0825,      0.08,       0.085,           0,             0
    470,        11,        27,          0.84,       0.8,      0.88,      0.0825,      0.08,       0.085,           0,             0
    471,        12,        27,          0.92,      0.88,      0.96,      0.0825,      0.08,       0.085,           0,             0
    472,        13,        27,             1,      0.96,      1.04,      0.0825,      0.08,       0.085,           0,             0
    473,        14,        27,          1.08,      1.04,      1.12,      0.0825,      0.08,       0.085,           0,             0
    474,        15,        27,          1.16,      1.12,       1.2,      0.0825,      0.08,       0.085,           0,             0
    477,         1,        28,          0.04,         0,      0.08,      0.0875,     0.085,        0.09,     170.817,       38.1133
    478,         2,        28,          0.12,      0.08,      0.16,      0.0875,     0.085,        0.09,      330.93,       36.6101
    479,         3,        28,           0.2,      0.16,      0.24,      0.0875,     0.085,        0.09,     149.052,       25.2643
    480,         4,        28,          0.28,      0.24,      0.32,      0.0875,     0.085,        0.09,     37.4755,       8.22306
    481,         5,        28,          0.36,      0.32,       0.4,      0.0875,     0.085,        0.09,     6.48754,        1.0092
    482,         6,        28,          0.44,       0.4,      0.48,      0.0875,     0.085,        0.09,     1.61186,     0.0681449
    483,         7,        28,          0.52,      0.48,      0.56,      0.0875,     0.085,        0.09,    0.188961,     0.0259272
    484,         8,        28,           0.6,      0.56,      0.64,      0.0875,     0.085,        0.09,  0.00316609,    0.00181901
    485,         9,        28,          0.68,      0.64,      0.72,      0.0875,     0.085,        0.09, 6.76437e-05,   4.23037e-05
    486,        10,        28,          0.76,      0.72,       0.8,      0.0875,     0.085,        0.09,           0,             0
    487,        11,        28,          0.84,       0.8,      0.88,      0.0875,     0.085,        0.09,           0,             0
    488,        12,        28,          0.92,      0.88,      0.96,      0.0875,     0.085,        0.09,           0,             0
    489,        13,        28,             1,      0.96,      1.04,      0.0875,     0.085,        0.09,           0,             0
    490,        14,        28,          1.08,      1.04,      1.12,      0.0875,     0.085,        0.09,           0,             0
    491,        15,        28,          1.16,      1.12,       1.2,      0.0875,     0.085,        0.09,           0,             0
    494,         1,        29,          0.04,         0,      0.08,      0.0925,      0.09,       0.095,     150.649,       29.0347
    495,         2,        29,          0.12,      0.08,      0.16,      0.0925,      0.09,       0.095,      382.17,       53.4847
    496,         3,        29,           0.2,      0.16,      0.24,      0.0925,      0.09,       0.095,     152.381,       24.4927
    497,         4,        29,          0.28,      0.24,      0.32,      0.0925,      0.09,       0.095,     24.1377,       5.12086
    498,         5,        29,          0.36,      0.32,       0.4,      0.0925,      0.09,       0.095,     6.34331,      0.947272
    499,         6,        29,          0.44,       0.4,      0.48,      0.0925,      0.09,       0.095,     1.62786,     0.0689795
    500,         7,        29,          0.52,      0.48,      0.56,      0.0925,      0.09,       0.095,    0.188525,     0.0191238
    501,         8,        29,           0.6,      0.56,      0.64,      0.0925,      0.09,       0.095,  0.00189011,   0.000780327
    502,         9,        29,          0.68,      0.64,      0.72,      0.0925,      0.09,       0.095, 0.000274117,    0.00017653
    503,        10,        29,          0.76,      0.72,       0.8,      0.0925,      0.09,       0.095,           0,             0
    504,        11,        29,          0.84,       0.8,      0.88,      0.0925,      0.09,       0.095,           0,             0
    505,        12,        29,          0.92,      0.88,      0.96,      0.0925,      0.09,       0.095,           0,             0
    506,        13,        29,             1,      0.96,      1.04,      0.0925,      0.09,       0.095,           0,             0
    507,        14,        29,          1.08,      1.04,      1.12,      0.0925,      0.09,       0.095,           0,             0
    508,        15,        29,          1.16,      1.12,       1.2,      0.0925,      0.09,       0.095,           0,             0
    511,         1,        30,          0.04,         0,      0.08,      0.0975,     0.095,         0.1,     206.626,       43.2806
    512,         2,        30,          0.12,      0.08,      0.16,      0.0975,     0.095,         0.1,     372.813,       49.5538
    513,         3,        30,           0.2,      0.16,      0.24,      0.0975,     0.095,         0.1,     201.237,         53.69
    514,         4,        30,          0.28,      0.24,      0.32,      0.0975,     0.095,         0.1,     46.7094,       14.5513
    515,         5,        30,          0.36,      0.32,       0.4,      0.0975,     0.095,         0.1,     8.48573,       1.67732
    516,         6,        30,          0.44,       0.4,      0.48,      0.0975,     0.095,         0.1,     1.57999,     0.0667488
    517,         7,        30,          0.52,      0.48,      0.56,      0.0975,     0.095,         0.1,    0.218043,     0.0202136
    518,         8,        30,           0.6,      0.56,      0.64,      0.0975,     0.095,         0.1,  0.00412439,    0.00291367
    519,         9,        30,          0.68,      0.64,      0.72,      0.0975,     0.095,         0.1, 6.96158e-05,   4.26608e-05
    520,        10,        30,          0.76,      0.72,       0.8,      0.0975,     0.095,         0.1,           0,             0
    521,        11,        30,          0.84,       0.8,      0.88,      0.0975,     0.095,         0.1,           0,             0
    522,        12,        30,          0.92,      0.88,      0.96,      0.0975,     0.095,         0.1,           0,             0
    523,        13,        30,             1,      0.96,      1.04,      0.0975,     0.095,         0.1,           0,             0
    524,        14,        30,          1.08,      1.04,      1.12,      0.0975,     0.095,         0.1,           0,             0
    525,        15,        30,          1.16,      1.12,       1.2,      0.0975,     0.095,         0.1,           0,             0
    528,         1,        31,          0.04,         0,      0.08,      0.1025,       0.1,       0.105,     66.3051,       18.4857
    529,         2,        31,          0.12,      0.08,      0.16,      0.1025,       0.1,       0.105,     260.961,       43.3922
    530,         3,        31,           0.2,      0.16,      0.24,      0.1025,       0.1,       0.105,     133.453,        30.223
    531,         4,        31,          0.28,      0.24,      0.32,      0.1025,       0.1,       0.105,     43.1102,        13.159
    532,         5,        31,          0.36,      0.32,       0.4,      0.1025,       0.1,       0.105,     9.53706,       4.38645
    533,         6,        31,          0.44,       0.4,      0.48,      0.1025,       0.1,       0.105,     1.54146,     0.0714053
    534,         7,        31,          0.52,      0.48,      0.56,      0.1025,       0.1,       0.105,     0.19009,     0.0172982
    535,         8,        31,           0.6,      0.56,      0.64,      0.1025,       0.1,       0.105,  0.00302568,    0.00113462
    536,         9,        31,          0.68,      0.64,      0.72,      0.1025,       0.1,       0.105, 2.41146e-05,   1.72021e-05
    537,        10,        31,          0.76,      0.72,       0.8,      0.1025,       0.1,       0.105,           0,             0
    538,        11,        31,          0.84,       0.8,      0.88,      0.1025,       0.1,       0.105,           0,             0
    539,        12,        31,          0.92,      0.88,      0.96,      0.1025,       0.1,       0.105,           0,             0
    540,        13,        31,             1,      0.96,      1.04,      0.1025,       0.1,       0.105,           0,             0
    541,        14,        31,          1.08,      1.04,      1.12,      0.1025,       0.1,       0.105,           0,             0
    542,        15,        31,          1.16,      1.12,       1.2,      0.1025,       0.1,       0.105,           0,             0
    545,         1,        32,          0.04,         0,      0.08,      0.1075,     0.105,        0.11,     44.6264,       10.0864
    546,         2,        32,          0.12,      0.08,      0.16,      0.1075,     0.105,        0.11,     288.335,       42.5271
    547,         3,        32,           0.2,      0.16,      0.24,      0.1075,     0.105,        0.11,     108.911,       24.8504
    548,         4,        32,          0.28,      0.24,      0.32,      0.1075,     0.105,        0.11,     25.7348,       4.42896
    549,         5,        32,          0.36,      0.32,       0.4,      0.1075,     0.105,        0.11,     4.61029,       0.36754
    550,         6,        32,          0.44,       0.4,      0.48,      0.1075,     0.105,        0.11,     1.52322,     0.0652907
    551,         7,        32,          0.52,      0.48,      0.56,      0.1075,     0.105,        0.11,    0.186629,     0.0204378
    552,         8,        32,           0.6,      0.56,      0.64,      0.1075,     0.105,        0.11,  0.00140336,   0.000499152
    553,         9,        32,          0.68,      0.64,      0.72,      0.1075,     0.105,        0.11, 4.96578e-05,   3.78301e-05
    554,        10,        32,          0.76,      0.72,       0.8,      0.1075,     0.105,        0.11,           0,             0
    555,        11,        32,          0.84,       0.8,      0.88,      0.1075,     0.105,        0.11,           0,             0
    556,        12,        32,          0.92,      0.88,      0.96,      0.1075,     0.105,        0.11,           0,             0
    557,        13,        32,             1,      0.96,      1.04,      0.1075,     0.105,        0.11,           0,             0
    558,        14,        32,          1.08,      1.04,      1.12,      0.1075,     0.105,        0.11,           0,             0
    559,        15,        32,          1.16,      1.12,       1.2,      0.1075,     0.105,        0.11,           0,             0
    562,         1,        33,          0.04,         0,      0.08,      0.1125,      0.11,       0.115,     81.7662,       24.6318
    563,         2,        33,          0.12,      0.08,      0.16,      0.1125,      0.11,       0.115,     341.185,        61.823
    564,         3,        33,           0.2,      0.16,      0.24,      0.1125,      0.11,       0.115,     149.636,       30.8375
    565,         4,        33,          0.28,      0.24,      0.32,      0.1125,      0.11,       0.115,     44.4252,       13.3266
    566,         5,        33,          0.36,      0.32,       0.4,      0.1125,      0.11,       0.115,     5.33678,      0.652963
    567,         6,        33,          0.44,       0.4,      0.48,      0.1125,      0.11,       0.115,     1.54283,     0.0647952
    568,         7,        33,          0.52,      0.48,      0.56,      0.1125,      0.11,       0.115,    0.176883,     0.0149727
    569,         8,        33,           0.6,      0.56,      0.64,      0.1125,      0.11,       0.115,  0.00195142,   0.000523268
    570,         9,        33,          0.68,      0.64,      0.72,      0.1125,      0.11,       0.115,           0,             0
    571,        10,        33,          0.76,      0.72,       0.8,      0.1125,      0.11,       0.115,           0,             0
    572,        11,        33,          0.84,       0.8,      0.88,      0.1125,      0.11,       0.115,           0,             0
    573,        12,        33,          0.92,      0.88,      0.96,      0.1125,      0.11,       0.115,           0,             0
    574,        13,        33,             1,      0.96,      1.04,      0.1125,      0.11,       0.115,           0,             0
    575,        14,        33,          1.08,      1.04,      1.12,      0.1125,      0.11,       0.115,           0,             0
    576,        15,        33,          1.16,      1.12,       1.2,      0.1125,      0.11,       0.115,           0,             0
    579,         1,        34,          0.04,         0,      0.08,      0.1175,     0.115,        0.12,     30.9414,       13.7421
    580,         2,        34,          0.12,      0.08,      0.16,      0.1175,     0.115,        0.12,     274.407,       57.4478
    581,         3,        34,           0.2,      0.16,      0.24,      0.1175,     0.115,        0.12,     162.422,       34.0129
    582,         4,        34,          0.28,      0.24,      0.32,      0.1175,     0.115,        0.12,     26.2921,       4.50786
    583,         5,        34,          0.36,      0.32,       0.4,      0.1175,     0.115,        0.12,     4.74061,      0.329115
    584,         6,        34,          0.44,       0.4,      0.48,      0.1175,     0.115,        0.12,     1.50403,     0.0686042
    585,         7,        34,          0.52,      0.48,      0.56,      0.1175,     0.115,        0.12,    0.204263,     0.0183733
    586,         8,        34,           0.6,      0.56,      0.64,      0.1175,     0.115,        0.12,  0.00188698,    0.00109496
    587,         9,        34,          0.68,      0.64,      0.72,      0.1175,     0.115,        0.12, 7.82029e-05,   7.82029e-05
    588,        10,        34,          0.76,      0.72,       0.8,      0.1175,     0.115,        0.12,           0,             0
    589,        11,        34,          0.84,       0.8,      0.88,      0.1175,     0.115,        0.12,           0,             0
    590,        12,        34,          0.92,      0.88,      0.96,      0.1175,     0.115,        0.12,           0,             0
    591,        13,        34,             1,      0.96,      1.04,      0.1175,     0.115,        0.12,           0,             0
    592,        14,        34,          1.08,      1.04,      1.12,      0.1175,     0.115,        0.12,           0,             0
    593,        15,        34,          1.16,      1.12,       1.2,      0.1175,     0.115,        0.12,           0,             0
    596,         1,        35,          0.04,         0,      0.08,      0.1225,      0.12,       0.125,     18.3661,       9.65878
    597,         2,        35,          0.12,      0.08,      0.16,      0.1225,      0.12,       0.125,     237.947,       57.0864
    598,         3,        35,           0.2,      0.16,      0.24,      0.1225,      0.12,       0.125,      137.13,       21.0001
    599,         4,        35,          0.28,      0.24,      0.32,      0.1225,      0.12,       0.125,     25.9843,       4.35434
    600,         5,        35,          0.36,      0.32,       0.4,      0.1225,      0.12,       0.125,     7.51643,       2.36607
    601,         6,        35,          0.44,       0.4,      0.48,      0.1225,      0.12,       0.125,     1.38648,     0.0614511
    602,         7,        35,          0.52,      0.48,      0.56,      0.1225,      0.12,       0.125,    0.183009,     0.0167448
    603,         8,        35,           0.6,      0.56,      0.64,      0.1225,      0.12,       0.125,  0.00513383,    0.00442267
    604,         9,        35,          0.68,      0.64,      0.72,      0.1225,      0.12,       0.125,           0,             0
    605,        10,        35,          0.76,      0.72,       0.8,      0.1225,      0.12,       0.125,           0,             0
    606,        11,        35,          0.84,       0.8,      0.88,      0.1225,      0.12,       0.125,           0,             0
    607,        12,        35,          0.92,      0.88,      0.96,      0.1225,      0.12,       0.125,           0,             0
    608,        13,        35,             1,      0.96,      1.04,      0.1225,      0.12,       0.125,           0,             0
    609,        14,        35,          1.08,      1.04,      1.12,      0.1225,      0.12,       0.125,           0,             0
    610,        15,        35,          1.16,      1.12,       1.2,      0.1225,      0.12,       0.125,           0,             0
    613,         1,        36,          0.04,         0,      0.08,      0.1275,     0.125,        0.13,     12.2022,       6.34256
    614,         2,        36,          0.12,      0.08,      0.16,      0.1275,     0.125,        0.13,     206.585,       44.1397
    615,         3,        36,           0.2,      0.16,      0.24,      0.1275,     0.125,        0.13,     108.389,       18.3195
    616,         4,        36,          0.28,      0.24,      0.32,      0.1275,     0.125,        0.13,     26.1407,       8.67221
    617,         5,        36,          0.36,      0.32,       0.4,      0.1275,     0.125,        0.13,      5.2259,      0.882724
    618,         6,        36,          0.44,       0.4,      0.48,      0.1275,     0.125,        0.13,     1.31509,     0.0513984
    619,         7,        36,          0.52,      0.48,      0.56,      0.1275,     0.125,        0.13,     0.18195,     0.0206078
    620,         8,        36,           0.6,      0.56,      0.64,      0.1275,     0.125,        0.13,  0.00412878,    0.00180756
    621,         9,        36,          0.68,      0.64,      0.72,      0.1275,     0.125,        0.13, 2.62904e-05,   2.62904e-05
    622,        10,        36,          0.76,      0.72,       0.8,      0.1275,     0.125,        0.13,           0,             0
    623,        11,        36,          0.84,       0.8,      0.88,      0.1275,     0.125,        0.13,           0,             0
    624,        12,        36,          0.92,      0.88,      0.96,      0.1275,     0.125,        0.13,           0,             0
    625,        13,        36,             1,      0.96,      1.04,      0.1275,     0.125,        0.13,           0,             0
    626,        14,        36,          1.08,      1.04,      1.12,      0.1275,     0.125,        0.13,           0,             0
    627,        15,        36,          1.16,      1.12,       1.2,      0.1275,     0.125,        0.13,           0,             0
    630,         1,        37,          0.04,         0,      0.08,      0.1325,      0.13,       0.135,     7.05585,       5.71142
    631,         2,        37,          0.12,      0.08,      0.16,      0.1325,      0.13,       0.135,     160.024,       29.1026
    632,         3,        37,           0.2,      0.16,      0.24,      0.1325,      0.13,       0.135,     139.205,       35.1305
    633,         4,        37,          0.28,      0.24,      0.32,      0.1325,      0.13,       0.135,     24.3854,       3.89796
    634,         5,        37,          0.36,      0.32,       0.4,      0.1325,      0.13,       0.135,     4.92372,      0.662597
    635,         6,        37,          0.44,       0.4,      0.48,      0.1325,      0.13,       0.135,     1.47704,     0.0727473
    636,         7,        37,          0.52,      0.48,      0.56,      0.1325,      0.13,       0.135,    0.175381,     0.0165675
    637,         8,        37,           0.6,      0.56,      0.64,      0.1325,      0.13,       0.135,  0.00204953,   0.000523772
    638,         9,        37,          0.68,      0.64,      0.72,      0.1325,      0.13,       0.135,  4.1146e-05,   2.62842e-05
    639,        10,        37,          0.76,      0.72,       0.8,      0.1325,      0.13,       0.135,           0,             0
    640,        11,        37,          0.84,       0.8,      0.88,      0.1325,      0.13,       0.135,           0,             0
    641,        12,        37,          0.92,      0.88,      0.96,      0.1325,      0.13,       0.135,           0,             0
    642,        13,        37,             1,      0.96,      1.04,      0.1325,      0.13,       0.135,           0,             0
    643,        14,        37,          1.08,      1.04,      1.12,      0.1325,      0.13,       0.135,           0,             0
    644,        15,        37,          1.16,      1.12,       1.2,      0.1325,      0.13,       0.135,           0,             0
    647,         1,        38,          0.04,         0,      0.08,      0.1375,     0.135,        0.14,     52.8414,       32.1682
    648,         2,        38,          0.12,      0.08,      0.16,      0.1375,     0.135,        0.14,     174.575,       37.2778
    649,         3,        38,           0.2,      0.16,      0.24,      0.1375,     0.135,        0.14,     169.428,       38.1217
    650,         4,        38,          0.28,      0.24,      0.32,      0.1375,     0.135,        0.14,     30.3496,       6.50507
    651,         5,        38,          0.36,      0.32,       0.4,      0.1375,     0.135,        0.14,     5.79348,      0.946012
    652,         6,        38,          0.44,       0.4,      0.48,      0.1375,     0.135,        0.14,     1.42259,     0.0849268
    653,         7,        38,          0.52,      0.48,      0.56,      0.1375,     0.135,        0.14,    0.192879,     0.0199903
    654,         8,        38,           0.6,      0.56,      0.64,      0.1375,     0.135,        0.14,  0.00550226,    0.00292702
    655,         9,        38,          0.68,      0.64,      0.72,      0.1375,     0.135,        0.14, 9.79331e-05,     5.045e-05
    656,        10,        38,          0.76,      0.72,       0.8,      0.1375,     0.135,        0.14,           0,             0
    657,        11,        38,          0.84,       0.8,      0.88,      0.1375,     0.135,        0.14,           0,             0
    658,        12,        38,          0.92,      0.88,      0.96,      0.1375,     0.135,        0.14,           0,             0
    659,        13,        38,             1,      0.96,      1.04,      0.1375,     0.135,        0.14,           0,             0
    660,        14,        38,          1.08,      1.04,      1.12,      0.1375,     0.135,        0.14,           0,             0
    661,        15,        38,          1.16,      1.12,       1.2,      0.1375,     0.135,        0.14,           0,             0
    664,         1,        39,          0.04,         0,      0.08,      0.1425,      0.14,       0.145,     5.22185,        5.1674
    665,         2,        39,          0.12,      0.08,      0.16,      0.1425,      0.14,       0.145,     165.996,       44.9441
    666,         3,        39,           0.2,      0.16,      0.24,      0.1425,      0.14,       0.145,     157.198,       36.0274
    667,         4,        39,          0.28,      0.24,      0.32,      0.1425,      0.14,       0.145,     55.4103,       17.1735
    668,         5,        39,          0.36,      0.32,       0.4,      0.1425,      0.14,       0.145,     4.44913,      0.810183
    669,         6,        39,          0.44,       0.4,      0.48,      0.1425,      0.14,       0.145,     1.24302,     0.0531965
    670,         7,        39,          0.52,      0.48,      0.56,      0.1425,      0.14,       0.145,    0.183534,     0.0164519
    671,         8,        39,           0.6,      0.56,      0.64,      0.1425,      0.14,       0.145,   0.0057835,    0.00216885
    672,         9,        39,          0.68,      0.64,      0.72,      0.1425,      0.14,       0.145,           0,             0
    673,        10,        39,          0.76,      0.72,       0.8,      0.1425,      0.14,       0.145,           0,             0
    674,        11,        39,          0.84,       0.8,      0.88,      0.1425,      0.14,       0.145,           0,             0
    675,        12,        39,          0.92,      0.88,      0.96,      0.1425,      0.14,       0.145,           0,             0
    676,        13,        39,             1,      0.96,      1.04,      0.1425,      0.14,       0.145,           0,             0
    677,        14,        39,          1.08,      1.04,      1.12,      0.1425,      0.14,       0.145,           0,             0
    678,        15,        39,          1.16,      1.12,       1.2,      0.1425,      0.14,       0.145,           0,             0
    681,         1,        40,          0.04,         0,      0.08,      0.1475,     0.145,        0.15,    0.353141,      0.290295
    682,         2,        40,          0.12,      0.08,      0.16,      0.1475,     0.145,        0.15,     207.121,       50.6981
    683,         3,        40,           0.2,      0.16,      0.24,      0.1475,     0.145,        0.15,     131.485,       26.6513
    684,         4,        40,          0.28,      0.24,      0.32,      0.1475,     0.145,        0.15,     29.8752,       5.32002
    685,         5,        40,          0.36,      0.32,       0.4,      0.1475,     0.145,        0.15,     5.19535,      0.608307
    686,         6,        40,          0.44,       0.4,      0.48,      0.1475,     0.145,        0.15,     1.36311,     0.0624822
    687,         7,        40,          0.52,      0.48,      0.56,      0.1475,     0.145,        0.15,    0.171645,     0.0156146
    688,         8,        40,           0.6,      0.56,      0.64,      0.1475,     0.145,        0.15,  0.00894035,    0.00431103
    689,         9,        40,          0.68,      0.64,      0.72,      0.1475,     0.145,        0.15, 2.99534e-05,   2.18123e-05
    690,        10,        40,          0.76,      0.72,       0.8,      0.1475,     0.145,        0.15,           0,             0
    691,        11,        40,          0.84,       0.8,      0.88,      0.1475,     0.145,        0.15,           0,             0
    692,        12,        40,          0.92,      0.88,      0.96,      0.1475,     0.145,        0.15,           0,             0
    693,        13,        40,             1,      0.96,      1.04,      0.1475,     0.145,        0.15,           0,             0
    694,        14,        40,          1.08,      1.04,      1.12,      0.1475,     0.145,        0.15,           0,             0
    695,        15,        40,          1.16,      1.12,       1.2,      0.1475,     0.145,        0.15,           0,             0
    698,         1,        41,          0.04,         0,      0.08,      0.1525,      0.15,       0.155,   0.0113186,    0.00725364
    699,         2,        41,          0.12,      0.08,      0.16,      0.1525,      0.15,       0.155,     127.101,       33.8031
    700,         3,        41,           0.2,      0.16,      0.24,      0.1525,      0.15,       0.155,     220.537,       46.7019
    701,         4,        41,          0.28,      0.24,      0.32,      0.1525,      0.15,       0.155,     46.7876,       17.3533
    702,         5,        41,          0.36,      0.32,       0.4,      0.1525,      0.15,       0.155,     9.55864,        3.0491
    703,         6,        41,          0.44,       0.4,      0.48,      0.1525,      0.15,       0.155,      1.3092,     0.0629505
    704,         7,        41,          0.52,      0.48,      0.56,      0.1525,      0.15,       0.155,     0.18534,     0.0148842
    705,         8,        41,           0.6,      0.56,      0.64,      0.1525,      0.15,       0.155,  0.00747244,    0.00308723
    706,         9,        41,          0.68,      0.64,      0.72,      0.1525,      0.15,       0.155,           0,             0
    707,        10,        41,          0.76,      0.72,       0.8,      0.1525,      0.15,       0.155,           0,             0
    708,        11,        41,          0.84,       0.8,      0.88,      0.1525,      0.15,       0.155,           0,             0
    709,        12,        41,          0.92,      0.88,      0.96,      0.1525,      0.15,       0.155,           0,             0
    710,        13,        41,             1,      0.96,      1.04,      0.1525,      0.15,       0.155,           0,             0
    711,        14,        41,          1.08,      1.04,      1.12,      0.1525,      0.15,       0.155,           0,             0
    712,        15,        41,          1.16,      1.12,       1.2,      0.1525,      0.15,       0.155,           0,             0
    715,         1,        42,          0.04,         0,      0.08,      0.1575,     0.155,        0.16,   0.0189373,    0.00804357
    716,         2,        42,          0.12,      0.08,      0.16,      0.1575,     0.155,        0.16,     123.966,       35.4982
    717,         3,        42,           0.2,      0.16,      0.24,      0.1575,     0.155,        0.16,     148.757,       45.7916
    718,         4,        42,          0.28,      0.24,      0.32,      0.1575,     0.155,        0.16,     46.5156,       12.3396
    719,         5,        42,          0.36,      0.32,       0.4,      0.1575,     0.155,        0.16,     8.52564,       2.21801
    720,         6,        42,          0.44,       0.4,      0.48,      0.1575,     0.155,        0.16,     1.20306,      0.058131
    721,         7,        42,          0.52,      0.48,      0.56,      0.1575,     0.155,        0.16,    0.386286,      0.211015
    722,         8,        42,           0.6,      0.56,      0.64,      0.1575,     0.155,        0.16,  0.00659066,     0.0017628
    723,         9,        42,          0.68,      0.64,      0.72,      0.1575,     0.155,        0.16, 3.37839e-05,   3.37839e-05
    724,        10,        42,          0.76,      0.72,       0.8,      0.1575,     0.155,        0.16,           0,             0
    725,        11,        42,          0.84,       0.8,      0.88,      0.1575,     0.155,        0.16,           0,             0
    726,        12,        42,          0.92,      0.88,      0.96,      0.1575,     0.155,        0.16,           0,             0
    727,        13,        42,             1,      0.96,      1.04,      0.1575,     0.155,        0.16,           0,             0
    728,        14,        42,          1.08,      1.04,      1.12,      0.1575,     0.155,        0.16,           0,             0
    729,        15,        42,          1.16,      1.12,       1.2,      0.1575,     0.155,        0.16,           0,             0
    732,         1,        43,          0.04,         0,      0.08,      0.1625,      0.16,       0.165,  0.00434532,    0.00258331
    733,         2,        43,          0.12,      0.08,      0.16,      0.1625,      0.16,       0.165,     102.553,       28.3581
    734,         3,        43,           0.2,      0.16,      0.24,      0.1625,      0.16,       0.165,     202.802,        43.635
    735,         4,        43,          0.28,      0.24,      0.32,      0.1625,      0.16,       0.165,     39.2979,       13.0144
    736,         5,        43,          0.36,      0.32,       0.4,      0.1625,      0.16,       0.165,      5.3857,      0.868286
    737,         6,        43,          0.44,       0.4,      0.48,      0.1625,      0.16,       0.165,     1.22494,     0.0586837
    738,         7,        43,          0.52,      0.48,      0.56,      0.1625,      0.16,       0.165,    0.203498,     0.0182355
    739,         8,        43,           0.6,      0.56,      0.64,      0.1625,      0.16,       0.165,  0.00588192,    0.00203997
    740,         9,        43,          0.68,      0.64,      0.72,      0.1625,      0.16,       0.165, 8.68587e-06,   8.68587e-06
    741,        10,        43,          0.76,      0.72,       0.8,      0.1625,      0.16,       0.165,           0,             0
    742,        11,        43,          0.84,       0.8,      0.88,      0.1625,      0.16,       0.165,           0,             0
    743,        12,        43,          0.92,      0.88,      0.96,      0.1625,      0.16,       0.165,           0,             0
    744,        13,        43,             1,      0.96,      1.04,      0.1625,      0.16,       0.165,           0,             0
    745,        14,        43,          1.08,      1.04,      1.12,      0.1625,      0.16,       0.165,           0,             0
    746,        15,        43,          1.16,      1.12,       1.2,      0.1625,      0.16,       0.165,           0,             0
    749,         1,        44,          0.04,         0,      0.08,      0.1675,     0.165,        0.17,  0.00300192,    0.00300192
    750,         2,        44,          0.12,      0.08,      0.16,      0.1675,     0.165,        0.17,     103.528,       42.0679
    751,         3,        44,           0.2,      0.16,      0.24,      0.1675,     0.165,        0.17,     227.563,       59.4097
    752,         4,        44,          0.28,      0.24,      0.32,      0.1675,     0.165,        0.17,     57.7211,       16.2497
    753,         5,        44,          0.36,      0.32,       0.4,      0.1675,     0.165,        0.17,     4.85844,      0.606889
    754,         6,        44,          0.44,       0.4,      0.48,      0.1675,     0.165,        0.17,     1.21983,     0.0609788
    755,         7,        44,          0.52,      0.48,      0.56,      0.1675,     0.165,        0.17,    0.173309,     0.0167162
    756,         8,        44,           0.6,      0.56,      0.64,      0.1675,     0.165,        0.17,  0.00439912,     0.0011777
    757,         9,        44,          0.68,      0.64,      0.72,      0.1675,     0.165,        0.17, 1.87928e-05,   1.41513e-05
    758,        10,        44,          0.76,      0.72,       0.8,      0.1675,     0.165,        0.17,           0,             0
    759,        11,        44,          0.84,       0.8,      0.88,      0.1675,     0.165,        0.17,           0,             0
    760,        12,        44,          0.92,      0.88,      0.96,      0.1675,     0.165,        0.17,           0,             0
    761,        13,        44,             1,      0.96,      1.04,      0.1675,     0.165,        0.17,           0,             0
    762,        14,        44,          1.08,      1.04,      1.12,      0.1675,     0.165,        0.17,           0,             0
    763,        15,        44,          1.16,      1.12,       1.2,      0.1675,     0.165,        0.17,           0,             0
    766,         1,        45,          0.04,         0,      0.08,      0.1725,      0.17,       0.175,  0.00503428,    0.00503428
    767,         2,        45,          0.12,      0.08,      0.16,      0.1725,      0.17,       0.175,     103.884,       36.6709
    768,         3,        45,           0.2,      0.16,      0.24,      0.1725,      0.17,       0.175,     162.827,       29.8004
    769,         4,        45,          0.28,      0.24,      0.32,      0.1725,      0.17,       0.175,     60.8915,       20.3538
    770,         5,        45,          0.36,      0.32,       0.4,      0.1725,      0.17,       0.175,     5.11726,       0.84171
    771,         6,        45,          0.44,       0.4,      0.48,      0.1725,      0.17,       0.175,     1.15387,     0.0558482
    772,         7,        45,          0.52,      0.48,      0.56,      0.1725,      0.17,       0.175,    0.158229,     0.0195524
    773,         8,        45,           0.6,      0.56,      0.64,      0.1725,      0.17,       0.175,  0.00632942,    0.00212152
    774,         9,        45,          0.68,      0.64,      0.72,      0.1725,      0.17,       0.175, 2.79071e-05,   2.13088e-05
    775,        10,        45,          0.76,      0.72,       0.8,      0.1725,      0.17,       0.175,           0,             0
    776,        11,        45,          0.84,       0.8,      0.88,      0.1725,      0.17,       0.175,           0,             0
    777,        12,        45,          0.92,      0.88,      0.96,      0.1725,      0.17,       0.175,           0,             0
    778,        13,        45,             1,      0.96,      1.04,      0.1725,      0.17,       0.175,           0,             0
    779,        14,        45,          1.08,      1.04,      1.12,      0.1725,      0.17,       0.175,           0,             0
    780,        15,        45,          1.16,      1.12,       1.2,      0.1725,      0.17,       0.175,           0,             0
    783,         1,        46,          0.04,         0,      0.08,      0.1775,     0.175,        0.18,           0,             0
    784,         2,        46,          0.12,      0.08,      0.16,      0.1775,     0.175,        0.18,     83.7429,       24.7546
    785,         3,        46,           0.2,      0.16,      0.24,      0.1775,     0.175,        0.18,     146.573,       33.2288
    786,         4,        46,          0.28,      0.24,      0.32,      0.1775,     0.175,        0.18,     70.0357,       16.0697
    787,         5,        46,          0.36,      0.32,       0.4,      0.1775,     0.175,        0.18,     13.6731,       6.32712
    788,         6,        46,          0.44,       0.4,      0.48,      0.1775,     0.175,        0.18,     1.09199,     0.0865125
    789,         7,        46,          0.52,      0.48,      0.56,      0.1775,     0.175,        0.18,    0.171368,     0.0242132
    790,         8,        46,           0.6,      0.56,      0.64,      0.1775,     0.175,        0.18,   0.0120615,    0.00250037
    791,         9,        46,          0.68,      0.64,      0.72,      0.1775,     0.175,        0.18, 0.000127754,   6.38067e-05
    792,        10,        46,          0.76,      0.72,       0.8,      0.1775,     0.175,        0.18,           0,             0
    793,        11,        46,          0.84,       0.8,      0.88,      0.1775,     0.175,        0.18,           0,             0
    794,        12,        46,          0.92,      0.88,      0.96,      0.1775,     0.175,        0.18,           0,             0
    795,        13,        46,             1,      0.96,      1.04,      0.1775,     0.175,        0.18,           0,             0
    796,        14,        46,          1.08,      1.04,      1.12,      0.1775,     0.175,        0.18,           0,             0
    797,        15,        46,          1.16,      1.12,       1.2,      0.1775,     0.175,        0.18,           0,             0
    800,         1,        47,          0.04,         0,      0.08,      0.1825,      0.18,       0.185,           0,             0
    801,         2,        47,          0.12,      0.08,      0.16,      0.1825,      0.18,       0.185,     77.2517,       31.0484
    802,         3,        47,           0.2,      0.16,      0.24,      0.1825,      0.18,       0.185,     152.616,       34.9136
    803,         4,        47,          0.28,      0.24,      0.32,      0.1825,      0.18,       0.185,     22.4421,       3.26739
    804,         5,        47,          0.36,      0.32,       0.4,      0.1825,      0.18,       0.185,     14.0541,       6.66671
    805,         6,        47,          0.44,       0.4,      0.48,      0.1825,      0.18,       0.185,    0.932219,     0.0478088
    806,         7,        47,          0.52,      0.48,      0.56,      0.1825,      0.18,       0.185,    0.131271,     0.0161004
    807,         8,        47,           0.6,      0.56,      0.64,      0.1825,      0.18,       0.185,  0.00814774,    0.00180396
    808,         9,        47,          0.68,      0.64,      0.72,      0.1825,      0.18,       0.185, 4.44975e-05,   2.84316e-05
    809,        10,        47,          0.76,      0.72,       0.8,      0.1825,      0.18,       0.185,           0,             0
    810,        11,        47,          0.84,       0.8,      0.88,      0.1825,      0.18,       0.185,           0,             0
    811,        12,        47,          0.92,      0.88,      0.96,      0.1825,      0.18,       0.185,           0,             0
    812,        13,        47,             1,      0.96,      1.04,      0.1825,      0.18,       0.185,           0,             0
    813,        14,        47,          1.08,      1.04,      1.12,      0.1825,      0.18,       0.185,           0,             0
    814,        15,        47,          1.16,      1.12,       1.2,      0.1825,      0.18,       0.185,           0,             0
    817,         1,        48,          0.04,         0,      0.08,      0.1875,     0.185,        0.19,  0.00025373,    0.00025373
    818,         2,        48,          0.12,      0.08,      0.16,      0.1875,     0.185,        0.19,     64.9553,       25.3027
    819,         3,        48,           0.2,      0.16,      0.24,      0.1875,     0.185,        0.19,     144.376,       29.1461
    820,         4,        48,          0.28,      0.24,      0.32,      0.1875,     0.185,        0.19,     33.3493,       9.54027
    821,         5,        48,          0.36,      0.32,       0.4,      0.1875,     0.185,        0.19,     11.6568,       4.24498
    822,         6,        48,          0.44,       0.4,      0.48,      0.1875,     0.185,        0.19,     1.16685,      0.214782
    823,         7,        48,          0.52,      0.48,      0.56,      0.1875,     0.185,        0.19,    0.111867,     0.0102119
    824,         8,        48,           0.6,      0.56,      0.64,      0.1875,     0.185,        0.19,  0.00896352,    0.00184358
    825,         9,        48,          0.68,      0.64,      0.72,      0.1875,     0.185,        0.19,           0,             0
    826,        10,        48,          0.76,      0.72,       0.8,      0.1875,     0.185,        0.19,           0,             0
    827,        11,        48,          0.84,       0.8,      0.88,      0.1875,     0.185,        0.19,           0,             0
    828,        12,        48,          0.92,      0.88,      0.96,      0.1875,     0.185,        0.19,           0,             0
    829,        13,        48,             1,      0.96,      1.04,      0.1875,     0.185,        0.19,           0,             0
    830,        14,        48,          1.08,      1.04,      1.12,      0.1875,     0.185,        0.19,           0,             0
    831,        15,        48,          1.16,      1.12,       1.2,      0.1875,     0.185,        0.19,           0,             0
    834,         1,        49,          0.04,         0,      0.08,      0.1925,      0.19,       0.195,           0,             0
    835,         2,        49,          0.12,      0.08,      0.16,      0.1925,      0.19,       0.195,      50.662,        17.865
    836,         3,        49,           0.2,      0.16,      0.24,      0.1925,      0.19,       0.195,     225.106,       54.8469
    837,         4,        49,          0.28,      0.24,      0.32,      0.1925,      0.19,       0.195,     71.4588,       16.8932
    838,         5,        49,          0.36,      0.32,       0.4,      0.1925,      0.19,       0.195,     10.9057,       4.02311
    839,         6,        49,          0.44,       0.4,      0.48,      0.1925,      0.19,       0.195,    0.805491,     0.0508921
    840,         7,        49,          0.52,      0.48,      0.56,      0.1925,      0.19,       0.195,   0.0842474,    0.00704226
    841,         8,        49,           0.6,      0.56,      0.64,      0.1925,      0.19,       0.195,  0.00898455,    0.00203917
    842,         9,        49,          0.68,      0.64,      0.72,      0.1925,      0.19,       0.195, 6.87437e-05,   5.69771e-05
    843,        10,        49,          0.76,      0.72,       0.8,      0.1925,      0.19,       0.195,           0,             0
    844,        11,        49,          0.84,       0.8,      0.88,      0.1925,      0.19,       0.195,           0,             0
    845,        12,        49,          0.92,      0.88,      0.96,      0.1925,      0.19,       0.195,           0,             0
    846,        13,        49,             1,      0.96,      1.04,      0.1925,      0.19,       0.195,           0,             0
    847,        14,        49,          1.08,      1.04,      1.12,      0.1925,      0.19,       0.195,           0,             0
    848,        15,        49,          1.16,      1.12,       1.2,      0.1925,      0.19,       0.195,           0,             0
    851,         1,        50,          0.04,         0,      0.08,      0.1975,     0.195,         0.2,           0,             0
    852,         2,        50,          0.12,      0.08,      0.16,      0.1975,     0.195,         0.2,     15.2297,       8.25813
    853,         3,        50,           0.2,      0.16,      0.24,      0.1975,     0.195,         0.2,     239.826,       57.1651
    854,         4,        50,          0.28,      0.24,      0.32,      0.1975,     0.195,         0.2,     26.8878,       4.90461
    855,         5,        50,          0.36,      0.32,       0.4,      0.1975,     0.195,         0.2,     5.12519,      0.861883
    856,         6,        50,          0.44,       0.4,      0.48,      0.1975,     0.195,         0.2,     1.41723,      0.611914
    857,         7,        50,          0.52,      0.48,      0.56,      0.1975,     0.195,         0.2,   0.0966742,    0.00849049
    858,         8,        50,           0.6,      0.56,      0.64,      0.1975,     0.195,         0.2,  0.00992675,    0.00190347
    859,         9,        50,          0.68,      0.64,      0.72,      0.1975,     0.195,         0.2, 0.000105019,   5.22227e-05
    860,        10,        50,          0.76,      0.72,       0.8,      0.1975,     0.195,         0.2,           0,             0
    861,        11,        50,          0.84,       0.8,      0.88,      0.1975,     0.195,         0.2,           0,             0
    862,        12,        50,          0.92,      0.88,      0.96,      0.1975,     0.195,         0.2,           0,             0
    863,        13,        50,             1,      0.96,      1.04,      0.1975,     0.195,         0.2,           0,             0
    864,        14,        50,          1.08,      1.04,      1.12,      0.1975,     0.195,         0.2,           0,             0
    865,        15,        50,          1.16,      1.12,       1.2,      0.1975,     0.195,         0.2,           0,             0
