# 2D Histogram Bin Extraction 
#                   
# histogram parameters:  
# title      : Final e^{-} Momentum (2D Average) 
# ybins      : 30 
# ylabel     :  P_{m} [GeV/c] 
# xbins      : 19 
# xlabel     :  #theta_{rq} [deg] 
# ybin_width : 0.040 
# xbin_width : 10.000 
#                   
# header definitions:
# ib:         (x,y)  bin number 
# xb:         x-axis bin number 
# yb:         y-axis bin number 
# x0:         x-axis central bin value 
# xlow:       x-axis low-edge bin value 
# xup:        x-axis up-edge bin value 
# y0:         y-axis central bin value 
# ylow:       y-axis low-edge bin value 
# yup:        y-axis up-edge bin value 
# zcont:      bin content (z-axis) 
# zcont_err:  bin content error (z-axis) 
#                                        
ib,xb,yb,x0,xlow,xup,y0,ylow,yup,zcont,zcont_err
     22,         1,         1,             5,         0,        10,        0.02,         0,        0.04,     8.65763,       5.48953
     23,         2,         1,            15,        10,        20,        0.02,         0,        0.04,     8.66181,       3.19564
     24,         3,         1,            25,        20,        30,        0.02,         0,        0.04,     8.65758,       2.55351
     25,         4,         1,            35,        30,        40,        0.02,         0,        0.04,      8.6616,       2.39246
     26,         5,         1,            45,        40,        50,        0.02,         0,        0.04,     8.66144,       1.52356
     27,         6,         1,            55,        50,        60,        0.02,         0,        0.04,     8.66849,       1.30943
     28,         7,         1,            65,        60,        70,        0.02,         0,        0.04,     8.68553,      0.933287
     29,         8,         1,            75,        70,        80,        0.02,         0,        0.04,     8.71356,      0.663284
     30,         9,         1,            85,        80,        90,        0.02,         0,        0.04,      8.7384,      0.558697
     31,        10,         1,            95,        90,       100,        0.02,         0,        0.04,     8.72069,      0.570921
     32,        11,         1,           105,       100,       110,        0.02,         0,        0.04,     8.71509,      0.696967
     33,        12,         1,           115,       110,       120,        0.02,         0,        0.04,     8.72965,       1.00979
     34,        13,         1,           125,       120,       130,        0.02,         0,        0.04,     8.73775,       1.24862
     35,        14,         1,           135,       130,       140,        0.02,         0,        0.04,     8.73958,       1.57258
     36,        15,         1,           145,       140,       150,        0.02,         0,        0.04,     8.74839,       2.31714
     37,        16,         1,           155,       150,       160,        0.02,         0,        0.04,      8.7412,       2.81999
     38,        17,         1,           165,       160,       170,        0.02,         0,        0.04,     8.74632,       3.07026
     39,        18,         1,           175,       170,       180,        0.02,         0,        0.04,     8.75966,       6.22371
     40,        19,         1,           185,       180,       190,        0.02,         0,        0.04,           0,             0
     43,         1,         2,             5,         0,        10,        0.06,      0.04,        0.08,     8.63096,       1.94339
     44,         2,         2,            15,        10,        20,        0.06,      0.04,        0.08,     8.62228,       1.09726
     45,         3,         2,            25,        20,        30,        0.06,      0.04,        0.08,     8.63001,      0.812473
     46,         4,         2,            35,        30,        40,        0.06,      0.04,        0.08,     8.63178,      0.670203
     47,         5,         2,            45,        40,        50,        0.06,      0.04,        0.08,     8.64668,      0.521983
     48,         6,         2,            55,        50,        60,        0.06,      0.04,        0.08,      8.6692,      0.431962
     49,         7,         2,            65,        60,        70,        0.06,      0.04,        0.08,     8.70004,      0.367286
     50,         8,         2,            75,        70,        80,        0.06,      0.04,        0.08,     8.74189,      0.339945
     51,         9,         2,            85,        80,        90,        0.06,      0.04,        0.08,     8.74108,      0.365811
     52,        10,         2,            95,        90,       100,        0.06,      0.04,        0.08,     8.70849,      0.381633
     53,        11,         2,           105,       100,       110,        0.06,      0.04,        0.08,     8.68734,      0.360198
     54,        12,         2,           115,       110,       120,        0.06,      0.04,        0.08,     8.70929,       0.39854
     55,        13,         2,           125,       120,       130,        0.06,      0.04,        0.08,     8.72808,      0.539478
     56,        14,         2,           135,       130,       140,        0.06,      0.04,        0.08,     8.73955,      0.787045
     57,        15,         2,           145,       140,       150,        0.06,      0.04,        0.08,     8.74575,       1.01937
     58,        16,         2,           155,       150,       160,        0.06,      0.04,        0.08,     8.73846,       1.42257
     59,        17,         2,           165,       160,       170,        0.06,      0.04,        0.08,     8.75906,       2.35041
     60,        18,         2,           175,       170,       180,        0.06,      0.04,        0.08,     8.75456,        4.0832
     61,        19,         2,           185,       180,       190,        0.06,      0.04,        0.08,           0,             0
     64,         1,         3,             5,         0,        10,         0.1,      0.08,        0.12,     8.62838,       1.32751
     65,         2,         3,            15,        10,        20,         0.1,      0.08,        0.12,      8.6204,      0.723458
     66,         3,         3,            25,        20,        30,         0.1,      0.08,        0.12,     8.62428,      0.510345
     67,         4,         3,            35,        30,        40,         0.1,      0.08,        0.12,     8.63714,      0.381257
     68,         5,         3,            45,        40,        50,         0.1,      0.08,        0.12,     8.65516,      0.311753
     69,         6,         3,            55,        50,        60,         0.1,      0.08,        0.12,     8.69399,      0.267807
     70,         7,         3,            65,        60,        70,         0.1,      0.08,        0.12,     8.74505,       0.24425
     71,         8,         3,            75,        70,        80,         0.1,      0.08,        0.12,     8.77299,      0.255029
     72,         9,         3,            85,        80,        90,         0.1,      0.08,        0.12,     8.73057,      0.291516
     73,        10,         3,            95,        90,       100,         0.1,      0.08,        0.12,     8.69878,      0.300552
     74,        11,         3,           105,       100,       110,         0.1,      0.08,        0.12,     8.66976,      0.282326
     75,        12,         3,           115,       110,       120,         0.1,      0.08,        0.12,      8.6685,      0.303435
     76,        13,         3,           125,       120,       130,         0.1,      0.08,        0.12,     8.68347,      0.477138
     77,        14,         3,           135,       130,       140,         0.1,      0.08,        0.12,     8.69398,      0.739328
     78,        15,         3,           145,       140,       150,         0.1,      0.08,        0.12,     8.70346,       1.09946
     79,        16,         3,           155,       150,       160,         0.1,      0.08,        0.12,     8.71022,       1.55688
     80,        17,         3,           165,       160,       170,         0.1,      0.08,        0.12,     8.70668,       2.02177
     81,        18,         3,           175,       170,       180,         0.1,      0.08,        0.12,     8.69148,       3.07958
     82,        19,         3,           185,       180,       190,         0.1,      0.08,        0.12,           0,             0
     85,         1,         4,             5,         0,        10,        0.14,      0.12,        0.16,     8.62298,       1.14659
     86,         2,         4,            15,        10,        20,        0.14,      0.12,        0.16,     8.63696,      0.565585
     87,         3,         4,            25,        20,        30,        0.14,      0.12,        0.16,      8.6384,      0.397039
     88,         4,         4,            35,        30,        40,        0.14,      0.12,        0.16,     8.65491,      0.292691
     89,         5,         4,            45,        40,        50,        0.14,      0.12,        0.16,     8.68937,      0.234429
     90,         6,         4,            55,        50,        60,        0.14,      0.12,        0.16,     8.74033,      0.202756
     91,         7,         4,            65,        60,        70,        0.14,      0.12,        0.16,     8.79416,      0.186702
     92,         8,         4,            75,        70,        80,        0.14,      0.12,        0.16,     8.76367,      0.218482
     93,         9,         4,            85,        80,        90,        0.14,      0.12,        0.16,      8.7087,      0.240636
     94,        10,         4,            95,        90,       100,        0.14,      0.12,        0.16,     8.67428,      0.254744
     95,        11,         4,           105,       100,       110,        0.14,      0.12,        0.16,     8.64059,      0.257107
     96,        12,         4,           115,       110,       120,        0.14,      0.12,        0.16,     8.61907,      0.268616
     97,        13,         4,           125,       120,       130,        0.14,      0.12,        0.16,     8.63733,      0.456804
     98,        14,         4,           135,       130,       140,        0.14,      0.12,        0.16,     8.65052,      0.733332
     99,        15,         4,           145,       140,       150,        0.14,      0.12,        0.16,      8.6617,       1.07431
    100,        16,         4,           155,       150,       160,        0.14,      0.12,        0.16,     8.67185,       1.37592
    101,        17,         4,           165,       160,       170,        0.14,      0.12,        0.16,     8.67664,       2.08399
    102,        18,         4,           175,       170,       180,        0.14,      0.12,        0.16,     8.67032,       3.86529
    103,        19,         4,           185,       180,       190,        0.14,      0.12,        0.16,           0,             0
    106,         1,         5,             5,         0,        10,        0.18,      0.16,         0.2,     8.61312,      0.948859
    107,         2,         5,            15,        10,        20,        0.18,      0.16,         0.2,     8.62082,      0.508685
    108,         3,         5,            25,        20,        30,        0.18,      0.16,         0.2,     8.64075,      0.326904
    109,         4,         5,            35,        30,        40,        0.18,      0.16,         0.2,     8.66933,      0.234792
    110,         5,         5,            45,        40,        50,        0.18,      0.16,         0.2,      8.7218,      0.183672
    111,         6,         5,            55,        50,        60,        0.18,      0.16,         0.2,     8.79219,      0.162623
    112,         7,         5,            65,        60,        70,        0.18,      0.16,         0.2,     8.80789,      0.168415
    113,         8,         5,            75,        70,        80,        0.18,      0.16,         0.2,     8.74192,      0.200863
    114,         9,         5,            85,        80,        90,        0.18,      0.16,         0.2,      8.6898,      0.218055
    115,        10,         5,            95,        90,       100,        0.18,      0.16,         0.2,     8.65254,      0.235456
    116,        11,         5,           105,       100,       110,        0.18,      0.16,         0.2,     8.61584,      0.256734
    117,        12,         5,           115,       110,       120,        0.18,      0.16,         0.2,     8.58998,      0.278993
    118,        13,         5,           125,       120,       130,        0.18,      0.16,         0.2,     8.60224,      0.463877
    119,        14,         5,           135,       130,       140,        0.18,      0.16,         0.2,     8.62178,      0.831686
    120,        15,         5,           145,       140,       150,        0.18,      0.16,         0.2,     8.63263,       1.53494
    121,        16,         5,           155,       150,       160,        0.18,      0.16,         0.2,     8.64237,       2.47052
    122,        17,         5,           165,       160,       170,        0.18,      0.16,         0.2,     8.62882,       7.13343
    123,        18,         5,           175,       170,       180,        0.18,      0.16,         0.2,     8.68406,       12.2811
    124,        19,         5,           185,       180,       190,        0.18,      0.16,         0.2,           0,             0
    127,         1,         6,             5,         0,        10,        0.22,       0.2,        0.24,     8.58609,      0.954097
    128,         2,         6,            15,        10,        20,        0.22,       0.2,        0.24,     8.61283,      0.455594
    129,         3,         6,            25,        20,        30,        0.22,       0.2,        0.24,     8.63994,      0.276044
    130,         4,         6,            35,        30,        40,        0.22,       0.2,        0.24,     8.68533,      0.190829
    131,         5,         6,            45,        40,        50,        0.22,       0.2,        0.24,     8.75523,      0.153827
    132,         6,         6,            55,        50,        60,        0.22,       0.2,        0.24,     8.81903,      0.141154
    133,         7,         6,            65,        60,        70,        0.22,       0.2,        0.24,     8.78893,      0.163354
    134,         8,         6,            75,        70,        80,        0.22,       0.2,        0.24,     8.71974,      0.185534
    135,         9,         6,            85,        80,        90,        0.22,       0.2,        0.24,     8.66617,       0.20794
    136,        10,         6,            95,        90,       100,        0.22,       0.2,        0.24,     8.62532,      0.230902
    137,        11,         6,           105,       100,       110,        0.22,       0.2,        0.24,     8.58994,      0.280365
    138,        12,         6,           115,       110,       120,        0.22,       0.2,        0.24,     8.56667,      0.352364
    139,        13,         6,           125,       120,       130,        0.22,       0.2,        0.24,     8.57266,      0.564356
    140,        14,         6,           135,       130,       140,        0.22,       0.2,        0.24,      8.5968,       1.28306
    141,        15,         6,           145,       140,       150,        0.22,       0.2,        0.24,     8.59796,       4.14593
    142,        16,         6,           155,       150,       160,        0.22,       0.2,        0.24,     8.63132,       12.2065
    143,        17,         6,           165,       160,       170,        0.22,       0.2,        0.24,           0,             0
    144,        18,         6,           175,       170,       180,        0.22,       0.2,        0.24,           0,             0
    145,        19,         6,           185,       180,       190,        0.22,       0.2,        0.24,           0,             0
    148,         1,         7,             5,         0,        10,        0.26,      0.24,        0.28,     8.57053,       1.32795
    149,         2,         7,            15,        10,        20,        0.26,      0.24,        0.28,     8.61657,      0.461772
    150,         3,         7,            25,        20,        30,        0.26,      0.24,        0.28,     8.65787,      0.263156
    151,         4,         7,            35,        30,        40,        0.26,      0.24,        0.28,     8.70784,      0.165992
    152,         5,         7,            45,        40,        50,        0.26,      0.24,        0.28,     8.78938,      0.131834
    153,         6,         7,            55,        50,        60,        0.26,      0.24,        0.28,     8.80874,      0.136778
    154,         7,         7,            65,        60,        70,        0.26,      0.24,        0.28,     8.76823,      0.152348
    155,         8,         7,            75,        70,        80,        0.26,      0.24,        0.28,     8.69837,      0.174963
    156,         9,         7,            85,        80,        90,        0.26,      0.24,        0.28,     8.64029,      0.200961
    157,        10,         7,            95,        90,       100,        0.26,      0.24,        0.28,     8.59555,      0.247275
    158,        11,         7,           105,       100,       110,        0.26,      0.24,        0.28,     8.56286,      0.348998
    159,        12,         7,           115,       110,       120,        0.26,      0.24,        0.28,     8.54548,       0.52133
    160,        13,         7,           125,       120,       130,        0.26,      0.24,        0.28,     8.54171,      0.867536
    161,        14,         7,           135,       130,       140,        0.26,      0.24,        0.28,     8.56499,       4.32475
    162,        15,         7,           145,       140,       150,        0.26,      0.24,        0.28,     8.58943,       12.1473
    163,        16,         7,           155,       150,       160,        0.26,      0.24,        0.28,           0,             0
    164,        17,         7,           165,       160,       170,        0.26,      0.24,        0.28,           0,             0
    165,        18,         7,           175,       170,       180,        0.26,      0.24,        0.28,           0,             0
    166,        19,         7,           185,       180,       190,        0.26,      0.24,        0.28,           0,             0
    169,         1,         8,             5,         0,        10,         0.3,      0.28,        0.32,     8.58494,       2.21303
    170,         2,         8,            15,        10,        20,         0.3,      0.28,        0.32,     8.63359,      0.529778
    171,         3,         8,            25,        20,        30,         0.3,      0.28,        0.32,     8.68169,      0.253766
    172,         4,         8,            35,        30,        40,         0.3,      0.28,        0.32,     8.74524,      0.148839
    173,         5,         8,            45,        40,        50,         0.3,      0.28,        0.32,     8.79944,      0.122479
    174,         6,         8,            55,        50,        60,         0.3,      0.28,        0.32,     8.78851,      0.134918
    175,         7,         8,            65,        60,        70,         0.3,      0.28,        0.32,     8.74969,      0.148027
    176,         8,         8,            75,        70,        80,         0.3,      0.28,        0.32,     8.67969,      0.171764
    177,         9,         8,            85,        80,        90,         0.3,      0.28,        0.32,      8.6132,      0.210795
    178,        10,         8,            95,        90,       100,         0.3,      0.28,        0.32,     8.56779,      0.277218
    179,        11,         8,           105,       100,       110,         0.3,      0.28,        0.32,      8.5396,      0.500491
    180,        12,         8,           115,       110,       120,         0.3,      0.28,        0.32,      8.5237,       1.05057
    181,        13,         8,           125,       120,       130,         0.3,      0.28,        0.32,     8.52055,       1.96924
    182,        14,         8,           135,       130,       140,         0.3,      0.28,        0.32,           0,             0
    183,        15,         8,           145,       140,       150,         0.3,      0.28,        0.32,           0,             0
    184,        16,         8,           155,       150,       160,         0.3,      0.28,        0.32,           0,             0
    185,        17,         8,           165,       160,       170,         0.3,      0.28,        0.32,           0,             0
    186,        18,         8,           175,       170,       180,         0.3,      0.28,        0.32,           0,             0
    187,        19,         8,           185,       180,       190,         0.3,      0.28,        0.32,           0,             0
    190,         1,         9,             5,         0,        10,        0.34,      0.32,        0.36,     8.60454,       3.42633
    191,         2,         9,            15,        10,        20,        0.34,      0.32,        0.36,     8.65196,      0.634668
    192,         3,         9,            25,        20,        30,        0.34,      0.32,        0.36,     8.71016,      0.253348
    193,         4,         9,            35,        30,        40,        0.34,      0.32,        0.36,     8.78085,      0.139881
    194,         5,         9,            45,        40,        50,        0.34,      0.32,        0.36,     8.79461,      0.122764
    195,         6,         9,            55,        50,        60,        0.34,      0.32,        0.36,     8.77159,      0.135459
    196,         7,         9,            65,        60,        70,        0.34,      0.32,        0.36,     8.73028,      0.152126
    197,         8,         9,            75,        70,        80,        0.34,      0.32,        0.36,     8.65242,      0.178077
    198,         9,         9,            85,        80,        90,        0.34,      0.32,        0.36,     8.58193,      0.218176
    199,        10,         9,            95,        90,       100,        0.34,      0.32,        0.36,      8.5385,      0.353208
    200,        11,         9,           105,       100,       110,        0.34,      0.32,        0.36,      8.5107,      0.936925
    201,        12,         9,           115,       110,       120,        0.34,      0.32,        0.36,     8.50774,       3.47831
    202,        13,         9,           125,       120,       130,        0.34,      0.32,        0.36,           0,             0
    203,        14,         9,           135,       130,       140,        0.34,      0.32,        0.36,           0,             0
    204,        15,         9,           145,       140,       150,        0.34,      0.32,        0.36,           0,             0
    205,        16,         9,           155,       150,       160,        0.34,      0.32,        0.36,           0,             0
    206,        17,         9,           165,       160,       170,        0.34,      0.32,        0.36,           0,             0
    207,        18,         9,           175,       170,       180,        0.34,      0.32,        0.36,           0,             0
    208,        19,         9,           185,       180,       190,        0.34,      0.32,        0.36,           0,             0
    211,         1,        10,             5,         0,        10,        0.38,      0.36,         0.4,           0,             0
    212,         2,        10,            15,        10,        20,        0.38,      0.36,         0.4,     8.66714,      0.781065
    213,         3,        10,            25,        20,        30,        0.38,      0.36,         0.4,     8.74152,      0.245012
    214,         4,        10,            35,        30,        40,        0.38,      0.36,         0.4,     8.79968,      0.133406
    215,         5,        10,            45,        40,        50,        0.38,      0.36,         0.4,     8.78698,       0.12917
    216,         6,        10,            55,        50,        60,        0.38,      0.36,         0.4,     8.75625,      0.139416
    217,         7,        10,            65,        60,        70,        0.38,      0.36,         0.4,     8.71066,      0.159297
    218,         8,        10,            75,        70,        80,        0.38,      0.36,         0.4,     8.62479,      0.192173
    219,         9,        10,            85,        80,        90,        0.38,      0.36,         0.4,      8.5533,       0.25483
    220,        10,        10,            95,        90,       100,        0.38,      0.36,         0.4,     8.51151,      0.540281
    221,        11,        10,           105,       100,       110,        0.38,      0.36,         0.4,     8.49004,       3.10746
    222,        12,        10,           115,       110,       120,        0.38,      0.36,         0.4,           0,             0
    223,        13,        10,           125,       120,       130,        0.38,      0.36,         0.4,           0,             0
    224,        14,        10,           135,       130,       140,        0.38,      0.36,         0.4,           0,             0
    225,        15,        10,           145,       140,       150,        0.38,      0.36,         0.4,           0,             0
    226,        16,        10,           155,       150,       160,        0.38,      0.36,         0.4,           0,             0
    227,        17,        10,           165,       160,       170,        0.38,      0.36,         0.4,           0,             0
    228,        18,        10,           175,       170,       180,        0.38,      0.36,         0.4,           0,             0
    229,        19,        10,           185,       180,       190,        0.38,      0.36,         0.4,           0,             0
    232,         1,        11,             5,         0,        10,        0.42,       0.4,        0.44,           0,             0
    233,         2,        11,            15,        10,        20,        0.42,       0.4,        0.44,     8.69234,       0.99689
    234,         3,        11,            25,        20,        30,        0.42,       0.4,        0.44,     8.76949,      0.238057
    235,         4,        11,            35,        30,        40,        0.42,       0.4,        0.44,     8.80598,      0.132949
    236,         5,        11,            45,        40,        50,        0.42,       0.4,        0.44,       8.776,      0.139688
    237,         6,        11,            55,        50,        60,        0.42,       0.4,        0.44,     8.74419,      0.149988
    238,         7,        11,            65,        60,        70,        0.42,       0.4,        0.44,     8.68776,       0.16963
    239,         8,        11,            75,        70,        80,        0.42,       0.4,        0.44,     8.59189,      0.206355
    240,         9,        11,            85,        80,        90,        0.42,       0.4,        0.44,     8.52284,      0.312649
    241,        10,        11,            95,        90,       100,        0.42,       0.4,        0.44,     8.48378,      0.953159
    242,        11,        11,           105,       100,       110,        0.42,       0.4,        0.44,      8.4137,       11.8988
    243,        12,        11,           115,       110,       120,        0.42,       0.4,        0.44,           0,             0
    244,        13,        11,           125,       120,       130,        0.42,       0.4,        0.44,           0,             0
    245,        14,        11,           135,       130,       140,        0.42,       0.4,        0.44,           0,             0
    246,        15,        11,           145,       140,       150,        0.42,       0.4,        0.44,           0,             0
    247,        16,        11,           155,       150,       160,        0.42,       0.4,        0.44,           0,             0
    248,        17,        11,           165,       160,       170,        0.42,       0.4,        0.44,           0,             0
    249,        18,        11,           175,       170,       180,        0.42,       0.4,        0.44,           0,             0
    250,        19,        11,           185,       180,       190,        0.42,       0.4,        0.44,           0,             0
    253,         1,        12,             5,         0,        10,        0.46,      0.44,        0.48,           0,             0
    254,         2,        12,            15,        10,        20,        0.46,      0.44,        0.48,     8.71669,       1.28685
    255,         3,        12,            25,        20,        30,        0.46,      0.44,        0.48,     8.78909,      0.229824
    256,         4,        12,            35,        30,        40,        0.46,      0.44,        0.48,     8.80839,      0.139977
    257,         5,        12,            45,        40,        50,        0.46,      0.44,        0.48,     8.77047,      0.154077
    258,         6,        12,            55,        50,        60,        0.46,      0.44,        0.48,     8.72905,      0.160386
    259,         7,        12,            65,        60,        70,        0.46,      0.44,        0.48,     8.65684,      0.187843
    260,         8,        12,            75,        70,        80,        0.46,      0.44,        0.48,     8.55685,      0.235137
    261,         9,        12,            85,        80,        90,        0.46,      0.44,        0.48,     8.49082,      0.437291
    262,        10,        12,            95,        90,       100,        0.46,      0.44,        0.48,     8.45404,        3.3212
    263,        11,        12,           105,       100,       110,        0.46,      0.44,        0.48,           0,             0
    264,        12,        12,           115,       110,       120,        0.46,      0.44,        0.48,           0,             0
    265,        13,        12,           125,       120,       130,        0.46,      0.44,        0.48,           0,             0
    266,        14,        12,           135,       130,       140,        0.46,      0.44,        0.48,           0,             0
    267,        15,        12,           145,       140,       150,        0.46,      0.44,        0.48,           0,             0
    268,        16,        12,           155,       150,       160,        0.46,      0.44,        0.48,           0,             0
    269,        17,        12,           165,       160,       170,        0.46,      0.44,        0.48,           0,             0
    270,        18,        12,           175,       170,       180,        0.46,      0.44,        0.48,           0,             0
    271,        19,        12,           185,       180,       190,        0.46,      0.44,        0.48,           0,             0
    274,         1,        13,             5,         0,        10,         0.5,      0.48,        0.52,           0,             0
    275,         2,        13,            15,        10,        20,         0.5,      0.48,        0.52,     8.74026,       1.42689
    276,         3,        13,            25,        20,        30,         0.5,      0.48,        0.52,     8.80393,      0.222804
    277,         4,        13,            35,        30,        40,         0.5,      0.48,        0.52,      8.8041,      0.157311
    278,         5,        13,            45,        40,        50,         0.5,      0.48,        0.52,     8.76204,        0.1686
    279,         6,        13,            55,        50,        60,         0.5,      0.48,        0.52,     8.71085,      0.180203
    280,         7,        13,            65,        60,        70,         0.5,      0.48,        0.52,     8.62012,      0.216274
    281,         8,        13,            75,        70,        80,         0.5,      0.48,        0.52,     8.52254,      0.282459
    282,         9,        13,            85,        80,        90,         0.5,      0.48,        0.52,     8.46066,      0.694917
    283,        10,        13,            95,        90,       100,         0.5,      0.48,        0.52,           0,             0
    284,        11,        13,           105,       100,       110,         0.5,      0.48,        0.52,           0,             0
    285,        12,        13,           115,       110,       120,         0.5,      0.48,        0.52,           0,             0
    286,        13,        13,           125,       120,       130,         0.5,      0.48,        0.52,           0,             0
    287,        14,        13,           135,       130,       140,         0.5,      0.48,        0.52,           0,             0
    288,        15,        13,           145,       140,       150,         0.5,      0.48,        0.52,           0,             0
    289,        16,        13,           155,       150,       160,         0.5,      0.48,        0.52,           0,             0
    290,        17,        13,           165,       160,       170,         0.5,      0.48,        0.52,           0,             0
    291,        18,        13,           175,       170,       180,         0.5,      0.48,        0.52,           0,             0
    292,        19,        13,           185,       180,       190,         0.5,      0.48,        0.52,           0,             0
    295,         1,        14,             5,         0,        10,        0.54,      0.52,        0.56,           0,             0
    296,         2,        14,            15,        10,        20,        0.54,      0.52,        0.56,     8.75955,       1.46667
    297,         3,        14,            25,        20,        30,        0.54,      0.52,        0.56,     8.81184,      0.231762
    298,         4,        14,            35,        30,        40,        0.54,      0.52,        0.56,     8.79862,      0.183938
    299,         5,        14,            45,        40,        50,        0.54,      0.52,        0.56,     8.75088,      0.195822
    300,         6,        14,            55,        50,        60,        0.54,      0.52,        0.56,     8.68865,      0.212614
    301,         7,        14,            65,        60,        70,        0.54,      0.52,        0.56,     8.58606,      0.273359
    302,         8,        14,            75,        70,        80,        0.54,      0.52,        0.56,     8.48492,       0.36902
    303,         9,        14,            85,        80,        90,        0.54,      0.52,        0.56,     8.42687,       1.41162
    304,        10,        14,            95,        90,       100,        0.54,      0.52,        0.56,           0,             0
    305,        11,        14,           105,       100,       110,        0.54,      0.52,        0.56,           0,             0
    306,        12,        14,           115,       110,       120,        0.54,      0.52,        0.56,           0,             0
    307,        13,        14,           125,       120,       130,        0.54,      0.52,        0.56,           0,             0
    308,        14,        14,           135,       130,       140,        0.54,      0.52,        0.56,           0,             0
    309,        15,        14,           145,       140,       150,        0.54,      0.52,        0.56,           0,             0
    310,        16,        14,           155,       150,       160,        0.54,      0.52,        0.56,           0,             0
    311,        17,        14,           165,       160,       170,        0.54,      0.52,        0.56,           0,             0
    312,        18,        14,           175,       170,       180,        0.54,      0.52,        0.56,           0,             0
    313,        19,        14,           185,       180,       190,        0.54,      0.52,        0.56,           0,             0
    316,         1,        15,             5,         0,        10,        0.58,      0.56,         0.6,           0,             0
    317,         2,        15,            15,        10,        20,        0.58,      0.56,         0.6,     8.78433,       1.57547
    318,         3,        15,            25,        20,        30,        0.58,      0.56,         0.6,     8.81459,      0.267037
    319,         4,        15,            35,        30,        40,        0.58,      0.56,         0.6,     8.78835,      0.219667
    320,         5,        15,            45,        40,        50,        0.58,      0.56,         0.6,      8.7382,      0.229461
    321,         6,        15,            55,        50,        60,        0.58,      0.56,         0.6,     8.66781,      0.273994
    322,         7,        15,            65,        60,        70,        0.58,      0.56,         0.6,     8.54301,      0.390173
    323,         8,        15,            75,        70,        80,        0.58,      0.56,         0.6,     8.44779,      0.558467
    324,         9,        15,            85,        80,        90,        0.58,      0.56,         0.6,     8.40221,       5.31709
    325,        10,        15,            95,        90,       100,        0.58,      0.56,         0.6,           0,             0
    326,        11,        15,           105,       100,       110,        0.58,      0.56,         0.6,           0,             0
    327,        12,        15,           115,       110,       120,        0.58,      0.56,         0.6,           0,             0
    328,        13,        15,           125,       120,       130,        0.58,      0.56,         0.6,           0,             0
    329,        14,        15,           135,       130,       140,        0.58,      0.56,         0.6,           0,             0
    330,        15,        15,           145,       140,       150,        0.58,      0.56,         0.6,           0,             0
    331,        16,        15,           155,       150,       160,        0.58,      0.56,         0.6,           0,             0
    332,        17,        15,           165,       160,       170,        0.58,      0.56,         0.6,           0,             0
    333,        18,        15,           175,       170,       180,        0.58,      0.56,         0.6,           0,             0
    334,        19,        15,           185,       180,       190,        0.58,      0.56,         0.6,           0,             0
    337,         1,        16,             5,         0,        10,        0.62,       0.6,        0.64,           0,             0
    338,         2,        16,            15,        10,        20,        0.62,       0.6,        0.64,     8.80369,       2.15052
    339,         3,        16,            25,        20,        30,        0.62,       0.6,        0.64,     8.81031,      0.429312
    340,         4,        16,            35,        30,        40,        0.62,       0.6,        0.64,     8.78225,      0.283433
    341,         5,        16,            45,        40,        50,        0.62,       0.6,        0.64,     8.72829,      0.289836
    342,         6,        16,            55,        50,        60,        0.62,       0.6,        0.64,     8.64502,      0.426611
    343,         7,        16,            65,        60,        70,        0.62,       0.6,        0.64,     8.47296,      0.891283
    344,         8,        16,            75,        70,        80,        0.62,       0.6,        0.64,     8.41695,       1.15643
    345,         9,        16,            85,        80,        90,        0.62,       0.6,        0.64,           0,             0
    346,        10,        16,            95,        90,       100,        0.62,       0.6,        0.64,           0,             0
    347,        11,        16,           105,       100,       110,        0.62,       0.6,        0.64,           0,             0
    348,        12,        16,           115,       110,       120,        0.62,       0.6,        0.64,           0,             0
    349,        13,        16,           125,       120,       130,        0.62,       0.6,        0.64,           0,             0
    350,        14,        16,           135,       130,       140,        0.62,       0.6,        0.64,           0,             0
    351,        15,        16,           145,       140,       150,        0.62,       0.6,        0.64,           0,             0
    352,        16,        16,           155,       150,       160,        0.62,       0.6,        0.64,           0,             0
    353,        17,        16,           165,       160,       170,        0.62,       0.6,        0.64,           0,             0
    354,        18,        16,           175,       170,       180,        0.62,       0.6,        0.64,           0,             0
    355,        19,        16,           185,       180,       190,        0.62,       0.6,        0.64,           0,             0
    358,         1,        17,             5,         0,        10,        0.66,      0.64,        0.68,           0,             0
    359,         2,        17,            15,        10,        20,        0.66,      0.64,        0.68,     8.81962,       5.12081
    360,         3,        17,            25,        20,        30,        0.66,      0.64,        0.68,     8.80066,      0.948714
    361,         4,        17,            35,        30,        40,        0.66,      0.64,        0.68,     8.76889,       0.40137
    362,         5,        17,            45,        40,        50,        0.66,      0.64,        0.68,     8.71678,       0.41316
    363,         6,        17,            55,        50,        60,        0.66,      0.64,        0.68,     8.61788,       1.11224
    364,         7,        17,            65,        60,        70,        0.66,      0.64,        0.68,     8.40449,        5.3469
    365,         8,        17,            75,        70,        80,        0.66,      0.64,        0.68,      8.3406,        5.3305
    366,         9,        17,            85,        80,        90,        0.66,      0.64,        0.68,           0,             0
    367,        10,        17,            95,        90,       100,        0.66,      0.64,        0.68,           0,             0
    368,        11,        17,           105,       100,       110,        0.66,      0.64,        0.68,           0,             0
    369,        12,        17,           115,       110,       120,        0.66,      0.64,        0.68,           0,             0
    370,        13,        17,           125,       120,       130,        0.66,      0.64,        0.68,           0,             0
    371,        14,        17,           135,       130,       140,        0.66,      0.64,        0.68,           0,             0
    372,        15,        17,           145,       140,       150,        0.66,      0.64,        0.68,           0,             0
    373,        16,        17,           155,       150,       160,        0.66,      0.64,        0.68,           0,             0
    374,        17,        17,           165,       160,       170,        0.66,      0.64,        0.68,           0,             0
    375,        18,        17,           175,       170,       180,        0.66,      0.64,        0.68,           0,             0
    376,        19,        17,           185,       180,       190,        0.66,      0.64,        0.68,           0,             0
    379,         1,        18,             5,         0,        10,         0.7,      0.68,        0.72,           0,             0
    380,         2,        18,            15,        10,        20,         0.7,      0.68,        0.72,           0,             0
    381,         3,        18,            25,        20,        30,         0.7,      0.68,        0.72,     8.79008,       2.95048
    382,         4,        18,            35,        30,        40,         0.7,      0.68,        0.72,     8.75669,      0.636797
    383,         5,        18,            45,        40,        50,         0.7,      0.68,        0.72,     8.71435,      0.699803
    384,         6,        18,            55,        50,        60,         0.7,      0.68,        0.72,     8.52739,       12.0595
    385,         7,        18,            65,        60,        70,         0.7,      0.68,        0.72,           0,             0
    386,         8,        18,            75,        70,        80,         0.7,      0.68,        0.72,           0,             0
    387,         9,        18,            85,        80,        90,         0.7,      0.68,        0.72,           0,             0
    388,        10,        18,            95,        90,       100,         0.7,      0.68,        0.72,           0,             0
    389,        11,        18,           105,       100,       110,         0.7,      0.68,        0.72,           0,             0
    390,        12,        18,           115,       110,       120,         0.7,      0.68,        0.72,           0,             0
    391,        13,        18,           125,       120,       130,         0.7,      0.68,        0.72,           0,             0
    392,        14,        18,           135,       130,       140,         0.7,      0.68,        0.72,           0,             0
    393,        15,        18,           145,       140,       150,         0.7,      0.68,        0.72,           0,             0
    394,        16,        18,           155,       150,       160,         0.7,      0.68,        0.72,           0,             0
    395,        17,        18,           165,       160,       170,         0.7,      0.68,        0.72,           0,             0
    396,        18,        18,           175,       170,       180,         0.7,      0.68,        0.72,           0,             0
    397,        19,        18,           185,       180,       190,         0.7,      0.68,        0.72,           0,             0
    400,         1,        19,             5,         0,        10,        0.74,      0.72,        0.76,           0,             0
    401,         2,        19,            15,        10,        20,        0.74,      0.72,        0.76,           0,             0
    402,         3,        19,            25,        20,        30,        0.74,      0.72,        0.76,           0,             0
    403,         4,        19,            35,        30,        40,        0.74,      0.72,        0.76,     8.74124,       1.21832
    404,         5,        19,            45,        40,        50,        0.74,      0.72,        0.76,     8.71363,       1.56474
    405,         6,        19,            55,        50,        60,        0.74,      0.72,        0.76,           0,             0
    406,         7,        19,            65,        60,        70,        0.74,      0.72,        0.76,           0,             0
    407,         8,        19,            75,        70,        80,        0.74,      0.72,        0.76,           0,             0
    408,         9,        19,            85,        80,        90,        0.74,      0.72,        0.76,           0,             0
    409,        10,        19,            95,        90,       100,        0.74,      0.72,        0.76,           0,             0
    410,        11,        19,           105,       100,       110,        0.74,      0.72,        0.76,           0,             0
    411,        12,        19,           115,       110,       120,        0.74,      0.72,        0.76,           0,             0
    412,        13,        19,           125,       120,       130,        0.74,      0.72,        0.76,           0,             0
    413,        14,        19,           135,       130,       140,        0.74,      0.72,        0.76,           0,             0
    414,        15,        19,           145,       140,       150,        0.74,      0.72,        0.76,           0,             0
    415,        16,        19,           155,       150,       160,        0.74,      0.72,        0.76,           0,             0
    416,        17,        19,           165,       160,       170,        0.74,      0.72,        0.76,           0,             0
    417,        18,        19,           175,       170,       180,        0.74,      0.72,        0.76,           0,             0
    418,        19,        19,           185,       180,       190,        0.74,      0.72,        0.76,           0,             0
    421,         1,        20,             5,         0,        10,        0.78,      0.76,         0.8,           0,             0
    422,         2,        20,            15,        10,        20,        0.78,      0.76,         0.8,           0,             0
    423,         3,        20,            25,        20,        30,        0.78,      0.76,         0.8,           0,             0
    424,         4,        20,            35,        30,        40,        0.78,      0.76,         0.8,     8.73096,       4.15003
    425,         5,        20,            45,        40,        50,        0.78,      0.76,         0.8,     8.72451,       4.68526
    426,         6,        20,            55,        50,        60,        0.78,      0.76,         0.8,           0,             0
    427,         7,        20,            65,        60,        70,        0.78,      0.76,         0.8,           0,             0
    428,         8,        20,            75,        70,        80,        0.78,      0.76,         0.8,           0,             0
    429,         9,        20,            85,        80,        90,        0.78,      0.76,         0.8,           0,             0
    430,        10,        20,            95,        90,       100,        0.78,      0.76,         0.8,           0,             0
    431,        11,        20,           105,       100,       110,        0.78,      0.76,         0.8,           0,             0
    432,        12,        20,           115,       110,       120,        0.78,      0.76,         0.8,           0,             0
    433,        13,        20,           125,       120,       130,        0.78,      0.76,         0.8,           0,             0
    434,        14,        20,           135,       130,       140,        0.78,      0.76,         0.8,           0,             0
    435,        15,        20,           145,       140,       150,        0.78,      0.76,         0.8,           0,             0
    436,        16,        20,           155,       150,       160,        0.78,      0.76,         0.8,           0,             0
    437,        17,        20,           165,       160,       170,        0.78,      0.76,         0.8,           0,             0
    438,        18,        20,           175,       170,       180,        0.78,      0.76,         0.8,           0,             0
    439,        19,        20,           185,       180,       190,        0.78,      0.76,         0.8,           0,             0
    442,         1,        21,             5,         0,        10,        0.82,       0.8,        0.84,           0,             0
    443,         2,        21,            15,        10,        20,        0.82,       0.8,        0.84,           0,             0
    444,         3,        21,            25,        20,        30,        0.82,       0.8,        0.84,           0,             0
    445,         4,        21,            35,        30,        40,        0.82,       0.8,        0.84,           0,             0
    446,         5,        21,            45,        40,        50,        0.82,       0.8,        0.84,           0,             0
    447,         6,        21,            55,        50,        60,        0.82,       0.8,        0.84,           0,             0
    448,         7,        21,            65,        60,        70,        0.82,       0.8,        0.84,           0,             0
    449,         8,        21,            75,        70,        80,        0.82,       0.8,        0.84,           0,             0
    450,         9,        21,            85,        80,        90,        0.82,       0.8,        0.84,           0,             0
    451,        10,        21,            95,        90,       100,        0.82,       0.8,        0.84,           0,             0
    452,        11,        21,           105,       100,       110,        0.82,       0.8,        0.84,           0,             0
    453,        12,        21,           115,       110,       120,        0.82,       0.8,        0.84,           0,             0
    454,        13,        21,           125,       120,       130,        0.82,       0.8,        0.84,           0,             0
    455,        14,        21,           135,       130,       140,        0.82,       0.8,        0.84,           0,             0
    456,        15,        21,           145,       140,       150,        0.82,       0.8,        0.84,           0,             0
    457,        16,        21,           155,       150,       160,        0.82,       0.8,        0.84,           0,             0
    458,        17,        21,           165,       160,       170,        0.82,       0.8,        0.84,           0,             0
    459,        18,        21,           175,       170,       180,        0.82,       0.8,        0.84,           0,             0
    460,        19,        21,           185,       180,       190,        0.82,       0.8,        0.84,           0,             0
    463,         1,        22,             5,         0,        10,        0.86,      0.84,        0.88,           0,             0
    464,         2,        22,            15,        10,        20,        0.86,      0.84,        0.88,           0,             0
    465,         3,        22,            25,        20,        30,        0.86,      0.84,        0.88,           0,             0
    466,         4,        22,            35,        30,        40,        0.86,      0.84,        0.88,           0,             0
    467,         5,        22,            45,        40,        50,        0.86,      0.84,        0.88,           0,             0
    468,         6,        22,            55,        50,        60,        0.86,      0.84,        0.88,           0,             0
    469,         7,        22,            65,        60,        70,        0.86,      0.84,        0.88,           0,             0
    470,         8,        22,            75,        70,        80,        0.86,      0.84,        0.88,           0,             0
    471,         9,        22,            85,        80,        90,        0.86,      0.84,        0.88,           0,             0
    472,        10,        22,            95,        90,       100,        0.86,      0.84,        0.88,           0,             0
    473,        11,        22,           105,       100,       110,        0.86,      0.84,        0.88,           0,             0
    474,        12,        22,           115,       110,       120,        0.86,      0.84,        0.88,           0,             0
    475,        13,        22,           125,       120,       130,        0.86,      0.84,        0.88,           0,             0
    476,        14,        22,           135,       130,       140,        0.86,      0.84,        0.88,           0,             0
    477,        15,        22,           145,       140,       150,        0.86,      0.84,        0.88,           0,             0
    478,        16,        22,           155,       150,       160,        0.86,      0.84,        0.88,           0,             0
    479,        17,        22,           165,       160,       170,        0.86,      0.84,        0.88,           0,             0
    480,        18,        22,           175,       170,       180,        0.86,      0.84,        0.88,           0,             0
    481,        19,        22,           185,       180,       190,        0.86,      0.84,        0.88,           0,             0
    484,         1,        23,             5,         0,        10,         0.9,      0.88,        0.92,           0,             0
    485,         2,        23,            15,        10,        20,         0.9,      0.88,        0.92,           0,             0
    486,         3,        23,            25,        20,        30,         0.9,      0.88,        0.92,           0,             0
    487,         4,        23,            35,        30,        40,         0.9,      0.88,        0.92,           0,             0
    488,         5,        23,            45,        40,        50,         0.9,      0.88,        0.92,           0,             0
    489,         6,        23,            55,        50,        60,         0.9,      0.88,        0.92,           0,             0
    490,         7,        23,            65,        60,        70,         0.9,      0.88,        0.92,           0,             0
    491,         8,        23,            75,        70,        80,         0.9,      0.88,        0.92,           0,             0
    492,         9,        23,            85,        80,        90,         0.9,      0.88,        0.92,           0,             0
    493,        10,        23,            95,        90,       100,         0.9,      0.88,        0.92,           0,             0
    494,        11,        23,           105,       100,       110,         0.9,      0.88,        0.92,           0,             0
    495,        12,        23,           115,       110,       120,         0.9,      0.88,        0.92,           0,             0
    496,        13,        23,           125,       120,       130,         0.9,      0.88,        0.92,           0,             0
    497,        14,        23,           135,       130,       140,         0.9,      0.88,        0.92,           0,             0
    498,        15,        23,           145,       140,       150,         0.9,      0.88,        0.92,           0,             0
    499,        16,        23,           155,       150,       160,         0.9,      0.88,        0.92,           0,             0
    500,        17,        23,           165,       160,       170,         0.9,      0.88,        0.92,           0,             0
    501,        18,        23,           175,       170,       180,         0.9,      0.88,        0.92,           0,             0
    502,        19,        23,           185,       180,       190,         0.9,      0.88,        0.92,           0,             0
    505,         1,        24,             5,         0,        10,        0.94,      0.92,        0.96,           0,             0
    506,         2,        24,            15,        10,        20,        0.94,      0.92,        0.96,           0,             0
    507,         3,        24,            25,        20,        30,        0.94,      0.92,        0.96,           0,             0
    508,         4,        24,            35,        30,        40,        0.94,      0.92,        0.96,           0,             0
    509,         5,        24,            45,        40,        50,        0.94,      0.92,        0.96,           0,             0
    510,         6,        24,            55,        50,        60,        0.94,      0.92,        0.96,           0,             0
    511,         7,        24,            65,        60,        70,        0.94,      0.92,        0.96,           0,             0
    512,         8,        24,            75,        70,        80,        0.94,      0.92,        0.96,           0,             0
    513,         9,        24,            85,        80,        90,        0.94,      0.92,        0.96,           0,             0
    514,        10,        24,            95,        90,       100,        0.94,      0.92,        0.96,           0,             0
    515,        11,        24,           105,       100,       110,        0.94,      0.92,        0.96,           0,             0
    516,        12,        24,           115,       110,       120,        0.94,      0.92,        0.96,           0,             0
    517,        13,        24,           125,       120,       130,        0.94,      0.92,        0.96,           0,             0
    518,        14,        24,           135,       130,       140,        0.94,      0.92,        0.96,           0,             0
    519,        15,        24,           145,       140,       150,        0.94,      0.92,        0.96,           0,             0
    520,        16,        24,           155,       150,       160,        0.94,      0.92,        0.96,           0,             0
    521,        17,        24,           165,       160,       170,        0.94,      0.92,        0.96,           0,             0
    522,        18,        24,           175,       170,       180,        0.94,      0.92,        0.96,           0,             0
    523,        19,        24,           185,       180,       190,        0.94,      0.92,        0.96,           0,             0
    526,         1,        25,             5,         0,        10,        0.98,      0.96,           1,           0,             0
    527,         2,        25,            15,        10,        20,        0.98,      0.96,           1,           0,             0
    528,         3,        25,            25,        20,        30,        0.98,      0.96,           1,           0,             0
    529,         4,        25,            35,        30,        40,        0.98,      0.96,           1,           0,             0
    530,         5,        25,            45,        40,        50,        0.98,      0.96,           1,           0,             0
    531,         6,        25,            55,        50,        60,        0.98,      0.96,           1,           0,             0
    532,         7,        25,            65,        60,        70,        0.98,      0.96,           1,           0,             0
    533,         8,        25,            75,        70,        80,        0.98,      0.96,           1,           0,             0
    534,         9,        25,            85,        80,        90,        0.98,      0.96,           1,           0,             0
    535,        10,        25,            95,        90,       100,        0.98,      0.96,           1,           0,             0
    536,        11,        25,           105,       100,       110,        0.98,      0.96,           1,           0,             0
    537,        12,        25,           115,       110,       120,        0.98,      0.96,           1,           0,             0
    538,        13,        25,           125,       120,       130,        0.98,      0.96,           1,           0,             0
    539,        14,        25,           135,       130,       140,        0.98,      0.96,           1,           0,             0
    540,        15,        25,           145,       140,       150,        0.98,      0.96,           1,           0,             0
    541,        16,        25,           155,       150,       160,        0.98,      0.96,           1,           0,             0
    542,        17,        25,           165,       160,       170,        0.98,      0.96,           1,           0,             0
    543,        18,        25,           175,       170,       180,        0.98,      0.96,           1,           0,             0
    544,        19,        25,           185,       180,       190,        0.98,      0.96,           1,           0,             0
    547,         1,        26,             5,         0,        10,        1.02,         1,        1.04,           0,             0
    548,         2,        26,            15,        10,        20,        1.02,         1,        1.04,           0,             0
    549,         3,        26,            25,        20,        30,        1.02,         1,        1.04,           0,             0
    550,         4,        26,            35,        30,        40,        1.02,         1,        1.04,           0,             0
    551,         5,        26,            45,        40,        50,        1.02,         1,        1.04,           0,             0
    552,         6,        26,            55,        50,        60,        1.02,         1,        1.04,           0,             0
    553,         7,        26,            65,        60,        70,        1.02,         1,        1.04,           0,             0
    554,         8,        26,            75,        70,        80,        1.02,         1,        1.04,           0,             0
    555,         9,        26,            85,        80,        90,        1.02,         1,        1.04,           0,             0
    556,        10,        26,            95,        90,       100,        1.02,         1,        1.04,           0,             0
    557,        11,        26,           105,       100,       110,        1.02,         1,        1.04,           0,             0
    558,        12,        26,           115,       110,       120,        1.02,         1,        1.04,           0,             0
    559,        13,        26,           125,       120,       130,        1.02,         1,        1.04,           0,             0
    560,        14,        26,           135,       130,       140,        1.02,         1,        1.04,           0,             0
    561,        15,        26,           145,       140,       150,        1.02,         1,        1.04,           0,             0
    562,        16,        26,           155,       150,       160,        1.02,         1,        1.04,           0,             0
    563,        17,        26,           165,       160,       170,        1.02,         1,        1.04,           0,             0
    564,        18,        26,           175,       170,       180,        1.02,         1,        1.04,           0,             0
    565,        19,        26,           185,       180,       190,        1.02,         1,        1.04,           0,             0
    568,         1,        27,             5,         0,        10,        1.06,      1.04,        1.08,           0,             0
    569,         2,        27,            15,        10,        20,        1.06,      1.04,        1.08,           0,             0
    570,         3,        27,            25,        20,        30,        1.06,      1.04,        1.08,           0,             0
    571,         4,        27,            35,        30,        40,        1.06,      1.04,        1.08,           0,             0
    572,         5,        27,            45,        40,        50,        1.06,      1.04,        1.08,           0,             0
    573,         6,        27,            55,        50,        60,        1.06,      1.04,        1.08,           0,             0
    574,         7,        27,            65,        60,        70,        1.06,      1.04,        1.08,           0,             0
    575,         8,        27,            75,        70,        80,        1.06,      1.04,        1.08,           0,             0
    576,         9,        27,            85,        80,        90,        1.06,      1.04,        1.08,           0,             0
    577,        10,        27,            95,        90,       100,        1.06,      1.04,        1.08,           0,             0
    578,        11,        27,           105,       100,       110,        1.06,      1.04,        1.08,           0,             0
    579,        12,        27,           115,       110,       120,        1.06,      1.04,        1.08,           0,             0
    580,        13,        27,           125,       120,       130,        1.06,      1.04,        1.08,           0,             0
    581,        14,        27,           135,       130,       140,        1.06,      1.04,        1.08,           0,             0
    582,        15,        27,           145,       140,       150,        1.06,      1.04,        1.08,           0,             0
    583,        16,        27,           155,       150,       160,        1.06,      1.04,        1.08,           0,             0
    584,        17,        27,           165,       160,       170,        1.06,      1.04,        1.08,           0,             0
    585,        18,        27,           175,       170,       180,        1.06,      1.04,        1.08,           0,             0
    586,        19,        27,           185,       180,       190,        1.06,      1.04,        1.08,           0,             0
    589,         1,        28,             5,         0,        10,         1.1,      1.08,        1.12,           0,             0
    590,         2,        28,            15,        10,        20,         1.1,      1.08,        1.12,           0,             0
    591,         3,        28,            25,        20,        30,         1.1,      1.08,        1.12,           0,             0
    592,         4,        28,            35,        30,        40,         1.1,      1.08,        1.12,           0,             0
    593,         5,        28,            45,        40,        50,         1.1,      1.08,        1.12,           0,             0
    594,         6,        28,            55,        50,        60,         1.1,      1.08,        1.12,           0,             0
    595,         7,        28,            65,        60,        70,         1.1,      1.08,        1.12,           0,             0
    596,         8,        28,            75,        70,        80,         1.1,      1.08,        1.12,           0,             0
    597,         9,        28,            85,        80,        90,         1.1,      1.08,        1.12,           0,             0
    598,        10,        28,            95,        90,       100,         1.1,      1.08,        1.12,           0,             0
    599,        11,        28,           105,       100,       110,         1.1,      1.08,        1.12,           0,             0
    600,        12,        28,           115,       110,       120,         1.1,      1.08,        1.12,           0,             0
    601,        13,        28,           125,       120,       130,         1.1,      1.08,        1.12,           0,             0
    602,        14,        28,           135,       130,       140,         1.1,      1.08,        1.12,           0,             0
    603,        15,        28,           145,       140,       150,         1.1,      1.08,        1.12,           0,             0
    604,        16,        28,           155,       150,       160,         1.1,      1.08,        1.12,           0,             0
    605,        17,        28,           165,       160,       170,         1.1,      1.08,        1.12,           0,             0
    606,        18,        28,           175,       170,       180,         1.1,      1.08,        1.12,           0,             0
    607,        19,        28,           185,       180,       190,         1.1,      1.08,        1.12,           0,             0
    610,         1,        29,             5,         0,        10,        1.14,      1.12,        1.16,           0,             0
    611,         2,        29,            15,        10,        20,        1.14,      1.12,        1.16,           0,             0
    612,         3,        29,            25,        20,        30,        1.14,      1.12,        1.16,           0,             0
    613,         4,        29,            35,        30,        40,        1.14,      1.12,        1.16,           0,             0
    614,         5,        29,            45,        40,        50,        1.14,      1.12,        1.16,           0,             0
    615,         6,        29,            55,        50,        60,        1.14,      1.12,        1.16,           0,             0
    616,         7,        29,            65,        60,        70,        1.14,      1.12,        1.16,           0,             0
    617,         8,        29,            75,        70,        80,        1.14,      1.12,        1.16,           0,             0
    618,         9,        29,            85,        80,        90,        1.14,      1.12,        1.16,           0,             0
    619,        10,        29,            95,        90,       100,        1.14,      1.12,        1.16,           0,             0
    620,        11,        29,           105,       100,       110,        1.14,      1.12,        1.16,           0,             0
    621,        12,        29,           115,       110,       120,        1.14,      1.12,        1.16,           0,             0
    622,        13,        29,           125,       120,       130,        1.14,      1.12,        1.16,           0,             0
    623,        14,        29,           135,       130,       140,        1.14,      1.12,        1.16,           0,             0
    624,        15,        29,           145,       140,       150,        1.14,      1.12,        1.16,           0,             0
    625,        16,        29,           155,       150,       160,        1.14,      1.12,        1.16,           0,             0
    626,        17,        29,           165,       160,       170,        1.14,      1.12,        1.16,           0,             0
    627,        18,        29,           175,       170,       180,        1.14,      1.12,        1.16,           0,             0
    628,        19,        29,           185,       180,       190,        1.14,      1.12,        1.16,           0,             0
    631,         1,        30,             5,         0,        10,        1.18,      1.16,         1.2,           0,             0
    632,         2,        30,            15,        10,        20,        1.18,      1.16,         1.2,           0,             0
    633,         3,        30,            25,        20,        30,        1.18,      1.16,         1.2,           0,             0
    634,         4,        30,            35,        30,        40,        1.18,      1.16,         1.2,           0,             0
    635,         5,        30,            45,        40,        50,        1.18,      1.16,         1.2,           0,             0
    636,         6,        30,            55,        50,        60,        1.18,      1.16,         1.2,           0,             0
    637,         7,        30,            65,        60,        70,        1.18,      1.16,         1.2,           0,             0
    638,         8,        30,            75,        70,        80,        1.18,      1.16,         1.2,           0,             0
    639,         9,        30,            85,        80,        90,        1.18,      1.16,         1.2,           0,             0
    640,        10,        30,            95,        90,       100,        1.18,      1.16,         1.2,           0,             0
    641,        11,        30,           105,       100,       110,        1.18,      1.16,         1.2,           0,             0
    642,        12,        30,           115,       110,       120,        1.18,      1.16,         1.2,           0,             0
    643,        13,        30,           125,       120,       130,        1.18,      1.16,         1.2,           0,             0
    644,        14,        30,           135,       130,       140,        1.18,      1.16,         1.2,           0,             0
    645,        15,        30,           145,       140,       150,        1.18,      1.16,         1.2,           0,             0
    646,        16,        30,           155,       150,       160,        1.18,      1.16,         1.2,           0,             0
    647,        17,        30,           165,       160,       170,        1.18,      1.16,         1.2,           0,             0
    648,        18,        30,           175,       170,       180,        1.18,      1.16,         1.2,           0,             0
    649,        19,        30,           185,       180,       190,        1.18,      1.16,         1.2,           0,             0
