# 2D Histogram Bin Extraction 
#                   
# histogram parameters:  
# title      : Final e^{-} Momentum (2D Average) 
# ybins      : 30 
# ylabel     :  P_{m} [GeV/c] 
# xbins      : 19 
# xlabel     :  #theta_{rq} [deg] 
# ybin_width : 0.040 
# xbin_width : 10.000 
#                   
# header definitions:
# ib:         (x,y)  bin number 
# xb:         x-axis bin number 
# yb:         y-axis bin number 
# x0:         x-axis central bin value 
# xlow:       x-axis low-edge bin value 
# xup:        x-axis up-edge bin value 
# y0:         y-axis central bin value 
# ylow:       y-axis low-edge bin value 
# yup:        y-axis up-edge bin value 
# zcont:      bin content (z-axis) 
# zcont_err:  bin content error (z-axis) 
#                                        
ib,xb,yb,x0,xlow,xup,y0,ylow,yup,zcont,zcont_err
     22,         1,         1,             5,         0,        10,        0.02,         0,        0.04,     8.73736,       12.3565
     23,         2,         1,            15,        10,        20,        0.02,         0,        0.04,     8.74743,       12.3707
     24,         3,         1,            25,        20,        30,        0.02,         0,        0.04,     8.76628,       8.89546
     25,         4,         1,            35,        30,        40,        0.02,         0,        0.04,     8.74982,       8.76372
     26,         5,         1,            45,        40,        50,        0.02,         0,        0.04,     8.76561,       7.25168
     27,         6,         1,            55,        50,        60,        0.02,         0,        0.04,      8.7753,       4.11637
     28,         7,         1,            65,        60,        70,        0.02,         0,        0.04,     8.77595,       2.72675
     29,         8,         1,            75,        70,        80,        0.02,         0,        0.04,     8.81798,      0.867983
     30,         9,         1,            85,        80,        90,        0.02,         0,        0.04,     8.82599,      0.410124
     31,        10,         1,            95,        90,       100,        0.02,         0,        0.04,     8.80686,      0.594233
     32,        11,         1,           105,       100,       110,        0.02,         0,        0.04,     8.79794,        1.3522
     33,        12,         1,           115,       110,       120,        0.02,         0,        0.04,      8.8128,       1.98743
     34,        13,         1,           125,       120,       130,        0.02,         0,        0.04,     8.81331,       2.90454
     35,        14,         1,           135,       130,       140,        0.02,         0,        0.04,     8.80749,       4.56459
     36,        15,         1,           145,       140,       150,        0.02,         0,        0.04,           0,             0
     37,        16,         1,           155,       150,       160,        0.02,         0,        0.04,     8.83593,       5.62001
     38,        17,         1,           165,       160,       170,        0.02,         0,        0.04,     8.84345,       12.5065
     39,        18,         1,           175,       170,       180,        0.02,         0,        0.04,           0,             0
     40,        19,         1,           185,       180,       190,        0.02,         0,        0.04,           0,             0
     43,         1,         2,             5,         0,        10,        0.06,      0.04,        0.08,     8.76763,       7.24464
     44,         2,         2,            15,        10,        20,        0.06,      0.04,        0.08,     8.75762,        5.3099
     45,         3,         2,            25,        20,        30,        0.06,      0.04,        0.08,     8.75775,       2.83241
     46,         4,         2,            35,        30,        40,        0.06,      0.04,        0.08,     8.76534,       2.38347
     47,         5,         2,            45,        40,        50,        0.06,      0.04,        0.08,     8.76491,       1.63881
     48,         6,         2,            55,        50,        60,        0.06,      0.04,        0.08,     8.78264,      0.976538
     49,         7,         2,            65,        60,        70,        0.06,      0.04,        0.08,      8.8023,      0.566121
     50,         8,         2,            75,        70,        80,        0.06,      0.04,        0.08,     8.83129,      0.312029
     51,         9,         2,            85,        80,        90,        0.06,      0.04,        0.08,     8.82106,      0.286756
     52,        10,         2,            95,        90,       100,        0.06,      0.04,        0.08,     8.79963,      0.359959
     53,        11,         2,           105,       100,       110,        0.06,      0.04,        0.08,     8.78747,      0.556029
     54,        12,         2,           115,       110,       120,        0.06,      0.04,        0.08,     8.79065,      0.815262
     55,        13,         2,           125,       120,       130,        0.06,      0.04,        0.08,     8.80065,        1.4704
     56,        14,         2,           135,       130,       140,        0.06,      0.04,        0.08,     8.81095,       2.46865
     57,        15,         2,           145,       140,       150,        0.06,      0.04,        0.08,     8.81882,       3.37825
     58,        16,         2,           155,       150,       160,        0.06,      0.04,        0.08,     8.83533,       5.91832
     59,        17,         2,           165,       160,       170,        0.06,      0.04,        0.08,     8.79519,       5.66673
     60,        18,         2,           175,       170,       180,        0.06,      0.04,        0.08,           0,             0
     61,        19,         2,           185,       180,       190,        0.06,      0.04,        0.08,           0,             0
     64,         1,         3,             5,         0,        10,         0.1,      0.08,        0.12,     8.76317,       4.01613
     65,         2,         3,            15,        10,        20,         0.1,      0.08,        0.12,     8.77732,        2.6964
     66,         3,         3,            25,        20,        30,         0.1,      0.08,        0.12,     8.77237,        1.5257
     67,         4,         3,            35,        30,        40,         0.1,      0.08,        0.12,     8.78192,        1.0706
     68,         5,         3,            45,        40,        50,         0.1,      0.08,        0.12,     8.78462,      0.670667
     69,         6,         3,            55,        50,        60,         0.1,      0.08,        0.12,      8.8016,      0.432877
     70,         7,         3,            65,        60,        70,         0.1,      0.08,        0.12,     8.83965,      0.277195
     71,         8,         3,            75,        70,        80,         0.1,      0.08,        0.12,     8.85269,      0.217847
     72,         9,         3,            85,        80,        90,         0.1,      0.08,        0.12,     8.82034,      0.276134
     73,        10,         3,            95,        90,       100,         0.1,      0.08,        0.12,     8.78437,      0.356862
     74,        11,         3,           105,       100,       110,         0.1,      0.08,        0.12,     8.77415,      0.491254
     75,        12,         3,           115,       110,       120,         0.1,      0.08,        0.12,     8.76939,      0.734115
     76,        13,         3,           125,       120,       130,         0.1,      0.08,        0.12,     8.77461,       1.12122
     77,        14,         3,           135,       130,       140,         0.1,      0.08,        0.12,       8.785,       1.75393
     78,        15,         3,           145,       140,       150,         0.1,      0.08,        0.12,     8.78262,       2.28038
     79,        16,         3,           155,       150,       160,         0.1,      0.08,        0.12,     8.78322,       3.18263
     80,        17,         3,           165,       160,       170,         0.1,      0.08,        0.12,     8.77708,       3.90493
     81,        18,         3,           175,       170,       180,         0.1,      0.08,        0.12,     8.78466,       9.19839
     82,        19,         3,           185,       180,       190,         0.1,      0.08,        0.12,           0,             0
     85,         1,         4,             5,         0,        10,        0.14,      0.12,        0.16,     8.77267,       2.42569
     86,         2,         4,            15,        10,        20,        0.14,      0.12,        0.16,     8.78752,       1.28762
     87,         3,         4,            25,        20,        30,        0.14,      0.12,        0.16,     8.78824,      0.829911
     88,         4,         4,            35,        30,        40,        0.14,      0.12,        0.16,     8.78991,      0.592768
     89,         5,         4,            45,        40,        50,        0.14,      0.12,        0.16,     8.80386,      0.382106
     90,         6,         4,            55,        50,        60,        0.14,      0.12,        0.16,     8.83602,      0.256697
     91,         7,         4,            65,        60,        70,        0.14,      0.12,        0.16,     8.87653,      0.187971
     92,         8,         4,            75,        70,        80,        0.14,      0.12,        0.16,      8.8605,      0.203865
     93,         9,         4,            85,        80,        90,        0.14,      0.12,        0.16,     8.80529,      0.290747
     94,        10,         4,            95,        90,       100,        0.14,      0.12,        0.16,     8.77524,      0.421857
     95,        11,         4,           105,       100,       110,        0.14,      0.12,        0.16,     8.76283,      0.510518
     96,        12,         4,           115,       110,       120,        0.14,      0.12,        0.16,     8.75992,      0.768358
     97,        13,         4,           125,       120,       130,        0.14,      0.12,        0.16,     8.75898,       1.12526
     98,        14,         4,           135,       130,       140,        0.14,      0.12,        0.16,     8.75454,       1.44393
     99,        15,         4,           145,       140,       150,        0.14,      0.12,        0.16,     8.75145,       2.18267
    100,        16,         4,           155,       150,       160,        0.14,      0.12,        0.16,     8.75901,       3.40209
    101,        17,         4,           165,       160,       170,        0.14,      0.12,        0.16,     8.76817,       3.58914
    102,        18,         4,           175,       170,       180,        0.14,      0.12,        0.16,     8.77199,       12.4055
    103,        19,         4,           185,       180,       190,        0.14,      0.12,        0.16,           0,             0
    106,         1,         5,             5,         0,        10,        0.18,      0.16,         0.2,     8.76851,       1.72777
    107,         2,         5,            15,        10,        20,        0.18,      0.16,         0.2,     8.78081,      0.918246
    108,         3,         5,            25,        20,        30,        0.18,      0.16,         0.2,     8.79543,      0.587279
    109,         4,         5,            35,        30,        40,        0.18,      0.16,         0.2,     8.80095,      0.376998
    110,         5,         5,            45,        40,        50,        0.18,      0.16,         0.2,     8.82683,      0.242787
    111,         6,         5,            55,        50,        60,        0.18,      0.16,         0.2,     8.87436,      0.177421
    112,         7,         5,            65,        60,        70,        0.18,      0.16,         0.2,     8.90366,      0.158928
    113,         8,         5,            75,        70,        80,        0.18,      0.16,         0.2,     8.84718,      0.214291
    114,         9,         5,            85,        80,        90,        0.18,      0.16,         0.2,     8.78485,      0.321272
    115,        10,         5,            95,        90,       100,        0.18,      0.16,         0.2,     8.76546,      0.506064
    116,        11,         5,           105,       100,       110,        0.18,      0.16,         0.2,     8.75544,      0.633879
    117,        12,         5,           115,       110,       120,        0.18,      0.16,         0.2,     8.74848,      0.878564
    118,        13,         5,           125,       120,       130,        0.18,      0.16,         0.2,     8.74674,       1.34999
    119,        14,         5,           135,       130,       140,        0.18,      0.16,         0.2,     8.74826,       1.84318
    120,        15,         5,           145,       140,       150,        0.18,      0.16,         0.2,     8.73879,       3.02654
    121,        16,         5,           155,       150,       160,        0.18,      0.16,         0.2,     8.74199,       4.11161
    122,        17,         5,           165,       160,       170,        0.18,      0.16,         0.2,     8.77759,       4.89568
    123,        18,         5,           175,       170,       180,        0.18,      0.16,         0.2,           0,             0
    124,        19,         5,           185,       180,       190,        0.18,      0.16,         0.2,           0,             0
    127,         1,         6,             5,         0,        10,        0.22,       0.2,        0.24,     8.76924,       1.39624
    128,         2,         6,            15,        10,        20,        0.22,       0.2,        0.24,     8.76959,      0.699115
    129,         3,         6,            25,        20,        30,        0.22,       0.2,        0.24,     8.78767,      0.422317
    130,         4,         6,            35,        30,        40,        0.22,       0.2,        0.24,     8.80869,      0.264509
    131,         5,         6,            45,        40,        50,        0.22,       0.2,        0.24,     8.85441,      0.178096
    132,         6,         6,            55,        50,        60,        0.22,       0.2,        0.24,     8.91874,      0.140932
    133,         7,         6,            65,        60,        70,        0.22,       0.2,        0.24,      8.9107,      0.159145
    134,         8,         6,            75,        70,        80,        0.22,       0.2,        0.24,     8.81862,       0.22145
    135,         9,         6,            85,        80,        90,        0.22,       0.2,        0.24,     8.76324,      0.356632
    136,        10,         6,            95,        90,       100,        0.22,       0.2,        0.24,     8.75001,      0.570784
    137,        11,         6,           105,       100,       110,        0.22,       0.2,        0.24,     8.74136,      0.796105
    138,        12,         6,           115,       110,       120,        0.22,       0.2,        0.24,     8.73567,        1.1692
    139,        13,         6,           125,       120,       130,        0.22,       0.2,        0.24,     8.72966,       2.05887
    140,        14,         6,           135,       130,       140,        0.22,       0.2,        0.24,     8.73725,       3.63738
    141,        15,         6,           145,       140,       150,        0.22,       0.2,        0.24,     8.73616,       4.60742
    142,        16,         6,           155,       150,       160,        0.22,       0.2,        0.24,     8.75906,       5.15531
    143,        17,         6,           165,       160,       170,        0.22,       0.2,        0.24,           0,             0
    144,        18,         6,           175,       170,       180,        0.22,       0.2,        0.24,      8.7588,       8.93546
    145,        19,         6,           185,       180,       190,        0.22,       0.2,        0.24,           0,             0
    148,         1,         7,             5,         0,        10,        0.26,      0.24,        0.28,     8.75756,       1.25366
    149,         2,         7,            15,        10,        20,        0.26,      0.24,        0.28,     8.76702,      0.566006
    150,         3,         7,            25,        20,        30,        0.26,      0.24,        0.28,     8.78762,      0.320265
    151,         4,         7,            35,        30,        40,        0.26,      0.24,        0.28,     8.82228,      0.196096
    152,         5,         7,            45,        40,        50,        0.26,      0.24,        0.28,     8.89047,      0.139549
    153,         6,         7,            55,        50,        60,        0.26,      0.24,        0.28,      8.9526,      0.127694
    154,         7,         7,            65,        60,        70,        0.26,      0.24,        0.28,     8.88834,       0.16092
    155,         8,         7,            75,        70,        80,        0.26,      0.24,        0.28,     8.78706,      0.233498
    156,         9,         7,            85,        80,        90,        0.26,      0.24,        0.28,     8.74254,      0.435329
    157,        10,         7,            95,        90,       100,        0.26,      0.24,        0.28,     8.73257,      0.697681
    158,        11,         7,           105,       100,       110,        0.26,      0.24,        0.28,     8.72758,      0.971571
    159,        12,         7,           115,       110,       120,        0.26,      0.24,        0.28,     8.72754,       2.10282
    160,        13,         7,           125,       120,       130,        0.26,      0.24,        0.28,     8.71923,       3.35431
    161,        14,         7,           135,       130,       140,        0.26,      0.24,        0.28,     8.71943,       6.20313
    162,        15,         7,           145,       140,       150,        0.26,      0.24,        0.28,     8.72832,       6.35847
    163,        16,         7,           155,       150,       160,        0.26,      0.24,        0.28,     8.77291,       12.4068
    164,        17,         7,           165,       160,       170,        0.26,      0.24,        0.28,           0,             0
    165,        18,         7,           175,       170,       180,        0.26,      0.24,        0.28,           0,             0
    166,        19,         7,           185,       180,       190,        0.26,      0.24,        0.28,           0,             0
    169,         1,         8,             5,         0,        10,         0.3,      0.28,        0.32,     8.74234,       1.04365
    170,         2,         8,            15,        10,        20,         0.3,      0.28,        0.32,     8.75877,      0.471252
    171,         3,         8,            25,        20,        30,         0.3,      0.28,        0.32,     8.78907,      0.251004
    172,         4,         8,            35,        30,        40,         0.3,      0.28,        0.32,     8.84368,       0.15741
    173,         5,         8,            45,        40,        50,         0.3,      0.28,        0.32,     8.93284,      0.121449
    174,         6,         8,            55,        50,        60,         0.3,      0.28,        0.32,     8.94341,      0.128327
    175,         7,         8,            65,        60,        70,         0.3,      0.28,        0.32,     8.85386,      0.162431
    176,         8,         8,            75,        70,        80,         0.3,      0.28,        0.32,     8.75951,      0.263033
    177,         9,         8,            85,        80,        90,         0.3,      0.28,        0.32,     8.72127,      0.524172
    178,        10,         8,            95,        90,       100,         0.3,      0.28,        0.32,     8.71283,      0.993445
    179,        11,         8,           105,       100,       110,         0.3,      0.28,        0.32,     8.70731,       1.79932
    180,        12,         8,           115,       110,       120,         0.3,      0.28,        0.32,     8.70637,       3.93412
    181,        13,         8,           125,       120,       130,         0.3,      0.28,        0.32,     8.73196,       12.3489
    182,        14,         8,           135,       130,       140,         0.3,      0.28,        0.32,           0,             0
    183,        15,         8,           145,       140,       150,         0.3,      0.28,        0.32,           0,             0
    184,        16,         8,           155,       150,       160,         0.3,      0.28,        0.32,           0,             0
    185,        17,         8,           165,       160,       170,         0.3,      0.28,        0.32,           0,             0
    186,        18,         8,           175,       170,       180,         0.3,      0.28,        0.32,           0,             0
    187,        19,         8,           185,       180,       190,         0.3,      0.28,        0.32,           0,             0
    190,         1,         9,             5,         0,        10,        0.34,      0.32,        0.36,      8.7308,       1.02452
    191,         2,         9,            15,        10,        20,        0.34,      0.32,        0.36,     8.74949,      0.409261
    192,         3,         9,            25,        20,        30,        0.34,      0.32,        0.36,     8.79406,      0.218881
    193,         4,         9,            35,        30,        40,        0.34,      0.32,        0.36,     8.87472,      0.139504
    194,         5,         9,            45,        40,        50,        0.34,      0.32,        0.36,     8.94587,      0.116868
    195,         6,         9,            55,        50,        60,        0.34,      0.32,        0.36,     8.90882,       0.13228
    196,         7,         9,            65,        60,        70,        0.34,      0.32,        0.36,     8.82042,      0.176884
    197,         8,         9,            75,        70,        80,        0.34,      0.32,        0.36,     8.72891,      0.309931
    198,         9,         9,            85,        80,        90,        0.34,      0.32,        0.36,     8.69916,      0.722407
    199,        10,         9,            95,        90,       100,        0.34,      0.32,        0.36,     8.69177,       1.71143
    200,        11,         9,           105,       100,       110,        0.34,      0.32,        0.36,     8.67315,       4.35881
    201,        12,         9,           115,       110,       120,        0.34,      0.32,        0.36,     8.68779,       12.2864
    202,        13,         9,           125,       120,       130,        0.34,      0.32,        0.36,           0,             0
    203,        14,         9,           135,       130,       140,        0.34,      0.32,        0.36,           0,             0
    204,        15,         9,           145,       140,       150,        0.34,      0.32,        0.36,           0,             0
    205,        16,         9,           155,       150,       160,        0.34,      0.32,        0.36,           0,             0
    206,        17,         9,           165,       160,       170,        0.34,      0.32,        0.36,           0,             0
    207,        18,         9,           175,       170,       180,        0.34,      0.32,        0.36,           0,             0
    208,        19,         9,           185,       180,       190,        0.34,      0.32,        0.36,           0,             0
    211,         1,        10,             5,         0,        10,        0.38,      0.36,         0.4,     8.71015,       1.25811
    212,         2,        10,            15,        10,        20,        0.38,      0.36,         0.4,     8.74065,      0.416792
    213,         3,        10,            25,        20,        30,        0.38,      0.36,         0.4,     8.80205,      0.203735
    214,         4,        10,            35,        30,        40,        0.38,      0.36,         0.4,     8.89749,       0.12882
    215,         5,        10,            45,        40,        50,        0.38,      0.36,         0.4,     8.92689,      0.123846
    216,         6,        10,            55,        50,        60,        0.38,      0.36,         0.4,     8.87704,      0.136747
    217,         7,        10,            65,        60,        70,        0.38,      0.36,         0.4,       8.773,      0.218042
    218,         8,        10,            75,        70,        80,        0.38,      0.36,         0.4,     8.70109,      0.403373
    219,         9,        10,            85,        80,        90,        0.38,      0.36,         0.4,     8.67668,       1.07725
    220,        10,        10,            95,        90,       100,        0.38,      0.36,         0.4,     8.66524,       5.48869
    221,        11,        10,           105,       100,       110,        0.38,      0.36,         0.4,           0,             0
    222,        12,        10,           115,       110,       120,        0.38,      0.36,         0.4,           0,             0
    223,        13,        10,           125,       120,       130,        0.38,      0.36,         0.4,           0,             0
    224,        14,        10,           135,       130,       140,        0.38,      0.36,         0.4,           0,             0
    225,        15,        10,           145,       140,       150,        0.38,      0.36,         0.4,           0,             0
    226,        16,        10,           155,       150,       160,        0.38,      0.36,         0.4,           0,             0
    227,        17,        10,           165,       160,       170,        0.38,      0.36,         0.4,           0,             0
    228,        18,        10,           175,       170,       180,        0.38,      0.36,         0.4,           0,             0
    229,        19,        10,           185,       180,       190,        0.38,      0.36,         0.4,           0,             0
    232,         1,        11,             5,         0,        10,        0.42,       0.4,        0.44,     8.68116,       1.50716
    233,         2,        11,            15,        10,        20,        0.42,       0.4,        0.44,     8.73113,      0.398322
    234,         3,        11,            25,        20,        30,        0.42,       0.4,        0.44,     8.81269,      0.190699
    235,         4,        11,            35,        30,        40,        0.42,       0.4,        0.44,      8.9066,      0.127004
    236,         5,        11,            45,        40,        50,        0.42,       0.4,        0.44,      8.8981,      0.135238
    237,         6,        11,            55,        50,        60,        0.42,       0.4,        0.44,     8.84503,      0.154342
    238,         7,        11,            65,        60,        70,        0.42,       0.4,        0.44,     8.72872,      0.285898
    239,         8,        11,            75,        70,        80,        0.42,       0.4,        0.44,     8.67315,      0.606086
    240,         9,        11,            85,        80,        90,        0.42,       0.4,        0.44,     8.65671,       2.51117
    241,        10,        11,            95,        90,       100,        0.42,       0.4,        0.44,           0,             0
    242,        11,        11,           105,       100,       110,        0.42,       0.4,        0.44,           0,             0
    243,        12,        11,           115,       110,       120,        0.42,       0.4,        0.44,           0,             0
    244,        13,        11,           125,       120,       130,        0.42,       0.4,        0.44,           0,             0
    245,        14,        11,           135,       130,       140,        0.42,       0.4,        0.44,           0,             0
    246,        15,        11,           145,       140,       150,        0.42,       0.4,        0.44,           0,             0
    247,        16,        11,           155,       150,       160,        0.42,       0.4,        0.44,           0,             0
    248,        17,        11,           165,       160,       170,        0.42,       0.4,        0.44,           0,             0
    249,        18,        11,           175,       170,       180,        0.42,       0.4,        0.44,           0,             0
    250,        19,        11,           185,       180,       190,        0.42,       0.4,        0.44,           0,             0
    253,         1,        12,             5,         0,        10,        0.46,      0.44,        0.48,     8.66186,       1.73829
    254,         2,        12,            15,        10,        20,        0.46,      0.44,        0.48,     8.72625,      0.389703
    255,         3,        12,            25,        20,        30,        0.46,      0.44,        0.48,     8.83409,      0.173047
    256,         4,        12,            35,        30,        40,        0.46,      0.44,        0.48,     8.89876,       0.13174
    257,         5,        12,            45,        40,        50,        0.46,      0.44,        0.48,      8.8694,      0.143058
    258,         6,        12,            55,        50,        60,        0.46,      0.44,        0.48,     8.79947,      0.195406
    259,         7,        12,            65,        60,        70,        0.46,      0.44,        0.48,     8.68871,      0.380809
    260,         8,        12,            75,        70,        80,        0.46,      0.44,        0.48,     8.64349,       1.06444
    261,         9,        12,            85,        80,        90,        0.46,      0.44,        0.48,     8.63555,       12.2125
    262,        10,        12,            95,        90,       100,        0.46,      0.44,        0.48,           0,             0
    263,        11,        12,           105,       100,       110,        0.46,      0.44,        0.48,           0,             0
    264,        12,        12,           115,       110,       120,        0.46,      0.44,        0.48,           0,             0
    265,        13,        12,           125,       120,       130,        0.46,      0.44,        0.48,           0,             0
    266,        14,        12,           135,       130,       140,        0.46,      0.44,        0.48,           0,             0
    267,        15,        12,           145,       140,       150,        0.46,      0.44,        0.48,           0,             0
    268,        16,        12,           155,       150,       160,        0.46,      0.44,        0.48,           0,             0
    269,        17,        12,           165,       160,       170,        0.46,      0.44,        0.48,           0,             0
    270,        18,        12,           175,       170,       180,        0.46,      0.44,        0.48,           0,             0
    271,        19,        12,           185,       180,       190,        0.46,      0.44,        0.48,           0,             0
    274,         1,        13,             5,         0,        10,         0.5,      0.48,        0.52,     8.64766,       2.22925
    275,         2,        13,            15,        10,        20,         0.5,      0.48,        0.52,     8.73272,      0.397136
    276,         3,        13,            25,        20,        30,         0.5,      0.48,        0.52,     8.84418,      0.162737
    277,         4,        13,            35,        30,        40,         0.5,      0.48,        0.52,      8.8791,      0.139971
    278,         5,        13,            45,        40,        50,         0.5,      0.48,        0.52,     8.84489,      0.154322
    279,         6,        13,            55,        50,        60,         0.5,      0.48,        0.52,     8.73765,      0.294323
    280,         7,        13,            65,        60,        70,         0.5,      0.48,        0.52,     8.64984,      0.574903
    281,         8,        13,            75,        70,        80,         0.5,      0.48,        0.52,     8.61655,       2.96455
    282,         9,        13,            85,        80,        90,         0.5,      0.48,        0.52,           0,             0
    283,        10,        13,            95,        90,       100,         0.5,      0.48,        0.52,           0,             0
    284,        11,        13,           105,       100,       110,         0.5,      0.48,        0.52,           0,             0
    285,        12,        13,           115,       110,       120,         0.5,      0.48,        0.52,           0,             0
    286,        13,        13,           125,       120,       130,         0.5,      0.48,        0.52,           0,             0
    287,        14,        13,           135,       130,       140,         0.5,      0.48,        0.52,           0,             0
    288,        15,        13,           145,       140,       150,         0.5,      0.48,        0.52,           0,             0
    289,        16,        13,           155,       150,       160,         0.5,      0.48,        0.52,           0,             0
    290,        17,        13,           165,       160,       170,         0.5,      0.48,        0.52,           0,             0
    291,        18,        13,           175,       170,       180,         0.5,      0.48,        0.52,           0,             0
    292,        19,        13,           185,       180,       190,         0.5,      0.48,        0.52,           0,             0
    295,         1,        14,             5,         0,        10,        0.54,      0.52,        0.56,     8.64593,       4.72145
    296,         2,        14,            15,        10,        20,        0.54,      0.52,        0.56,      8.7391,      0.409374
    297,         3,        14,            25,        20,        30,        0.54,      0.52,        0.56,     8.85168,      0.157744
    298,         4,        14,            35,        30,        40,        0.54,      0.52,        0.56,     8.86138,       0.14997
    299,         5,        14,            45,        40,        50,        0.54,      0.52,        0.56,     8.81859,       0.18866
    300,         6,        14,            55,        50,        60,        0.54,      0.52,        0.56,     8.66946,      0.508971
    301,         7,        14,            65,        60,        70,        0.54,      0.52,        0.56,     8.61933,       1.06252
    302,         8,        14,            75,        70,        80,        0.54,      0.52,        0.56,           0,             0
    303,         9,        14,            85,        80,        90,        0.54,      0.52,        0.56,           0,             0
    304,        10,        14,            95,        90,       100,        0.54,      0.52,        0.56,           0,             0
    305,        11,        14,           105,       100,       110,        0.54,      0.52,        0.56,           0,             0
    306,        12,        14,           115,       110,       120,        0.54,      0.52,        0.56,           0,             0
    307,        13,        14,           125,       120,       130,        0.54,      0.52,        0.56,           0,             0
    308,        14,        14,           135,       130,       140,        0.54,      0.52,        0.56,           0,             0
    309,        15,        14,           145,       140,       150,        0.54,      0.52,        0.56,           0,             0
    310,        16,        14,           155,       150,       160,        0.54,      0.52,        0.56,           0,             0
    311,        17,        14,           165,       160,       170,        0.54,      0.52,        0.56,           0,             0
    312,        18,        14,           175,       170,       180,        0.54,      0.52,        0.56,           0,             0
    313,        19,        14,           185,       180,       190,        0.54,      0.52,        0.56,           0,             0
    316,         1,        15,             5,         0,        10,        0.58,      0.56,         0.6,     8.67948,       12.2746
    317,         2,        15,            15,        10,        20,        0.58,      0.56,         0.6,     8.75789,      0.432431
    318,         3,        15,            25,        20,        30,        0.58,      0.56,         0.6,      8.8543,      0.155977
    319,         4,        15,            35,        30,        40,        0.58,      0.56,         0.6,      8.8429,       0.16155
    320,         5,        15,            45,        40,        50,        0.58,      0.56,         0.6,      8.7854,      0.325961
    321,         6,        15,            55,        50,        60,        0.58,      0.56,         0.6,     8.62384,       1.01513
    322,         7,        15,            65,        60,        70,        0.58,      0.56,         0.6,      8.5899,        3.2611
    323,         8,        15,            75,        70,        80,        0.58,      0.56,         0.6,           0,             0
    324,         9,        15,            85,        80,        90,        0.58,      0.56,         0.6,           0,             0
    325,        10,        15,            95,        90,       100,        0.58,      0.56,         0.6,           0,             0
    326,        11,        15,           105,       100,       110,        0.58,      0.56,         0.6,           0,             0
    327,        12,        15,           115,       110,       120,        0.58,      0.56,         0.6,           0,             0
    328,        13,        15,           125,       120,       130,        0.58,      0.56,         0.6,           0,             0
    329,        14,        15,           135,       130,       140,        0.58,      0.56,         0.6,           0,             0
    330,        15,        15,           145,       140,       150,        0.58,      0.56,         0.6,           0,             0
    331,        16,        15,           155,       150,       160,        0.58,      0.56,         0.6,           0,             0
    332,        17,        15,           165,       160,       170,        0.58,      0.56,         0.6,           0,             0
    333,        18,        15,           175,       170,       180,        0.58,      0.56,         0.6,           0,             0
    334,        19,        15,           185,       180,       190,        0.58,      0.56,         0.6,           0,             0
    337,         1,        16,             5,         0,        10,        0.62,       0.6,        0.64,           0,             0
    338,         2,        16,            15,        10,        20,        0.62,       0.6,        0.64,     8.79635,      0.441078
    339,         3,        16,            25,        20,        30,        0.62,       0.6,        0.64,     8.85198,      0.165547
    340,         4,        16,            35,        30,        40,        0.62,       0.6,        0.64,     8.84064,      0.197187
    341,         5,        16,            45,        40,        50,        0.62,       0.6,        0.64,     8.71031,       1.18271
    342,         6,        16,            55,        50,        60,        0.62,       0.6,        0.64,      8.5824,       2.86882
    343,         7,        16,            65,        60,        70,        0.62,       0.6,        0.64,           0,             0
    344,         8,        16,            75,        70,        80,        0.62,       0.6,        0.64,           0,             0
    345,         9,        16,            85,        80,        90,        0.62,       0.6,        0.64,           0,             0
    346,        10,        16,            95,        90,       100,        0.62,       0.6,        0.64,           0,             0
    347,        11,        16,           105,       100,       110,        0.62,       0.6,        0.64,           0,             0
    348,        12,        16,           115,       110,       120,        0.62,       0.6,        0.64,           0,             0
    349,        13,        16,           125,       120,       130,        0.62,       0.6,        0.64,           0,             0
    350,        14,        16,           135,       130,       140,        0.62,       0.6,        0.64,           0,             0
    351,        15,        16,           145,       140,       150,        0.62,       0.6,        0.64,           0,             0
    352,        16,        16,           155,       150,       160,        0.62,       0.6,        0.64,           0,             0
    353,        17,        16,           165,       160,       170,        0.62,       0.6,        0.64,           0,             0
    354,        18,        16,           175,       170,       180,        0.62,       0.6,        0.64,           0,             0
    355,        19,        16,           185,       180,       190,        0.62,       0.6,        0.64,           0,             0
    358,         1,        17,             5,         0,        10,        0.66,      0.64,        0.68,           0,             0
    359,         2,        17,            15,        10,        20,        0.66,      0.64,        0.68,     8.83852,      0.465079
    360,         3,        17,            25,        20,        30,        0.66,      0.64,        0.68,     8.84811,      0.187538
    361,         4,        17,            35,        30,        40,        0.66,      0.64,        0.68,     8.87186,      0.293535
    362,         5,        17,            45,        40,        50,        0.66,      0.64,        0.68,           0,             0
    363,         6,        17,            55,        50,        60,        0.66,      0.64,        0.68,           0,             0
    364,         7,        17,            65,        60,        70,        0.66,      0.64,        0.68,           0,             0
    365,         8,        17,            75,        70,        80,        0.66,      0.64,        0.68,           0,             0
    366,         9,        17,            85,        80,        90,        0.66,      0.64,        0.68,           0,             0
    367,        10,        17,            95,        90,       100,        0.66,      0.64,        0.68,           0,             0
    368,        11,        17,           105,       100,       110,        0.66,      0.64,        0.68,           0,             0
    369,        12,        17,           115,       110,       120,        0.66,      0.64,        0.68,           0,             0
    370,        13,        17,           125,       120,       130,        0.66,      0.64,        0.68,           0,             0
    371,        14,        17,           135,       130,       140,        0.66,      0.64,        0.68,           0,             0
    372,        15,        17,           145,       140,       150,        0.66,      0.64,        0.68,           0,             0
    373,        16,        17,           155,       150,       160,        0.66,      0.64,        0.68,           0,             0
    374,        17,        17,           165,       160,       170,        0.66,      0.64,        0.68,           0,             0
    375,        18,        17,           175,       170,       180,        0.66,      0.64,        0.68,           0,             0
    376,        19,        17,           185,       180,       190,        0.66,      0.64,        0.68,           0,             0
    379,         1,        18,             5,         0,        10,         0.7,      0.68,        0.72,           0,             0
    380,         2,        18,            15,        10,        20,         0.7,      0.68,        0.72,     8.85362,      0.476642
    381,         3,        18,            25,        20,        30,         0.7,      0.68,        0.72,     8.85476,      0.236336
    382,         4,        18,            35,        30,        40,         0.7,      0.68,        0.72,     8.89357,      0.536616
    383,         5,        18,            45,        40,        50,         0.7,      0.68,        0.72,           0,             0
    384,         6,        18,            55,        50,        60,         0.7,      0.68,        0.72,           0,             0
    385,         7,        18,            65,        60,        70,         0.7,      0.68,        0.72,           0,             0
    386,         8,        18,            75,        70,        80,         0.7,      0.68,        0.72,           0,             0
    387,         9,        18,            85,        80,        90,         0.7,      0.68,        0.72,           0,             0
    388,        10,        18,            95,        90,       100,         0.7,      0.68,        0.72,           0,             0
    389,        11,        18,           105,       100,       110,         0.7,      0.68,        0.72,           0,             0
    390,        12,        18,           115,       110,       120,         0.7,      0.68,        0.72,           0,             0
    391,        13,        18,           125,       120,       130,         0.7,      0.68,        0.72,           0,             0
    392,        14,        18,           135,       130,       140,         0.7,      0.68,        0.72,           0,             0
    393,        15,        18,           145,       140,       150,         0.7,      0.68,        0.72,           0,             0
    394,        16,        18,           155,       150,       160,         0.7,      0.68,        0.72,           0,             0
    395,        17,        18,           165,       160,       170,         0.7,      0.68,        0.72,           0,             0
    396,        18,        18,           175,       170,       180,         0.7,      0.68,        0.72,           0,             0
    397,        19,        18,           185,       180,       190,         0.7,      0.68,        0.72,           0,             0
    400,         1,        19,             5,         0,        10,        0.74,      0.72,        0.76,           0,             0
    401,         2,        19,            15,        10,        20,        0.74,      0.72,        0.76,     8.85497,       0.62145
    402,         3,        19,            25,        20,        30,        0.74,      0.72,        0.76,     8.85856,       0.34881
    403,         4,        19,            35,        30,        40,        0.74,      0.72,        0.76,     8.89166,       1.84199
    404,         5,        19,            45,        40,        50,        0.74,      0.72,        0.76,           0,             0
    405,         6,        19,            55,        50,        60,        0.74,      0.72,        0.76,           0,             0
    406,         7,        19,            65,        60,        70,        0.74,      0.72,        0.76,           0,             0
    407,         8,        19,            75,        70,        80,        0.74,      0.72,        0.76,           0,             0
    408,         9,        19,            85,        80,        90,        0.74,      0.72,        0.76,           0,             0
    409,        10,        19,            95,        90,       100,        0.74,      0.72,        0.76,           0,             0
    410,        11,        19,           105,       100,       110,        0.74,      0.72,        0.76,           0,             0
    411,        12,        19,           115,       110,       120,        0.74,      0.72,        0.76,           0,             0
    412,        13,        19,           125,       120,       130,        0.74,      0.72,        0.76,           0,             0
    413,        14,        19,           135,       130,       140,        0.74,      0.72,        0.76,           0,             0
    414,        15,        19,           145,       140,       150,        0.74,      0.72,        0.76,           0,             0
    415,        16,        19,           155,       150,       160,        0.74,      0.72,        0.76,           0,             0
    416,        17,        19,           165,       160,       170,        0.74,      0.72,        0.76,           0,             0
    417,        18,        19,           175,       170,       180,        0.74,      0.72,        0.76,           0,             0
    418,        19,        19,           185,       180,       190,        0.74,      0.72,        0.76,           0,             0
    421,         1,        20,             5,         0,        10,        0.78,      0.76,         0.8,           0,             0
    422,         2,        20,            15,        10,        20,        0.78,      0.76,         0.8,     8.84211,       1.03126
    423,         3,        20,            25,        20,        30,        0.78,      0.76,         0.8,     8.84744,      0.638519
    424,         4,        20,            35,        30,        40,        0.78,      0.76,         0.8,           0,             0
    425,         5,        20,            45,        40,        50,        0.78,      0.76,         0.8,           0,             0
    426,         6,        20,            55,        50,        60,        0.78,      0.76,         0.8,           0,             0
    427,         7,        20,            65,        60,        70,        0.78,      0.76,         0.8,           0,             0
    428,         8,        20,            75,        70,        80,        0.78,      0.76,         0.8,           0,             0
    429,         9,        20,            85,        80,        90,        0.78,      0.76,         0.8,           0,             0
    430,        10,        20,            95,        90,       100,        0.78,      0.76,         0.8,           0,             0
    431,        11,        20,           105,       100,       110,        0.78,      0.76,         0.8,           0,             0
    432,        12,        20,           115,       110,       120,        0.78,      0.76,         0.8,           0,             0
    433,        13,        20,           125,       120,       130,        0.78,      0.76,         0.8,           0,             0
    434,        14,        20,           135,       130,       140,        0.78,      0.76,         0.8,           0,             0
    435,        15,        20,           145,       140,       150,        0.78,      0.76,         0.8,           0,             0
    436,        16,        20,           155,       150,       160,        0.78,      0.76,         0.8,           0,             0
    437,        17,        20,           165,       160,       170,        0.78,      0.76,         0.8,           0,             0
    438,        18,        20,           175,       170,       180,        0.78,      0.76,         0.8,           0,             0
    439,        19,        20,           185,       180,       190,        0.78,      0.76,         0.8,           0,             0
    442,         1,        21,             5,         0,        10,        0.82,       0.8,        0.84,           0,             0
    443,         2,        21,            15,        10,        20,        0.82,       0.8,        0.84,     8.83296,       2.09129
    444,         3,        21,            25,        20,        30,        0.82,       0.8,        0.84,     8.83773,       1.77949
    445,         4,        21,            35,        30,        40,        0.82,       0.8,        0.84,           0,             0
    446,         5,        21,            45,        40,        50,        0.82,       0.8,        0.84,           0,             0
    447,         6,        21,            55,        50,        60,        0.82,       0.8,        0.84,           0,             0
    448,         7,        21,            65,        60,        70,        0.82,       0.8,        0.84,           0,             0
    449,         8,        21,            75,        70,        80,        0.82,       0.8,        0.84,           0,             0
    450,         9,        21,            85,        80,        90,        0.82,       0.8,        0.84,           0,             0
    451,        10,        21,            95,        90,       100,        0.82,       0.8,        0.84,           0,             0
    452,        11,        21,           105,       100,       110,        0.82,       0.8,        0.84,           0,             0
    453,        12,        21,           115,       110,       120,        0.82,       0.8,        0.84,           0,             0
    454,        13,        21,           125,       120,       130,        0.82,       0.8,        0.84,           0,             0
    455,        14,        21,           135,       130,       140,        0.82,       0.8,        0.84,           0,             0
    456,        15,        21,           145,       140,       150,        0.82,       0.8,        0.84,           0,             0
    457,        16,        21,           155,       150,       160,        0.82,       0.8,        0.84,           0,             0
    458,        17,        21,           165,       160,       170,        0.82,       0.8,        0.84,           0,             0
    459,        18,        21,           175,       170,       180,        0.82,       0.8,        0.84,           0,             0
    460,        19,        21,           185,       180,       190,        0.82,       0.8,        0.84,           0,             0
    463,         1,        22,             5,         0,        10,        0.86,      0.84,        0.88,           0,             0
    464,         2,        22,            15,        10,        20,        0.86,      0.84,        0.88,           0,             0
    465,         3,        22,            25,        20,        30,        0.86,      0.84,        0.88,     8.83374,       7.25357
    466,         4,        22,            35,        30,        40,        0.86,      0.84,        0.88,           0,             0
    467,         5,        22,            45,        40,        50,        0.86,      0.84,        0.88,           0,             0
    468,         6,        22,            55,        50,        60,        0.86,      0.84,        0.88,           0,             0
    469,         7,        22,            65,        60,        70,        0.86,      0.84,        0.88,           0,             0
    470,         8,        22,            75,        70,        80,        0.86,      0.84,        0.88,           0,             0
    471,         9,        22,            85,        80,        90,        0.86,      0.84,        0.88,           0,             0
    472,        10,        22,            95,        90,       100,        0.86,      0.84,        0.88,           0,             0
    473,        11,        22,           105,       100,       110,        0.86,      0.84,        0.88,           0,             0
    474,        12,        22,           115,       110,       120,        0.86,      0.84,        0.88,           0,             0
    475,        13,        22,           125,       120,       130,        0.86,      0.84,        0.88,           0,             0
    476,        14,        22,           135,       130,       140,        0.86,      0.84,        0.88,           0,             0
    477,        15,        22,           145,       140,       150,        0.86,      0.84,        0.88,           0,             0
    478,        16,        22,           155,       150,       160,        0.86,      0.84,        0.88,           0,             0
    479,        17,        22,           165,       160,       170,        0.86,      0.84,        0.88,           0,             0
    480,        18,        22,           175,       170,       180,        0.86,      0.84,        0.88,           0,             0
    481,        19,        22,           185,       180,       190,        0.86,      0.84,        0.88,           0,             0
    484,         1,        23,             5,         0,        10,         0.9,      0.88,        0.92,           0,             0
    485,         2,        23,            15,        10,        20,         0.9,      0.88,        0.92,           0,             0
    486,         3,        23,            25,        20,        30,         0.9,      0.88,        0.92,           0,             0
    487,         4,        23,            35,        30,        40,         0.9,      0.88,        0.92,           0,             0
    488,         5,        23,            45,        40,        50,         0.9,      0.88,        0.92,           0,             0
    489,         6,        23,            55,        50,        60,         0.9,      0.88,        0.92,           0,             0
    490,         7,        23,            65,        60,        70,         0.9,      0.88,        0.92,           0,             0
    491,         8,        23,            75,        70,        80,         0.9,      0.88,        0.92,           0,             0
    492,         9,        23,            85,        80,        90,         0.9,      0.88,        0.92,           0,             0
    493,        10,        23,            95,        90,       100,         0.9,      0.88,        0.92,           0,             0
    494,        11,        23,           105,       100,       110,         0.9,      0.88,        0.92,           0,             0
    495,        12,        23,           115,       110,       120,         0.9,      0.88,        0.92,           0,             0
    496,        13,        23,           125,       120,       130,         0.9,      0.88,        0.92,           0,             0
    497,        14,        23,           135,       130,       140,         0.9,      0.88,        0.92,           0,             0
    498,        15,        23,           145,       140,       150,         0.9,      0.88,        0.92,           0,             0
    499,        16,        23,           155,       150,       160,         0.9,      0.88,        0.92,           0,             0
    500,        17,        23,           165,       160,       170,         0.9,      0.88,        0.92,           0,             0
    501,        18,        23,           175,       170,       180,         0.9,      0.88,        0.92,           0,             0
    502,        19,        23,           185,       180,       190,         0.9,      0.88,        0.92,           0,             0
    505,         1,        24,             5,         0,        10,        0.94,      0.92,        0.96,           0,             0
    506,         2,        24,            15,        10,        20,        0.94,      0.92,        0.96,           0,             0
    507,         3,        24,            25,        20,        30,        0.94,      0.92,        0.96,           0,             0
    508,         4,        24,            35,        30,        40,        0.94,      0.92,        0.96,           0,             0
    509,         5,        24,            45,        40,        50,        0.94,      0.92,        0.96,           0,             0
    510,         6,        24,            55,        50,        60,        0.94,      0.92,        0.96,           0,             0
    511,         7,        24,            65,        60,        70,        0.94,      0.92,        0.96,           0,             0
    512,         8,        24,            75,        70,        80,        0.94,      0.92,        0.96,           0,             0
    513,         9,        24,            85,        80,        90,        0.94,      0.92,        0.96,           0,             0
    514,        10,        24,            95,        90,       100,        0.94,      0.92,        0.96,           0,             0
    515,        11,        24,           105,       100,       110,        0.94,      0.92,        0.96,           0,             0
    516,        12,        24,           115,       110,       120,        0.94,      0.92,        0.96,           0,             0
    517,        13,        24,           125,       120,       130,        0.94,      0.92,        0.96,           0,             0
    518,        14,        24,           135,       130,       140,        0.94,      0.92,        0.96,           0,             0
    519,        15,        24,           145,       140,       150,        0.94,      0.92,        0.96,           0,             0
    520,        16,        24,           155,       150,       160,        0.94,      0.92,        0.96,           0,             0
    521,        17,        24,           165,       160,       170,        0.94,      0.92,        0.96,           0,             0
    522,        18,        24,           175,       170,       180,        0.94,      0.92,        0.96,           0,             0
    523,        19,        24,           185,       180,       190,        0.94,      0.92,        0.96,           0,             0
    526,         1,        25,             5,         0,        10,        0.98,      0.96,           1,           0,             0
    527,         2,        25,            15,        10,        20,        0.98,      0.96,           1,           0,             0
    528,         3,        25,            25,        20,        30,        0.98,      0.96,           1,           0,             0
    529,         4,        25,            35,        30,        40,        0.98,      0.96,           1,           0,             0
    530,         5,        25,            45,        40,        50,        0.98,      0.96,           1,           0,             0
    531,         6,        25,            55,        50,        60,        0.98,      0.96,           1,           0,             0
    532,         7,        25,            65,        60,        70,        0.98,      0.96,           1,           0,             0
    533,         8,        25,            75,        70,        80,        0.98,      0.96,           1,           0,             0
    534,         9,        25,            85,        80,        90,        0.98,      0.96,           1,           0,             0
    535,        10,        25,            95,        90,       100,        0.98,      0.96,           1,           0,             0
    536,        11,        25,           105,       100,       110,        0.98,      0.96,           1,           0,             0
    537,        12,        25,           115,       110,       120,        0.98,      0.96,           1,           0,             0
    538,        13,        25,           125,       120,       130,        0.98,      0.96,           1,           0,             0
    539,        14,        25,           135,       130,       140,        0.98,      0.96,           1,           0,             0
    540,        15,        25,           145,       140,       150,        0.98,      0.96,           1,           0,             0
    541,        16,        25,           155,       150,       160,        0.98,      0.96,           1,           0,             0
    542,        17,        25,           165,       160,       170,        0.98,      0.96,           1,           0,             0
    543,        18,        25,           175,       170,       180,        0.98,      0.96,           1,           0,             0
    544,        19,        25,           185,       180,       190,        0.98,      0.96,           1,           0,             0
    547,         1,        26,             5,         0,        10,        1.02,         1,        1.04,           0,             0
    548,         2,        26,            15,        10,        20,        1.02,         1,        1.04,           0,             0
    549,         3,        26,            25,        20,        30,        1.02,         1,        1.04,           0,             0
    550,         4,        26,            35,        30,        40,        1.02,         1,        1.04,           0,             0
    551,         5,        26,            45,        40,        50,        1.02,         1,        1.04,           0,             0
    552,         6,        26,            55,        50,        60,        1.02,         1,        1.04,           0,             0
    553,         7,        26,            65,        60,        70,        1.02,         1,        1.04,           0,             0
    554,         8,        26,            75,        70,        80,        1.02,         1,        1.04,           0,             0
    555,         9,        26,            85,        80,        90,        1.02,         1,        1.04,           0,             0
    556,        10,        26,            95,        90,       100,        1.02,         1,        1.04,           0,             0
    557,        11,        26,           105,       100,       110,        1.02,         1,        1.04,           0,             0
    558,        12,        26,           115,       110,       120,        1.02,         1,        1.04,           0,             0
    559,        13,        26,           125,       120,       130,        1.02,         1,        1.04,           0,             0
    560,        14,        26,           135,       130,       140,        1.02,         1,        1.04,           0,             0
    561,        15,        26,           145,       140,       150,        1.02,         1,        1.04,           0,             0
    562,        16,        26,           155,       150,       160,        1.02,         1,        1.04,           0,             0
    563,        17,        26,           165,       160,       170,        1.02,         1,        1.04,           0,             0
    564,        18,        26,           175,       170,       180,        1.02,         1,        1.04,           0,             0
    565,        19,        26,           185,       180,       190,        1.02,         1,        1.04,           0,             0
    568,         1,        27,             5,         0,        10,        1.06,      1.04,        1.08,           0,             0
    569,         2,        27,            15,        10,        20,        1.06,      1.04,        1.08,           0,             0
    570,         3,        27,            25,        20,        30,        1.06,      1.04,        1.08,           0,             0
    571,         4,        27,            35,        30,        40,        1.06,      1.04,        1.08,           0,             0
    572,         5,        27,            45,        40,        50,        1.06,      1.04,        1.08,           0,             0
    573,         6,        27,            55,        50,        60,        1.06,      1.04,        1.08,           0,             0
    574,         7,        27,            65,        60,        70,        1.06,      1.04,        1.08,           0,             0
    575,         8,        27,            75,        70,        80,        1.06,      1.04,        1.08,           0,             0
    576,         9,        27,            85,        80,        90,        1.06,      1.04,        1.08,           0,             0
    577,        10,        27,            95,        90,       100,        1.06,      1.04,        1.08,           0,             0
    578,        11,        27,           105,       100,       110,        1.06,      1.04,        1.08,           0,             0
    579,        12,        27,           115,       110,       120,        1.06,      1.04,        1.08,           0,             0
    580,        13,        27,           125,       120,       130,        1.06,      1.04,        1.08,           0,             0
    581,        14,        27,           135,       130,       140,        1.06,      1.04,        1.08,           0,             0
    582,        15,        27,           145,       140,       150,        1.06,      1.04,        1.08,           0,             0
    583,        16,        27,           155,       150,       160,        1.06,      1.04,        1.08,           0,             0
    584,        17,        27,           165,       160,       170,        1.06,      1.04,        1.08,           0,             0
    585,        18,        27,           175,       170,       180,        1.06,      1.04,        1.08,           0,             0
    586,        19,        27,           185,       180,       190,        1.06,      1.04,        1.08,           0,             0
    589,         1,        28,             5,         0,        10,         1.1,      1.08,        1.12,           0,             0
    590,         2,        28,            15,        10,        20,         1.1,      1.08,        1.12,           0,             0
    591,         3,        28,            25,        20,        30,         1.1,      1.08,        1.12,           0,             0
    592,         4,        28,            35,        30,        40,         1.1,      1.08,        1.12,           0,             0
    593,         5,        28,            45,        40,        50,         1.1,      1.08,        1.12,           0,             0
    594,         6,        28,            55,        50,        60,         1.1,      1.08,        1.12,           0,             0
    595,         7,        28,            65,        60,        70,         1.1,      1.08,        1.12,           0,             0
    596,         8,        28,            75,        70,        80,         1.1,      1.08,        1.12,           0,             0
    597,         9,        28,            85,        80,        90,         1.1,      1.08,        1.12,           0,             0
    598,        10,        28,            95,        90,       100,         1.1,      1.08,        1.12,           0,             0
    599,        11,        28,           105,       100,       110,         1.1,      1.08,        1.12,           0,             0
    600,        12,        28,           115,       110,       120,         1.1,      1.08,        1.12,           0,             0
    601,        13,        28,           125,       120,       130,         1.1,      1.08,        1.12,           0,             0
    602,        14,        28,           135,       130,       140,         1.1,      1.08,        1.12,           0,             0
    603,        15,        28,           145,       140,       150,         1.1,      1.08,        1.12,           0,             0
    604,        16,        28,           155,       150,       160,         1.1,      1.08,        1.12,           0,             0
    605,        17,        28,           165,       160,       170,         1.1,      1.08,        1.12,           0,             0
    606,        18,        28,           175,       170,       180,         1.1,      1.08,        1.12,           0,             0
    607,        19,        28,           185,       180,       190,         1.1,      1.08,        1.12,           0,             0
    610,         1,        29,             5,         0,        10,        1.14,      1.12,        1.16,           0,             0
    611,         2,        29,            15,        10,        20,        1.14,      1.12,        1.16,           0,             0
    612,         3,        29,            25,        20,        30,        1.14,      1.12,        1.16,           0,             0
    613,         4,        29,            35,        30,        40,        1.14,      1.12,        1.16,           0,             0
    614,         5,        29,            45,        40,        50,        1.14,      1.12,        1.16,           0,             0
    615,         6,        29,            55,        50,        60,        1.14,      1.12,        1.16,           0,             0
    616,         7,        29,            65,        60,        70,        1.14,      1.12,        1.16,           0,             0
    617,         8,        29,            75,        70,        80,        1.14,      1.12,        1.16,           0,             0
    618,         9,        29,            85,        80,        90,        1.14,      1.12,        1.16,           0,             0
    619,        10,        29,            95,        90,       100,        1.14,      1.12,        1.16,           0,             0
    620,        11,        29,           105,       100,       110,        1.14,      1.12,        1.16,           0,             0
    621,        12,        29,           115,       110,       120,        1.14,      1.12,        1.16,           0,             0
    622,        13,        29,           125,       120,       130,        1.14,      1.12,        1.16,           0,             0
    623,        14,        29,           135,       130,       140,        1.14,      1.12,        1.16,           0,             0
    624,        15,        29,           145,       140,       150,        1.14,      1.12,        1.16,           0,             0
    625,        16,        29,           155,       150,       160,        1.14,      1.12,        1.16,           0,             0
    626,        17,        29,           165,       160,       170,        1.14,      1.12,        1.16,           0,             0
    627,        18,        29,           175,       170,       180,        1.14,      1.12,        1.16,           0,             0
    628,        19,        29,           185,       180,       190,        1.14,      1.12,        1.16,           0,             0
    631,         1,        30,             5,         0,        10,        1.18,      1.16,         1.2,           0,             0
    632,         2,        30,            15,        10,        20,        1.18,      1.16,         1.2,           0,             0
    633,         3,        30,            25,        20,        30,        1.18,      1.16,         1.2,           0,             0
    634,         4,        30,            35,        30,        40,        1.18,      1.16,         1.2,           0,             0
    635,         5,        30,            45,        40,        50,        1.18,      1.16,         1.2,           0,             0
    636,         6,        30,            55,        50,        60,        1.18,      1.16,         1.2,           0,             0
    637,         7,        30,            65,        60,        70,        1.18,      1.16,         1.2,           0,             0
    638,         8,        30,            75,        70,        80,        1.18,      1.16,         1.2,           0,             0
    639,         9,        30,            85,        80,        90,        1.18,      1.16,         1.2,           0,             0
    640,        10,        30,            95,        90,       100,        1.18,      1.16,         1.2,           0,             0
    641,        11,        30,           105,       100,       110,        1.18,      1.16,         1.2,           0,             0
    642,        12,        30,           115,       110,       120,        1.18,      1.16,         1.2,           0,             0
    643,        13,        30,           125,       120,       130,        1.18,      1.16,         1.2,           0,             0
    644,        14,        30,           135,       130,       140,        1.18,      1.16,         1.2,           0,             0
    645,        15,        30,           145,       140,       150,        1.18,      1.16,         1.2,           0,             0
    646,        16,        30,           155,       150,       160,        1.18,      1.16,         1.2,           0,             0
    647,        17,        30,           165,       160,       170,        1.18,      1.16,         1.2,           0,             0
    648,        18,        30,           175,       170,       180,        1.18,      1.16,         1.2,           0,             0
    649,        19,        30,           185,       180,       190,        1.18,      1.16,         1.2,           0,             0
