# 2D Histogram Bin Extraction 
#                   
# histogram parameters:  
# title      : x-Bjorken (2D Average) 
# ybins      : 30 
# ylabel     :  P_{m} [GeV/c] 
# xbins      : 19 
# xlabel     :  #theta_{rq} [deg] 
# ybin_width : 0.040 
# xbin_width : 10.000 
#                   
# header definitions:
# ib:         (x,y)  bin number 
# xb:         x-axis bin number 
# yb:         y-axis bin number 
# x0:         x-axis central bin value 
# xlow:       x-axis low-edge bin value 
# xup:        x-axis up-edge bin value 
# y0:         y-axis central bin value 
# ylow:       y-axis low-edge bin value 
# yup:        y-axis up-edge bin value 
# zcont:      bin content (z-axis) 
# zcont_err:  bin content error (z-axis) 
#                                        
ib,xb,yb,x0,xlow,xup,y0,ylow,yup,zcont,zcont_err
     22,         1,         1,             5,         0,        10,        0.02,         0,        0.04,     1.04035,      0.759244
     23,         2,         1,            15,        10,        20,        0.02,         0,        0.04,     1.03402,      0.499986
     24,         3,         1,            25,        20,        30,        0.02,         0,        0.04,     1.03044,      0.328097
     25,         4,         1,            35,        30,        40,        0.02,         0,        0.04,     1.02492,       0.25288
     26,         5,         1,            45,        40,        50,        0.02,         0,        0.04,     1.02997,      0.191031
     27,         6,         1,            55,        50,        60,        0.02,         0,        0.04,     1.02586,      0.166013
     28,         7,         1,            65,        60,        70,        0.02,         0,        0.04,     1.02232,      0.119744
     29,         8,         1,            75,        70,        80,        0.02,         0,        0.04,     1.02026,      0.083252
     30,         9,         1,            85,        80,        90,        0.02,         0,        0.04,     1.00391,     0.0783278
     31,        10,         1,            95,        90,       100,        0.02,         0,        0.04,    0.988422,     0.0910612
     32,        11,         1,           105,       100,       110,        0.02,         0,        0.04,     0.97564,     0.0906091
     33,        12,         1,           115,       110,       120,        0.02,         0,        0.04,    0.967737,      0.110427
     34,        13,         1,           125,       120,       130,        0.02,         0,        0.04,    0.964098,      0.150696
     35,        14,         1,           135,       130,       140,        0.02,         0,        0.04,    0.965197,      0.183312
     36,        15,         1,           145,       140,       150,        0.02,         0,        0.04,    0.961704,      0.267037
     37,        16,         1,           155,       150,       160,        0.02,         0,        0.04,    0.966274,      0.379766
     38,        17,         1,           165,       160,       170,        0.02,         0,        0.04,    0.963374,      0.630964
     39,        18,         1,           175,       170,       180,        0.02,         0,        0.04,    0.965316,      0.560712
     40,        19,         1,           185,       180,       190,        0.02,         0,        0.04,           0,             0
     43,         1,         2,             5,         0,        10,        0.06,      0.04,        0.08,     1.06196,       0.49347
     44,         2,         2,            15,        10,        20,        0.06,      0.04,        0.08,     1.05735,      0.234651
     45,         3,         2,            25,        20,        30,        0.06,      0.04,        0.08,     1.05702,      0.160217
     46,         4,         2,            35,        30,        40,        0.06,      0.04,        0.08,     1.05508,      0.113328
     47,         5,         2,            45,        40,        50,        0.06,      0.04,        0.08,     1.05735,     0.0834357
     48,         6,         2,            55,        50,        60,        0.06,      0.04,        0.08,      1.0527,      0.059851
     49,         7,         2,            65,        60,        70,        0.06,      0.04,        0.08,     1.04347,     0.0477312
     50,         8,         2,            75,        70,        80,        0.06,      0.04,        0.08,     1.02613,     0.0453387
     51,         9,         2,            85,        80,        90,        0.06,      0.04,        0.08,     1.00193,     0.0532831
     52,        10,         2,            95,        90,       100,        0.06,      0.04,        0.08,    0.983643,     0.0574256
     53,        11,         2,           105,       100,       110,        0.06,      0.04,        0.08,    0.964108,      0.053751
     54,        12,         2,           115,       110,       120,        0.06,      0.04,        0.08,    0.944729,     0.0531534
     55,        13,         2,           125,       120,       130,        0.06,      0.04,        0.08,    0.943641,     0.0792182
     56,        14,         2,           135,       130,       140,        0.06,      0.04,        0.08,    0.948251,       0.12402
     57,        15,         2,           145,       140,       150,        0.06,      0.04,        0.08,    0.949124,      0.189928
     58,        16,         2,           155,       150,       160,        0.06,      0.04,        0.08,    0.942234,      0.242744
     59,        17,         2,           165,       160,       170,        0.06,      0.04,        0.08,    0.948591,      0.358783
     60,        18,         2,           175,       170,       180,        0.06,      0.04,        0.08,    0.953141,      0.685841
     61,        19,         2,           185,       180,       190,        0.06,      0.04,        0.08,           0,             0
     64,         1,         3,             5,         0,        10,         0.1,      0.08,        0.12,     1.08984,      0.319235
     65,         2,         3,            15,        10,        20,         0.1,      0.08,        0.12,     1.07892,      0.145385
     66,         3,         3,            25,        20,        30,         0.1,      0.08,        0.12,     1.08842,     0.0958859
     67,         4,         3,            35,        30,        40,         0.1,      0.08,        0.12,     1.09096,     0.0689267
     68,         5,         3,            45,        40,        50,         0.1,      0.08,        0.12,     1.09393,     0.0472165
     69,         6,         3,            55,        50,        60,         0.1,      0.08,        0.12,     1.08291,     0.0366525
     70,         7,         3,            65,        60,        70,         0.1,      0.08,        0.12,     1.06164,     0.0317347
     71,         8,         3,            75,        70,        80,         0.1,      0.08,        0.12,     1.02987,     0.0377571
     72,         9,         3,            85,        80,        90,         0.1,      0.08,        0.12,    0.998997,     0.0416845
     73,        10,         3,            95,        90,       100,         0.1,      0.08,        0.12,    0.973363,      0.045257
     74,        11,         3,           105,       100,       110,         0.1,      0.08,        0.12,    0.946551,     0.0490801
     75,        12,         3,           115,       110,       120,         0.1,      0.08,        0.12,    0.924678,     0.0598382
     76,        13,         3,           125,       120,       130,         0.1,      0.08,        0.12,    0.917712,     0.0843355
     77,        14,         3,           135,       130,       140,         0.1,      0.08,        0.12,    0.926286,      0.120824
     78,        15,         3,           145,       140,       150,         0.1,      0.08,        0.12,    0.926908,       0.15887
     79,        16,         3,           155,       150,       160,         0.1,      0.08,        0.12,    0.925707,      0.222858
     80,        17,         3,           165,       160,       170,         0.1,      0.08,        0.12,    0.931598,      0.309309
     81,        18,         3,           175,       170,       180,         0.1,      0.08,        0.12,    0.932847,      0.545457
     82,        19,         3,           185,       180,       190,         0.1,      0.08,        0.12,           0,             0
     85,         1,         4,             5,         0,        10,        0.14,      0.12,        0.16,     1.11166,      0.237855
     86,         2,         4,            15,        10,        20,        0.14,      0.12,        0.16,      1.1124,       0.11203
     87,         3,         4,            25,        20,        30,        0.14,      0.12,        0.16,      1.1199,     0.0718063
     88,         4,         4,            35,        30,        40,        0.14,      0.12,        0.16,     1.12857,      0.046417
     89,         5,         4,            45,        40,        50,        0.14,      0.12,        0.16,      1.1273,     0.0334332
     90,         6,         4,            55,        50,        60,        0.14,      0.12,        0.16,     1.10893,     0.0270211
     91,         7,         4,            65,        60,        70,        0.14,      0.12,        0.16,     1.07882,     0.0270575
     92,         8,         4,            75,        70,        80,        0.14,      0.12,        0.16,     1.03216,     0.0322054
     93,         9,         4,            85,        80,        90,        0.14,      0.12,        0.16,    0.993571,      0.036132
     94,        10,         4,            95,        90,       100,        0.14,      0.12,        0.16,    0.958302,     0.0420333
     95,        11,         4,           105,       100,       110,        0.14,      0.12,        0.16,    0.924192,     0.0523281
     96,        12,         4,           115,       110,       120,        0.14,      0.12,        0.16,     0.90932,     0.0909877
     97,        13,         4,           125,       120,       130,        0.14,      0.12,        0.16,    0.902281,       0.11539
     98,        14,         4,           135,       130,       140,        0.14,      0.12,        0.16,    0.901475,      0.164482
     99,        15,         4,           145,       140,       150,        0.14,      0.12,        0.16,    0.903997,      0.207736
    100,        16,         4,           155,       150,       160,        0.14,      0.12,        0.16,    0.909361,      0.247374
    101,        17,         4,           165,       160,       170,        0.14,      0.12,        0.16,    0.904463,      0.526314
    102,        18,         4,           175,       170,       180,        0.14,      0.12,        0.16,    0.908309,      0.538508
    103,        19,         4,           185,       180,       190,        0.14,      0.12,        0.16,           0,             0
    106,         1,         5,             5,         0,        10,        0.18,      0.16,         0.2,      1.1589,      0.253227
    107,         2,         5,            15,        10,        20,        0.18,      0.16,         0.2,      1.1661,      0.101246
    108,         3,         5,            25,        20,        30,        0.18,      0.16,         0.2,     1.16657,     0.0581206
    109,         4,         5,            35,        30,        40,        0.18,      0.16,         0.2,     1.17126,     0.0366676
    110,         5,         5,            45,        40,        50,        0.18,      0.16,         0.2,     1.15946,     0.0255564
    111,         6,         5,            55,        50,        60,        0.18,      0.16,         0.2,     1.13304,      0.021565
    112,         7,         5,            65,        60,        70,        0.18,      0.16,         0.2,     1.08947,     0.0247071
    113,         8,         5,            75,        70,        80,        0.18,      0.16,         0.2,     1.03272,     0.0295865
    114,         9,         5,            85,        80,        90,        0.18,      0.16,         0.2,    0.984614,     0.0341369
    115,        10,         5,            95,        90,       100,        0.18,      0.16,         0.2,    0.939056,     0.0439934
    116,        11,         5,           105,       100,       110,        0.18,      0.16,         0.2,    0.905172,     0.0695982
    117,        12,         5,           115,       110,       120,        0.18,      0.16,         0.2,    0.892649,      0.147884
    118,        13,         5,           125,       120,       130,        0.18,      0.16,         0.2,    0.882336,      0.311356
    119,        14,         5,           135,       130,       140,        0.18,      0.16,         0.2,     0.88068,      0.336431
    120,        15,         5,           145,       140,       150,        0.18,      0.16,         0.2,    0.878463,      0.348687
    121,        16,         5,           155,       150,       160,        0.18,      0.16,         0.2,    0.892144,      0.637717
    122,        17,         5,           165,       160,       170,        0.18,      0.16,         0.2,           0,             0
    123,        18,         5,           175,       170,       180,        0.18,      0.16,         0.2,           0,             0
    124,        19,         5,           185,       180,       190,        0.18,      0.16,         0.2,           0,             0
    127,         1,         6,             5,         0,        10,        0.22,       0.2,        0.24,      1.2054,      0.310678
    128,         2,         6,            15,        10,        20,        0.22,       0.2,        0.24,     1.20965,      0.100235
    129,         3,         6,            25,        20,        30,        0.22,       0.2,        0.24,     1.21343,     0.0487407
    130,         4,         6,            35,        30,        40,        0.22,       0.2,        0.24,     1.21239,     0.0294332
    131,         5,         6,            45,        40,        50,        0.22,       0.2,        0.24,     1.18976,     0.0212103
    132,         6,         6,            55,        50,        60,        0.22,       0.2,        0.24,     1.15607,     0.0190645
    133,         7,         6,            65,        60,        70,        0.22,       0.2,        0.24,     1.09459,     0.0231703
    134,         8,         6,            75,        70,        80,        0.22,       0.2,        0.24,     1.03165,     0.0278801
    135,         9,         6,            85,        80,        90,        0.22,       0.2,        0.24,    0.972107,     0.0338013
    136,        10,         6,            95,        90,       100,        0.22,       0.2,        0.24,    0.920577,     0.0507519
    137,        11,         6,           105,       100,       110,        0.22,       0.2,        0.24,    0.885699,      0.128819
    138,        12,         6,           115,       110,       120,        0.22,       0.2,        0.24,    0.868836,       0.43885
    139,        13,         6,           125,       120,       130,        0.22,       0.2,        0.24,    0.868428,       1.22814
    140,        14,         6,           135,       130,       140,        0.22,       0.2,        0.24,           0,             0
    141,        15,         6,           145,       140,       150,        0.22,       0.2,        0.24,           0,             0
    142,        16,         6,           155,       150,       160,        0.22,       0.2,        0.24,           0,             0
    143,        17,         6,           165,       160,       170,        0.22,       0.2,        0.24,           0,             0
    144,        18,         6,           175,       170,       180,        0.22,       0.2,        0.24,           0,             0
    145,        19,         6,           185,       180,       190,        0.22,       0.2,        0.24,           0,             0
    148,         1,         7,             5,         0,        10,        0.26,      0.24,        0.28,     1.25364,       0.45766
    149,         2,         7,            15,        10,        20,        0.26,      0.24,        0.28,     1.25811,     0.0931587
    150,         3,         7,            25,        20,        30,        0.26,      0.24,        0.28,     1.25786,     0.0420503
    151,         4,         7,            35,        30,        40,        0.26,      0.24,        0.28,     1.24792,     0.0240489
    152,         5,         7,            45,        40,        50,        0.26,      0.24,        0.28,     1.21778,     0.0179345
    153,         6,         7,            55,        50,        60,        0.26,      0.24,        0.28,     1.17335,     0.0180199
    154,         7,         7,            65,        60,        70,        0.26,      0.24,        0.28,     1.09743,     0.0221547
    155,         8,         7,            75,        70,        80,        0.26,      0.24,        0.28,     1.02584,     0.0266627
    156,         9,         7,            85,        80,        90,        0.26,      0.24,        0.28,    0.956442,     0.0371459
    157,        10,         7,            95,        90,       100,        0.26,      0.24,        0.28,    0.903107,     0.0688567
    158,        11,         7,           105,       100,       110,        0.26,      0.24,        0.28,    0.870807,       0.34566
    159,        12,         7,           115,       110,       120,        0.26,      0.24,        0.28,           0,             0
    160,        13,         7,           125,       120,       130,        0.26,      0.24,        0.28,           0,             0
    161,        14,         7,           135,       130,       140,        0.26,      0.24,        0.28,           0,             0
    162,        15,         7,           145,       140,       150,        0.26,      0.24,        0.28,           0,             0
    163,        16,         7,           155,       150,       160,        0.26,      0.24,        0.28,           0,             0
    164,        17,         7,           165,       160,       170,        0.26,      0.24,        0.28,           0,             0
    165,        18,         7,           175,       170,       180,        0.26,      0.24,        0.28,           0,             0
    166,        19,         7,           185,       180,       190,        0.26,      0.24,        0.28,           0,             0
    169,         1,         8,             5,         0,        10,         0.3,      0.28,        0.32,      1.2937,      0.441137
    170,         2,         8,            15,        10,        20,         0.3,      0.28,        0.32,     1.30085,       0.08589
    171,         3,         8,            25,        20,        30,         0.3,      0.28,        0.32,     1.29775,     0.0355658
    172,         4,         8,            35,        30,        40,         0.3,      0.28,        0.32,     1.27962,     0.0207529
    173,         5,         8,            45,        40,        50,         0.3,      0.28,        0.32,     1.24231,      0.016214
    174,         6,         8,            55,        50,        60,         0.3,      0.28,        0.32,     1.17992,     0.0180321
    175,         7,         8,            65,        60,        70,         0.3,      0.28,        0.32,     1.09769,     0.0215524
    176,         8,         8,            75,        70,        80,         0.3,      0.28,        0.32,     1.01641,     0.0271289
    177,         9,         8,            85,        80,        90,         0.3,      0.28,        0.32,    0.941546,     0.0415993
    178,        10,         8,            95,        90,       100,         0.3,      0.28,        0.32,    0.886626,      0.134387
    179,        11,         8,           105,       100,       110,         0.3,      0.28,        0.32,           0,             0
    180,        12,         8,           115,       110,       120,         0.3,      0.28,        0.32,           0,             0
    181,        13,         8,           125,       120,       130,         0.3,      0.28,        0.32,           0,             0
    182,        14,         8,           135,       130,       140,         0.3,      0.28,        0.32,           0,             0
    183,        15,         8,           145,       140,       150,         0.3,      0.28,        0.32,           0,             0
    184,        16,         8,           155,       150,       160,         0.3,      0.28,        0.32,           0,             0
    185,        17,         8,           165,       160,       170,         0.3,      0.28,        0.32,           0,             0
    186,        18,         8,           175,       170,       180,         0.3,      0.28,        0.32,           0,             0
    187,        19,         8,           185,       180,       190,         0.3,      0.28,        0.32,           0,             0
    190,         1,         9,             5,         0,        10,        0.34,      0.32,        0.36,     1.34028,      0.484327
    191,         2,         9,            15,        10,        20,        0.34,      0.32,        0.36,     1.34217,     0.0792603
    192,         3,         9,            25,        20,        30,        0.34,      0.32,        0.36,     1.33545,       0.03131
    193,         4,         9,            35,        30,        40,        0.34,      0.32,        0.36,     1.31025,     0.0185986
    194,         5,         9,            45,        40,        50,        0.34,      0.32,        0.36,     1.26537,     0.0159889
    195,         6,         9,            55,        50,        60,        0.34,      0.32,        0.36,     1.18346,     0.0181636
    196,         7,         9,            65,        60,        70,        0.34,      0.32,        0.36,     1.09477,     0.0220307
    197,         8,         9,            75,        70,        80,        0.34,      0.32,        0.36,      1.0062,     0.0281597
    198,         9,         9,            85,        80,        90,        0.34,      0.32,        0.36,    0.928474,     0.0541026
    199,        10,         9,            95,        90,       100,        0.34,      0.32,        0.36,    0.870622,      0.319486
    200,        11,         9,           105,       100,       110,        0.34,      0.32,        0.36,           0,             0
    201,        12,         9,           115,       110,       120,        0.34,      0.32,        0.36,           0,             0
    202,        13,         9,           125,       120,       130,        0.34,      0.32,        0.36,           0,             0
    203,        14,         9,           135,       130,       140,        0.34,      0.32,        0.36,           0,             0
    204,        15,         9,           145,       140,       150,        0.34,      0.32,        0.36,           0,             0
    205,        16,         9,           155,       150,       160,        0.34,      0.32,        0.36,           0,             0
    206,        17,         9,           165,       160,       170,        0.34,      0.32,        0.36,           0,             0
    207,        18,         9,           175,       170,       180,        0.34,      0.32,        0.36,           0,             0
    208,        19,         9,           185,       180,       190,        0.34,      0.32,        0.36,           0,             0
    211,         1,        10,             5,         0,        10,        0.38,      0.36,         0.4,     1.37099,      0.869981
    212,         2,        10,            15,        10,        20,        0.38,      0.36,         0.4,     1.37862,     0.0782022
    213,         3,        10,            25,        20,        30,        0.38,      0.36,         0.4,     1.36799,     0.0297932
    214,         4,        10,            35,        30,        40,        0.38,      0.36,         0.4,     1.34035,      0.017246
    215,         5,        10,            45,        40,        50,        0.38,      0.36,         0.4,     1.27996,     0.0165358
    216,         6,        10,            55,        50,        60,        0.38,      0.36,         0.4,     1.18663,     0.0187908
    217,         7,        10,            65,        60,        70,        0.38,      0.36,         0.4,     1.08767,     0.0225999
    218,         8,        10,            75,        70,        80,        0.38,      0.36,         0.4,    0.993277,     0.0314516
    219,         9,        10,            85,        80,        90,        0.38,      0.36,         0.4,     0.91342,     0.0817523
    220,        10,        10,            95,        90,       100,        0.38,      0.36,         0.4,           0,             0
    221,        11,        10,           105,       100,       110,        0.38,      0.36,         0.4,           0,             0
    222,        12,        10,           115,       110,       120,        0.38,      0.36,         0.4,           0,             0
    223,        13,        10,           125,       120,       130,        0.38,      0.36,         0.4,           0,             0
    224,        14,        10,           135,       130,       140,        0.38,      0.36,         0.4,           0,             0
    225,        15,        10,           145,       140,       150,        0.38,      0.36,         0.4,           0,             0
    226,        16,        10,           155,       150,       160,        0.38,      0.36,         0.4,           0,             0
    227,        17,        10,           165,       160,       170,        0.38,      0.36,         0.4,           0,             0
    228,        18,        10,           175,       170,       180,        0.38,      0.36,         0.4,           0,             0
    229,        19,        10,           185,       180,       190,        0.38,      0.36,         0.4,           0,             0
    232,         1,        11,             5,         0,        10,        0.42,       0.4,        0.44,           0,             0
    233,         2,        11,            15,        10,        20,        0.42,       0.4,        0.44,     1.40846,     0.0924047
    234,         3,        11,            25,        20,        30,        0.42,       0.4,        0.44,      1.3967,     0.0288989
    235,         4,        11,            35,        30,        40,        0.42,       0.4,        0.44,     1.37078,     0.0167416
    236,         5,        11,            45,        40,        50,        0.42,       0.4,        0.44,     1.28877,     0.0176347
    237,         6,        11,            55,        50,        60,        0.42,       0.4,        0.44,     1.18785,       0.01989
    238,         7,        11,            65,        60,        70,        0.42,       0.4,        0.44,     1.07908,     0.0247504
    239,         8,        11,            75,        70,        80,        0.42,       0.4,        0.44,    0.982203,     0.0378935
    240,         9,        11,            85,        80,        90,        0.42,       0.4,        0.44,    0.899429,       0.15057
    241,        10,        11,            95,        90,       100,        0.42,       0.4,        0.44,           0,             0
    242,        11,        11,           105,       100,       110,        0.42,       0.4,        0.44,           0,             0
    243,        12,        11,           115,       110,       120,        0.42,       0.4,        0.44,           0,             0
    244,        13,        11,           125,       120,       130,        0.42,       0.4,        0.44,           0,             0
    245,        14,        11,           135,       130,       140,        0.42,       0.4,        0.44,           0,             0
    246,        15,        11,           145,       140,       150,        0.42,       0.4,        0.44,           0,             0
    247,        16,        11,           155,       150,       160,        0.42,       0.4,        0.44,           0,             0
    248,        17,        11,           165,       160,       170,        0.42,       0.4,        0.44,           0,             0
    249,        18,        11,           175,       170,       180,        0.42,       0.4,        0.44,           0,             0
    250,        19,        11,           185,       180,       190,        0.42,       0.4,        0.44,           0,             0
    253,         1,        12,             5,         0,        10,        0.46,      0.44,        0.48,           0,             0
    254,         2,        12,            15,        10,        20,        0.46,      0.44,        0.48,      1.4364,      0.107741
    255,         3,        12,            25,        20,        30,        0.46,      0.44,        0.48,       1.427,     0.0273637
    256,         4,        12,            35,        30,        40,        0.46,      0.44,        0.48,      1.3964,     0.0173437
    257,         5,        12,            45,        40,        50,        0.46,      0.44,        0.48,     1.29564,     0.0186922
    258,         6,        12,            55,        50,        60,        0.46,      0.44,        0.48,      1.1854,     0.0214708
    259,         7,        12,            65,        60,        70,        0.46,      0.44,        0.48,     1.06879,     0.0274788
    260,         8,        12,            75,        70,        80,        0.46,      0.44,        0.48,    0.970104,     0.0480501
    261,         9,        12,            85,        80,        90,        0.46,      0.44,        0.48,    0.882173,      0.510385
    262,        10,        12,            95,        90,       100,        0.46,      0.44,        0.48,           0,             0
    263,        11,        12,           105,       100,       110,        0.46,      0.44,        0.48,           0,             0
    264,        12,        12,           115,       110,       120,        0.46,      0.44,        0.48,           0,             0
    265,        13,        12,           125,       120,       130,        0.46,      0.44,        0.48,           0,             0
    266,        14,        12,           135,       130,       140,        0.46,      0.44,        0.48,           0,             0
    267,        15,        12,           145,       140,       150,        0.46,      0.44,        0.48,           0,             0
    268,        16,        12,           155,       150,       160,        0.46,      0.44,        0.48,           0,             0
    269,        17,        12,           165,       160,       170,        0.46,      0.44,        0.48,           0,             0
    270,        18,        12,           175,       170,       180,        0.46,      0.44,        0.48,           0,             0
    271,        19,        12,           185,       180,       190,        0.46,      0.44,        0.48,           0,             0
    274,         1,        13,             5,         0,        10,         0.5,      0.48,        0.52,           0,             0
    275,         2,        13,            15,        10,        20,         0.5,      0.48,        0.52,     1.46633,      0.118753
    276,         3,        13,            25,        20,        30,         0.5,      0.48,        0.52,     1.45926,     0.0262207
    277,         4,        13,            35,        30,        40,         0.5,      0.48,        0.52,     1.41616,     0.0187715
    278,         5,        13,            45,        40,        50,         0.5,      0.48,        0.52,     1.30153,     0.0206966
    279,         6,        13,            55,        50,        60,         0.5,      0.48,        0.52,     1.18217,     0.0237349
    280,         7,        13,            65,        60,        70,         0.5,      0.48,        0.52,     1.05718,     0.0323141
    281,         8,        13,            75,        70,        80,         0.5,      0.48,        0.52,    0.960024,     0.0687772
    282,         9,        13,            85,        80,        90,         0.5,      0.48,        0.52,           0,             0
    283,        10,        13,            95,        90,       100,         0.5,      0.48,        0.52,           0,             0
    284,        11,        13,           105,       100,       110,         0.5,      0.48,        0.52,           0,             0
    285,        12,        13,           115,       110,       120,         0.5,      0.48,        0.52,           0,             0
    286,        13,        13,           125,       120,       130,         0.5,      0.48,        0.52,           0,             0
    287,        14,        13,           135,       130,       140,         0.5,      0.48,        0.52,           0,             0
    288,        15,        13,           145,       140,       150,         0.5,      0.48,        0.52,           0,             0
    289,        16,        13,           155,       150,       160,         0.5,      0.48,        0.52,           0,             0
    290,        17,        13,           165,       160,       170,         0.5,      0.48,        0.52,           0,             0
    291,        18,        13,           175,       170,       180,         0.5,      0.48,        0.52,           0,             0
    292,        19,        13,           185,       180,       190,         0.5,      0.48,        0.52,           0,             0
    295,         1,        14,             5,         0,        10,        0.54,      0.52,        0.56,           0,             0
    296,         2,        14,            15,        10,        20,        0.54,      0.52,        0.56,      1.4951,      0.129363
    297,         3,        14,            25,        20,        30,        0.54,      0.52,        0.56,     1.49223,     0.0257672
    298,         4,        14,            35,        30,        40,        0.54,      0.52,        0.56,     1.43156,     0.0211236
    299,         5,        14,            45,        40,        50,        0.54,      0.52,        0.56,     1.30465,     0.0229611
    300,         6,        14,            55,        50,        60,        0.54,      0.52,        0.56,     1.17814,     0.0277799
    301,         7,        14,            65,        60,        70,        0.54,      0.52,        0.56,     1.04402,      0.042441
    302,         8,        14,            75,        70,        80,        0.54,      0.52,        0.56,    0.948398,      0.126185
    303,         9,        14,            85,        80,        90,        0.54,      0.52,        0.56,           0,             0
    304,        10,        14,            95,        90,       100,        0.54,      0.52,        0.56,           0,             0
    305,        11,        14,           105,       100,       110,        0.54,      0.52,        0.56,           0,             0
    306,        12,        14,           115,       110,       120,        0.54,      0.52,        0.56,           0,             0
    307,        13,        14,           125,       120,       130,        0.54,      0.52,        0.56,           0,             0
    308,        14,        14,           135,       130,       140,        0.54,      0.52,        0.56,           0,             0
    309,        15,        14,           145,       140,       150,        0.54,      0.52,        0.56,           0,             0
    310,        16,        14,           155,       150,       160,        0.54,      0.52,        0.56,           0,             0
    311,        17,        14,           165,       160,       170,        0.54,      0.52,        0.56,           0,             0
    312,        18,        14,           175,       170,       180,        0.54,      0.52,        0.56,           0,             0
    313,        19,        14,           185,       180,       190,        0.54,      0.52,        0.56,           0,             0
    316,         1,        15,             5,         0,        10,        0.58,      0.56,         0.6,           0,             0
    317,         2,        15,            15,        10,        20,        0.58,      0.56,         0.6,     1.52458,      0.133382
    318,         3,        15,            25,        20,        30,        0.58,      0.56,         0.6,     1.52186,     0.0263115
    319,         4,        15,            35,        30,        40,        0.58,      0.56,         0.6,     1.44107,     0.0244101
    320,         5,        15,            45,        40,        50,        0.58,      0.56,         0.6,     1.30476,     0.0268192
    321,         6,        15,            55,        50,        60,        0.58,      0.56,         0.6,      1.1737,     0.0365285
    322,         7,        15,            65,        60,        70,        0.58,      0.56,         0.6,     1.03159,     0.0663331
    323,         8,        15,            75,        70,        80,        0.58,      0.56,         0.6,    0.932979,      0.342325
    324,         9,        15,            85,        80,        90,        0.58,      0.56,         0.6,           0,             0
    325,        10,        15,            95,        90,       100,        0.58,      0.56,         0.6,           0,             0
    326,        11,        15,           105,       100,       110,        0.58,      0.56,         0.6,           0,             0
    327,        12,        15,           115,       110,       120,        0.58,      0.56,         0.6,           0,             0
    328,        13,        15,           125,       120,       130,        0.58,      0.56,         0.6,           0,             0
    329,        14,        15,           135,       130,       140,        0.58,      0.56,         0.6,           0,             0
    330,        15,        15,           145,       140,       150,        0.58,      0.56,         0.6,           0,             0
    331,        16,        15,           155,       150,       160,        0.58,      0.56,         0.6,           0,             0
    332,        17,        15,           165,       160,       170,        0.58,      0.56,         0.6,           0,             0
    333,        18,        15,           175,       170,       180,        0.58,      0.56,         0.6,           0,             0
    334,        19,        15,           185,       180,       190,        0.58,      0.56,         0.6,           0,             0
    337,         1,        16,             5,         0,        10,        0.62,       0.6,        0.64,           0,             0
    338,         2,        16,            15,        10,        20,        0.62,       0.6,        0.64,     1.55048,      0.131903
    339,         3,        16,            25,        20,        30,        0.62,       0.6,        0.64,     1.54748,     0.0292069
    340,         4,        16,            35,        30,        40,        0.62,       0.6,        0.64,     1.44879,     0.0289098
    341,         5,        16,            45,        40,        50,        0.62,       0.6,        0.64,      1.3071,     0.0331539
    342,         6,        16,            55,        50,        60,        0.62,       0.6,        0.64,     1.17869,     0.0583042
    343,         7,        16,            65,        60,        70,        0.62,       0.6,        0.64,     1.02376,       0.16845
    344,         8,        16,            75,        70,        80,        0.62,       0.6,        0.64,           0,             0
    345,         9,        16,            85,        80,        90,        0.62,       0.6,        0.64,           0,             0
    346,        10,        16,            95,        90,       100,        0.62,       0.6,        0.64,           0,             0
    347,        11,        16,           105,       100,       110,        0.62,       0.6,        0.64,           0,             0
    348,        12,        16,           115,       110,       120,        0.62,       0.6,        0.64,           0,             0
    349,        13,        16,           125,       120,       130,        0.62,       0.6,        0.64,           0,             0
    350,        14,        16,           135,       130,       140,        0.62,       0.6,        0.64,           0,             0
    351,        15,        16,           145,       140,       150,        0.62,       0.6,        0.64,           0,             0
    352,        16,        16,           155,       150,       160,        0.62,       0.6,        0.64,           0,             0
    353,        17,        16,           165,       160,       170,        0.62,       0.6,        0.64,           0,             0
    354,        18,        16,           175,       170,       180,        0.62,       0.6,        0.64,           0,             0
    355,        19,        16,           185,       180,       190,        0.62,       0.6,        0.64,           0,             0
    358,         1,        17,             5,         0,        10,        0.66,      0.64,        0.68,           0,             0
    359,         2,        17,            15,        10,        20,        0.66,      0.64,        0.68,     1.57871,      0.124994
    360,         3,        17,            25,        20,        30,        0.66,      0.64,        0.68,      1.5666,     0.0357709
    361,         4,        17,            35,        30,        40,        0.66,      0.64,        0.68,     1.45381,     0.0348919
    362,         5,        17,            45,        40,        50,        0.66,      0.64,        0.68,      1.3137,     0.0465789
    363,         6,        17,            55,        50,        60,        0.66,      0.64,        0.68,     1.19873,      0.167796
    364,         7,        17,            65,        60,        70,        0.66,      0.64,        0.68,           0,             0
    365,         8,        17,            75,        70,        80,        0.66,      0.64,        0.68,           0,             0
    366,         9,        17,            85,        80,        90,        0.66,      0.64,        0.68,           0,             0
    367,        10,        17,            95,        90,       100,        0.66,      0.64,        0.68,           0,             0
    368,        11,        17,           105,       100,       110,        0.66,      0.64,        0.68,           0,             0
    369,        12,        17,           115,       110,       120,        0.66,      0.64,        0.68,           0,             0
    370,        13,        17,           125,       120,       130,        0.66,      0.64,        0.68,           0,             0
    371,        14,        17,           135,       130,       140,        0.66,      0.64,        0.68,           0,             0
    372,        15,        17,           145,       140,       150,        0.66,      0.64,        0.68,           0,             0
    373,        16,        17,           155,       150,       160,        0.66,      0.64,        0.68,           0,             0
    374,        17,        17,           165,       160,       170,        0.66,      0.64,        0.68,           0,             0
    375,        18,        17,           175,       170,       180,        0.66,      0.64,        0.68,           0,             0
    376,        19,        17,           185,       180,       190,        0.66,      0.64,        0.68,           0,             0
    379,         1,        18,             5,         0,        10,         0.7,      0.68,        0.72,           0,             0
    380,         2,        18,            15,        10,        20,         0.7,      0.68,        0.72,     1.60541,      0.135556
    381,         3,        18,            25,        20,        30,         0.7,      0.68,        0.72,     1.57663,     0.0508711
    382,         4,        18,            35,        30,        40,         0.7,      0.68,        0.72,     1.45862,     0.0442936
    383,         5,        18,            45,        40,        50,         0.7,      0.68,        0.72,     1.33118,     0.0766613
    384,         6,        18,            55,        50,        60,         0.7,      0.68,        0.72,           0,             0
    385,         7,        18,            65,        60,        70,         0.7,      0.68,        0.72,           0,             0
    386,         8,        18,            75,        70,        80,         0.7,      0.68,        0.72,           0,             0
    387,         9,        18,            85,        80,        90,         0.7,      0.68,        0.72,           0,             0
    388,        10,        18,            95,        90,       100,         0.7,      0.68,        0.72,           0,             0
    389,        11,        18,           105,       100,       110,         0.7,      0.68,        0.72,           0,             0
    390,        12,        18,           115,       110,       120,         0.7,      0.68,        0.72,           0,             0
    391,        13,        18,           125,       120,       130,         0.7,      0.68,        0.72,           0,             0
    392,        14,        18,           135,       130,       140,         0.7,      0.68,        0.72,           0,             0
    393,        15,        18,           145,       140,       150,         0.7,      0.68,        0.72,           0,             0
    394,        16,        18,           155,       150,       160,         0.7,      0.68,        0.72,           0,             0
    395,        17,        18,           165,       160,       170,         0.7,      0.68,        0.72,           0,             0
    396,        18,        18,           175,       170,       180,         0.7,      0.68,        0.72,           0,             0
    397,        19,        18,           185,       180,       190,         0.7,      0.68,        0.72,           0,             0
    400,         1,        19,             5,         0,        10,        0.74,      0.72,        0.76,           0,             0
    401,         2,        19,            15,        10,        20,        0.74,      0.72,        0.76,     1.62427,      0.347917
    402,         3,        19,            25,        20,        30,        0.74,      0.72,        0.76,     1.57048,     0.0875145
    403,         4,        19,            35,        30,        40,        0.74,      0.72,        0.76,     1.46195,     0.0618499
    404,         5,        19,            45,        40,        50,        0.74,      0.72,        0.76,     1.35554,      0.207001
    405,         6,        19,            55,        50,        60,        0.74,      0.72,        0.76,           0,             0
    406,         7,        19,            65,        60,        70,        0.74,      0.72,        0.76,           0,             0
    407,         8,        19,            75,        70,        80,        0.74,      0.72,        0.76,           0,             0
    408,         9,        19,            85,        80,        90,        0.74,      0.72,        0.76,           0,             0
    409,        10,        19,            95,        90,       100,        0.74,      0.72,        0.76,           0,             0
    410,        11,        19,           105,       100,       110,        0.74,      0.72,        0.76,           0,             0
    411,        12,        19,           115,       110,       120,        0.74,      0.72,        0.76,           0,             0
    412,        13,        19,           125,       120,       130,        0.74,      0.72,        0.76,           0,             0
    413,        14,        19,           135,       130,       140,        0.74,      0.72,        0.76,           0,             0
    414,        15,        19,           145,       140,       150,        0.74,      0.72,        0.76,           0,             0
    415,        16,        19,           155,       150,       160,        0.74,      0.72,        0.76,           0,             0
    416,        17,        19,           165,       160,       170,        0.74,      0.72,        0.76,           0,             0
    417,        18,        19,           175,       170,       180,        0.74,      0.72,        0.76,           0,             0
    418,        19,        19,           185,       180,       190,        0.74,      0.72,        0.76,           0,             0
    421,         1,        20,             5,         0,        10,        0.78,      0.76,         0.8,           0,             0
    422,         2,        20,            15,        10,        20,        0.78,      0.76,         0.8,           0,             0
    423,         3,        20,            25,        20,        30,        0.78,      0.76,         0.8,     1.55636,       0.21377
    424,         4,        20,            35,        30,        40,        0.78,      0.76,         0.8,     1.46647,     0.0994974
    425,         5,        20,            45,        40,        50,        0.78,      0.76,         0.8,     1.37115,       1.38947
    426,         6,        20,            55,        50,        60,        0.78,      0.76,         0.8,           0,             0
    427,         7,        20,            65,        60,        70,        0.78,      0.76,         0.8,           0,             0
    428,         8,        20,            75,        70,        80,        0.78,      0.76,         0.8,           0,             0
    429,         9,        20,            85,        80,        90,        0.78,      0.76,         0.8,           0,             0
    430,        10,        20,            95,        90,       100,        0.78,      0.76,         0.8,           0,             0
    431,        11,        20,           105,       100,       110,        0.78,      0.76,         0.8,           0,             0
    432,        12,        20,           115,       110,       120,        0.78,      0.76,         0.8,           0,             0
    433,        13,        20,           125,       120,       130,        0.78,      0.76,         0.8,           0,             0
    434,        14,        20,           135,       130,       140,        0.78,      0.76,         0.8,           0,             0
    435,        15,        20,           145,       140,       150,        0.78,      0.76,         0.8,           0,             0
    436,        16,        20,           155,       150,       160,        0.78,      0.76,         0.8,           0,             0
    437,        17,        20,           165,       160,       170,        0.78,      0.76,         0.8,           0,             0
    438,        18,        20,           175,       170,       180,        0.78,      0.76,         0.8,           0,             0
    439,        19,        20,           185,       180,       190,        0.78,      0.76,         0.8,           0,             0
    442,         1,        21,             5,         0,        10,        0.82,       0.8,        0.84,           0,             0
    443,         2,        21,            15,        10,        20,        0.82,       0.8,        0.84,           0,             0
    444,         3,        21,            25,        20,        30,        0.82,       0.8,        0.84,     1.54538,      0.895828
    445,         4,        21,            35,        30,        40,        0.82,       0.8,        0.84,      1.4762,      0.234161
    446,         5,        21,            45,        40,        50,        0.82,       0.8,        0.84,           0,             0
    447,         6,        21,            55,        50,        60,        0.82,       0.8,        0.84,           0,             0
    448,         7,        21,            65,        60,        70,        0.82,       0.8,        0.84,           0,             0
    449,         8,        21,            75,        70,        80,        0.82,       0.8,        0.84,           0,             0
    450,         9,        21,            85,        80,        90,        0.82,       0.8,        0.84,           0,             0
    451,        10,        21,            95,        90,       100,        0.82,       0.8,        0.84,           0,             0
    452,        11,        21,           105,       100,       110,        0.82,       0.8,        0.84,           0,             0
    453,        12,        21,           115,       110,       120,        0.82,       0.8,        0.84,           0,             0
    454,        13,        21,           125,       120,       130,        0.82,       0.8,        0.84,           0,             0
    455,        14,        21,           135,       130,       140,        0.82,       0.8,        0.84,           0,             0
    456,        15,        21,           145,       140,       150,        0.82,       0.8,        0.84,           0,             0
    457,        16,        21,           155,       150,       160,        0.82,       0.8,        0.84,           0,             0
    458,        17,        21,           165,       160,       170,        0.82,       0.8,        0.84,           0,             0
    459,        18,        21,           175,       170,       180,        0.82,       0.8,        0.84,           0,             0
    460,        19,        21,           185,       180,       190,        0.82,       0.8,        0.84,           0,             0
    463,         1,        22,             5,         0,        10,        0.86,      0.84,        0.88,           0,             0
    464,         2,        22,            15,        10,        20,        0.86,      0.84,        0.88,           0,             0
    465,         3,        22,            25,        20,        30,        0.86,      0.84,        0.88,           0,             0
    466,         4,        22,            35,        30,        40,        0.86,      0.84,        0.88,     1.47602,       1.21158
    467,         5,        22,            45,        40,        50,        0.86,      0.84,        0.88,           0,             0
    468,         6,        22,            55,        50,        60,        0.86,      0.84,        0.88,           0,             0
    469,         7,        22,            65,        60,        70,        0.86,      0.84,        0.88,           0,             0
    470,         8,        22,            75,        70,        80,        0.86,      0.84,        0.88,           0,             0
    471,         9,        22,            85,        80,        90,        0.86,      0.84,        0.88,           0,             0
    472,        10,        22,            95,        90,       100,        0.86,      0.84,        0.88,           0,             0
    473,        11,        22,           105,       100,       110,        0.86,      0.84,        0.88,           0,             0
    474,        12,        22,           115,       110,       120,        0.86,      0.84,        0.88,           0,             0
    475,        13,        22,           125,       120,       130,        0.86,      0.84,        0.88,           0,             0
    476,        14,        22,           135,       130,       140,        0.86,      0.84,        0.88,           0,             0
    477,        15,        22,           145,       140,       150,        0.86,      0.84,        0.88,           0,             0
    478,        16,        22,           155,       150,       160,        0.86,      0.84,        0.88,           0,             0
    479,        17,        22,           165,       160,       170,        0.86,      0.84,        0.88,           0,             0
    480,        18,        22,           175,       170,       180,        0.86,      0.84,        0.88,           0,             0
    481,        19,        22,           185,       180,       190,        0.86,      0.84,        0.88,           0,             0
    484,         1,        23,             5,         0,        10,         0.9,      0.88,        0.92,           0,             0
    485,         2,        23,            15,        10,        20,         0.9,      0.88,        0.92,           0,             0
    486,         3,        23,            25,        20,        30,         0.9,      0.88,        0.92,           0,             0
    487,         4,        23,            35,        30,        40,         0.9,      0.88,        0.92,           0,             0
    488,         5,        23,            45,        40,        50,         0.9,      0.88,        0.92,           0,             0
    489,         6,        23,            55,        50,        60,         0.9,      0.88,        0.92,           0,             0
    490,         7,        23,            65,        60,        70,         0.9,      0.88,        0.92,           0,             0
    491,         8,        23,            75,        70,        80,         0.9,      0.88,        0.92,           0,             0
    492,         9,        23,            85,        80,        90,         0.9,      0.88,        0.92,           0,             0
    493,        10,        23,            95,        90,       100,         0.9,      0.88,        0.92,           0,             0
    494,        11,        23,           105,       100,       110,         0.9,      0.88,        0.92,           0,             0
    495,        12,        23,           115,       110,       120,         0.9,      0.88,        0.92,           0,             0
    496,        13,        23,           125,       120,       130,         0.9,      0.88,        0.92,           0,             0
    497,        14,        23,           135,       130,       140,         0.9,      0.88,        0.92,           0,             0
    498,        15,        23,           145,       140,       150,         0.9,      0.88,        0.92,           0,             0
    499,        16,        23,           155,       150,       160,         0.9,      0.88,        0.92,           0,             0
    500,        17,        23,           165,       160,       170,         0.9,      0.88,        0.92,           0,             0
    501,        18,        23,           175,       170,       180,         0.9,      0.88,        0.92,           0,             0
    502,        19,        23,           185,       180,       190,         0.9,      0.88,        0.92,           0,             0
    505,         1,        24,             5,         0,        10,        0.94,      0.92,        0.96,           0,             0
    506,         2,        24,            15,        10,        20,        0.94,      0.92,        0.96,           0,             0
    507,         3,        24,            25,        20,        30,        0.94,      0.92,        0.96,           0,             0
    508,         4,        24,            35,        30,        40,        0.94,      0.92,        0.96,           0,             0
    509,         5,        24,            45,        40,        50,        0.94,      0.92,        0.96,           0,             0
    510,         6,        24,            55,        50,        60,        0.94,      0.92,        0.96,           0,             0
    511,         7,        24,            65,        60,        70,        0.94,      0.92,        0.96,           0,             0
    512,         8,        24,            75,        70,        80,        0.94,      0.92,        0.96,           0,             0
    513,         9,        24,            85,        80,        90,        0.94,      0.92,        0.96,           0,             0
    514,        10,        24,            95,        90,       100,        0.94,      0.92,        0.96,           0,             0
    515,        11,        24,           105,       100,       110,        0.94,      0.92,        0.96,           0,             0
    516,        12,        24,           115,       110,       120,        0.94,      0.92,        0.96,           0,             0
    517,        13,        24,           125,       120,       130,        0.94,      0.92,        0.96,           0,             0
    518,        14,        24,           135,       130,       140,        0.94,      0.92,        0.96,           0,             0
    519,        15,        24,           145,       140,       150,        0.94,      0.92,        0.96,           0,             0
    520,        16,        24,           155,       150,       160,        0.94,      0.92,        0.96,           0,             0
    521,        17,        24,           165,       160,       170,        0.94,      0.92,        0.96,           0,             0
    522,        18,        24,           175,       170,       180,        0.94,      0.92,        0.96,           0,             0
    523,        19,        24,           185,       180,       190,        0.94,      0.92,        0.96,           0,             0
    526,         1,        25,             5,         0,        10,        0.98,      0.96,           1,           0,             0
    527,         2,        25,            15,        10,        20,        0.98,      0.96,           1,           0,             0
    528,         3,        25,            25,        20,        30,        0.98,      0.96,           1,           0,             0
    529,         4,        25,            35,        30,        40,        0.98,      0.96,           1,           0,             0
    530,         5,        25,            45,        40,        50,        0.98,      0.96,           1,           0,             0
    531,         6,        25,            55,        50,        60,        0.98,      0.96,           1,           0,             0
    532,         7,        25,            65,        60,        70,        0.98,      0.96,           1,           0,             0
    533,         8,        25,            75,        70,        80,        0.98,      0.96,           1,           0,             0
    534,         9,        25,            85,        80,        90,        0.98,      0.96,           1,           0,             0
    535,        10,        25,            95,        90,       100,        0.98,      0.96,           1,           0,             0
    536,        11,        25,           105,       100,       110,        0.98,      0.96,           1,           0,             0
    537,        12,        25,           115,       110,       120,        0.98,      0.96,           1,           0,             0
    538,        13,        25,           125,       120,       130,        0.98,      0.96,           1,           0,             0
    539,        14,        25,           135,       130,       140,        0.98,      0.96,           1,           0,             0
    540,        15,        25,           145,       140,       150,        0.98,      0.96,           1,           0,             0
    541,        16,        25,           155,       150,       160,        0.98,      0.96,           1,           0,             0
    542,        17,        25,           165,       160,       170,        0.98,      0.96,           1,           0,             0
    543,        18,        25,           175,       170,       180,        0.98,      0.96,           1,           0,             0
    544,        19,        25,           185,       180,       190,        0.98,      0.96,           1,           0,             0
    547,         1,        26,             5,         0,        10,        1.02,         1,        1.04,           0,             0
    548,         2,        26,            15,        10,        20,        1.02,         1,        1.04,           0,             0
    549,         3,        26,            25,        20,        30,        1.02,         1,        1.04,           0,             0
    550,         4,        26,            35,        30,        40,        1.02,         1,        1.04,           0,             0
    551,         5,        26,            45,        40,        50,        1.02,         1,        1.04,           0,             0
    552,         6,        26,            55,        50,        60,        1.02,         1,        1.04,           0,             0
    553,         7,        26,            65,        60,        70,        1.02,         1,        1.04,           0,             0
    554,         8,        26,            75,        70,        80,        1.02,         1,        1.04,           0,             0
    555,         9,        26,            85,        80,        90,        1.02,         1,        1.04,           0,             0
    556,        10,        26,            95,        90,       100,        1.02,         1,        1.04,           0,             0
    557,        11,        26,           105,       100,       110,        1.02,         1,        1.04,           0,             0
    558,        12,        26,           115,       110,       120,        1.02,         1,        1.04,           0,             0
    559,        13,        26,           125,       120,       130,        1.02,         1,        1.04,           0,             0
    560,        14,        26,           135,       130,       140,        1.02,         1,        1.04,           0,             0
    561,        15,        26,           145,       140,       150,        1.02,         1,        1.04,           0,             0
    562,        16,        26,           155,       150,       160,        1.02,         1,        1.04,           0,             0
    563,        17,        26,           165,       160,       170,        1.02,         1,        1.04,           0,             0
    564,        18,        26,           175,       170,       180,        1.02,         1,        1.04,           0,             0
    565,        19,        26,           185,       180,       190,        1.02,         1,        1.04,           0,             0
    568,         1,        27,             5,         0,        10,        1.06,      1.04,        1.08,           0,             0
    569,         2,        27,            15,        10,        20,        1.06,      1.04,        1.08,           0,             0
    570,         3,        27,            25,        20,        30,        1.06,      1.04,        1.08,           0,             0
    571,         4,        27,            35,        30,        40,        1.06,      1.04,        1.08,           0,             0
    572,         5,        27,            45,        40,        50,        1.06,      1.04,        1.08,           0,             0
    573,         6,        27,            55,        50,        60,        1.06,      1.04,        1.08,           0,             0
    574,         7,        27,            65,        60,        70,        1.06,      1.04,        1.08,           0,             0
    575,         8,        27,            75,        70,        80,        1.06,      1.04,        1.08,           0,             0
    576,         9,        27,            85,        80,        90,        1.06,      1.04,        1.08,           0,             0
    577,        10,        27,            95,        90,       100,        1.06,      1.04,        1.08,           0,             0
    578,        11,        27,           105,       100,       110,        1.06,      1.04,        1.08,           0,             0
    579,        12,        27,           115,       110,       120,        1.06,      1.04,        1.08,           0,             0
    580,        13,        27,           125,       120,       130,        1.06,      1.04,        1.08,           0,             0
    581,        14,        27,           135,       130,       140,        1.06,      1.04,        1.08,           0,             0
    582,        15,        27,           145,       140,       150,        1.06,      1.04,        1.08,           0,             0
    583,        16,        27,           155,       150,       160,        1.06,      1.04,        1.08,           0,             0
    584,        17,        27,           165,       160,       170,        1.06,      1.04,        1.08,           0,             0
    585,        18,        27,           175,       170,       180,        1.06,      1.04,        1.08,           0,             0
    586,        19,        27,           185,       180,       190,        1.06,      1.04,        1.08,           0,             0
    589,         1,        28,             5,         0,        10,         1.1,      1.08,        1.12,           0,             0
    590,         2,        28,            15,        10,        20,         1.1,      1.08,        1.12,           0,             0
    591,         3,        28,            25,        20,        30,         1.1,      1.08,        1.12,           0,             0
    592,         4,        28,            35,        30,        40,         1.1,      1.08,        1.12,           0,             0
    593,         5,        28,            45,        40,        50,         1.1,      1.08,        1.12,           0,             0
    594,         6,        28,            55,        50,        60,         1.1,      1.08,        1.12,           0,             0
    595,         7,        28,            65,        60,        70,         1.1,      1.08,        1.12,           0,             0
    596,         8,        28,            75,        70,        80,         1.1,      1.08,        1.12,           0,             0
    597,         9,        28,            85,        80,        90,         1.1,      1.08,        1.12,           0,             0
    598,        10,        28,            95,        90,       100,         1.1,      1.08,        1.12,           0,             0
    599,        11,        28,           105,       100,       110,         1.1,      1.08,        1.12,           0,             0
    600,        12,        28,           115,       110,       120,         1.1,      1.08,        1.12,           0,             0
    601,        13,        28,           125,       120,       130,         1.1,      1.08,        1.12,           0,             0
    602,        14,        28,           135,       130,       140,         1.1,      1.08,        1.12,           0,             0
    603,        15,        28,           145,       140,       150,         1.1,      1.08,        1.12,           0,             0
    604,        16,        28,           155,       150,       160,         1.1,      1.08,        1.12,           0,             0
    605,        17,        28,           165,       160,       170,         1.1,      1.08,        1.12,           0,             0
    606,        18,        28,           175,       170,       180,         1.1,      1.08,        1.12,           0,             0
    607,        19,        28,           185,       180,       190,         1.1,      1.08,        1.12,           0,             0
    610,         1,        29,             5,         0,        10,        1.14,      1.12,        1.16,           0,             0
    611,         2,        29,            15,        10,        20,        1.14,      1.12,        1.16,           0,             0
    612,         3,        29,            25,        20,        30,        1.14,      1.12,        1.16,           0,             0
    613,         4,        29,            35,        30,        40,        1.14,      1.12,        1.16,           0,             0
    614,         5,        29,            45,        40,        50,        1.14,      1.12,        1.16,           0,             0
    615,         6,        29,            55,        50,        60,        1.14,      1.12,        1.16,           0,             0
    616,         7,        29,            65,        60,        70,        1.14,      1.12,        1.16,           0,             0
    617,         8,        29,            75,        70,        80,        1.14,      1.12,        1.16,           0,             0
    618,         9,        29,            85,        80,        90,        1.14,      1.12,        1.16,           0,             0
    619,        10,        29,            95,        90,       100,        1.14,      1.12,        1.16,           0,             0
    620,        11,        29,           105,       100,       110,        1.14,      1.12,        1.16,           0,             0
    621,        12,        29,           115,       110,       120,        1.14,      1.12,        1.16,           0,             0
    622,        13,        29,           125,       120,       130,        1.14,      1.12,        1.16,           0,             0
    623,        14,        29,           135,       130,       140,        1.14,      1.12,        1.16,           0,             0
    624,        15,        29,           145,       140,       150,        1.14,      1.12,        1.16,           0,             0
    625,        16,        29,           155,       150,       160,        1.14,      1.12,        1.16,           0,             0
    626,        17,        29,           165,       160,       170,        1.14,      1.12,        1.16,           0,             0
    627,        18,        29,           175,       170,       180,        1.14,      1.12,        1.16,           0,             0
    628,        19,        29,           185,       180,       190,        1.14,      1.12,        1.16,           0,             0
    631,         1,        30,             5,         0,        10,        1.18,      1.16,         1.2,           0,             0
    632,         2,        30,            15,        10,        20,        1.18,      1.16,         1.2,           0,             0
    633,         3,        30,            25,        20,        30,        1.18,      1.16,         1.2,           0,             0
    634,         4,        30,            35,        30,        40,        1.18,      1.16,         1.2,           0,             0
    635,         5,        30,            45,        40,        50,        1.18,      1.16,         1.2,           0,             0
    636,         6,        30,            55,        50,        60,        1.18,      1.16,         1.2,           0,             0
    637,         7,        30,            65,        60,        70,        1.18,      1.16,         1.2,           0,             0
    638,         8,        30,            75,        70,        80,        1.18,      1.16,         1.2,           0,             0
    639,         9,        30,            85,        80,        90,        1.18,      1.16,         1.2,           0,             0
    640,        10,        30,            95,        90,       100,        1.18,      1.16,         1.2,           0,             0
    641,        11,        30,           105,       100,       110,        1.18,      1.16,         1.2,           0,             0
    642,        12,        30,           115,       110,       120,        1.18,      1.16,         1.2,           0,             0
    643,        13,        30,           125,       120,       130,        1.18,      1.16,         1.2,           0,             0
    644,        14,        30,           135,       130,       140,        1.18,      1.16,         1.2,           0,             0
    645,        15,        30,           145,       140,       150,        1.18,      1.16,         1.2,           0,             0
    646,        16,        30,           155,       150,       160,        1.18,      1.16,         1.2,           0,             0
    647,        17,        30,           165,       160,       170,        1.18,      1.16,         1.2,           0,             0
    648,        18,        30,           175,       170,       180,        1.18,      1.16,         1.2,           0,             0
    649,        19,        30,           185,       180,       190,        1.18,      1.16,         1.2,           0,             0
