# 2D Histogram Bin Extraction 
#                   
# histogram parameters:  
# title      : cos($\phi_{pq}$) (2D Average) 
# ybins      : 30 
# ylabel     :  P_{m} [GeV/c] 
# xbins      : 19 
# xlabel     :  $\theta_{rq}$ [deg] 
# ybin_width : 0.040 
# xbin_width : 10.000 
#                   
# header definitions:
# ib:         (x,y)  bin number 
# xb:         x-axis bin number 
# yb:         y-axis bin number 
# x0:         x-axis central bin value 
# xlow:       x-axis low-edge bin value 
# xup:        x-axis up-edge bin value 
# y0:         y-axis central bin value 
# ylow:       y-axis low-edge bin value 
# yup:        y-axis up-edge bin value 
# zcont:      bin content (z-axis) 
# zcont_err:  bin content error (z-axis) 
#                                        
ib,xb,yb,x0,xlow,xup,y0,ylow,yup,zcont,zcont_err
     22,         1,         1,             5,         0,        10,        0.02,         0,        0.04,  -0.0074684,      0.176662
     23,         2,         1,            15,        10,        20,        0.02,         0,        0.04,    0.275081,      0.244772
     24,         3,         1,            25,        20,        30,        0.02,         0,        0.04,    0.302866,      0.203133
     25,         4,         1,            35,        30,        40,        0.02,         0,        0.04,   0.0273596,      0.148843
     26,         5,         1,            45,        40,        50,        0.02,         0,        0.04,    0.154309,      0.111041
     27,         6,         1,            55,        50,        60,        0.02,         0,        0.04,   0.0299718,     0.0835625
     28,         7,         1,            65,        60,        70,        0.02,         0,        0.04,    0.218798,     0.0698573
     29,         8,         1,            75,        70,        80,        0.02,         0,        0.04,    0.297176,     0.0573866
     30,         9,         1,            85,        80,        90,        0.02,         0,        0.04,   -0.335055,     0.0601409
     31,        10,         1,            95,        90,       100,        0.02,         0,        0.04,   -0.741848,     0.0707951
     32,        11,         1,           105,       100,       110,        0.02,         0,        0.04,   -0.868305,      0.092345
     33,        12,         1,           115,       110,       120,        0.02,         0,        0.04,   -0.629416,      0.165176
     34,        13,         1,           125,       120,       130,        0.02,         0,        0.04,   -0.505254,       0.21568
     35,        14,         1,           135,       130,       140,        0.02,         0,        0.04,   -0.225905,      0.380954
     36,        15,         1,           145,       140,       150,        0.02,         0,        0.04,   -0.239996,      0.315232
     37,        16,         1,           155,       150,       160,        0.02,         0,        0.04,    -0.95638,       1.35253
     38,        17,         1,           165,       160,       170,        0.02,         0,        0.04,   -0.791852,      0.827912
     39,        18,         1,           175,       170,       180,        0.02,         0,        0.04,           0,             0
     40,        19,         1,           185,       180,       190,        0.02,         0,        0.04,           0,             0
     43,         1,         2,             5,         0,        10,        0.06,      0.04,        0.08,  -0.0945683,      0.124974
     44,         2,         2,            15,        10,        20,        0.06,      0.04,        0.08,   0.0849227,     0.0729352
     45,         3,         2,            25,        20,        30,        0.06,      0.04,        0.08,    0.175497,     0.0556862
     46,         4,         2,            35,        30,        40,        0.06,      0.04,        0.08,    0.179065,     0.0411243
     47,         5,         2,            45,        40,        50,        0.06,      0.04,        0.08,    0.352285,      0.036384
     48,         6,         2,            55,        50,        60,        0.06,      0.04,        0.08,    0.370466,     0.0317655
     49,         7,         2,            65,        60,        70,        0.06,      0.04,        0.08,      0.4403,     0.0287643
     50,         8,         2,            75,        70,        80,        0.06,      0.04,        0.08,    0.259533,     0.0282157
     51,         9,         2,            85,        80,        90,        0.06,      0.04,        0.08,   -0.208826,     0.0297903
     52,        10,         2,            95,        90,       100,        0.06,      0.04,        0.08,    -0.54686,     0.0381193
     53,        11,         2,           105,       100,       110,        0.06,      0.04,        0.08,   -0.783566,     0.0462982
     54,        12,         2,           115,       110,       120,        0.06,      0.04,        0.08,   -0.688464,     0.0829904
     55,        13,         2,           125,       120,       130,        0.06,      0.04,        0.08,   -0.503634,      0.136132
     56,        14,         2,           135,       130,       140,        0.06,      0.04,        0.08,   -0.402138,      0.233724
     57,        15,         2,           145,       140,       150,        0.06,      0.04,        0.08,   -0.438541,      0.355954
     58,        16,         2,           155,       150,       160,        0.06,      0.04,        0.08,   -0.532297,      0.404734
     59,        17,         2,           165,       160,       170,        0.06,      0.04,        0.08,   0.0118136,      0.313573
     60,        18,         2,           175,       170,       180,        0.06,      0.04,        0.08,   -0.857078,       1.21209
     61,        19,         2,           185,       180,       190,        0.06,      0.04,        0.08,           0,             0
     64,         1,         3,             5,         0,        10,         0.1,      0.08,        0.12,      0.1143,     0.0795277
     65,         2,         3,            15,        10,        20,         0.1,      0.08,        0.12,    0.224812,     0.0476588
     66,         3,         3,            25,        20,        30,         0.1,      0.08,        0.12,    0.317617,     0.0377858
     67,         4,         3,            35,        30,        40,         0.1,      0.08,        0.12,    0.473448,     0.0304757
     68,         5,         3,            45,        40,        50,         0.1,      0.08,        0.12,    0.532096,     0.0237161
     69,         6,         3,            55,        50,        60,         0.1,      0.08,        0.12,    0.575122,     0.0212517
     70,         7,         3,            65,        60,        70,         0.1,      0.08,        0.12,    0.504728,     0.0194714
     71,         8,         3,            75,        70,        80,         0.1,      0.08,        0.12,    0.181533,     0.0164802
     72,         9,         3,            85,        80,        90,         0.1,      0.08,        0.12,   -0.125305,     0.0170391
     73,        10,         3,            95,        90,       100,         0.1,      0.08,        0.12,   -0.380683,     0.0244472
     74,        11,         3,           105,       100,       110,         0.1,      0.08,        0.12,   -0.612986,     0.0373802
     75,        12,         3,           115,       110,       120,         0.1,      0.08,        0.12,   -0.746023,     0.0636651
     76,        13,         3,           125,       120,       130,         0.1,      0.08,        0.12,   -0.590962,      0.105406
     77,        14,         3,           135,       130,       140,         0.1,      0.08,        0.12,   -0.338831,      0.142284
     78,        15,         3,           145,       140,       150,         0.1,      0.08,        0.12,   -0.210427,       0.21735
     79,        16,         3,           155,       150,       160,         0.1,      0.08,        0.12,   -0.139603,      0.230524
     80,        17,         3,           165,       160,       170,         0.1,      0.08,        0.12,   -0.534917,      0.433663
     81,        18,         3,           175,       170,       180,         0.1,      0.08,        0.12,   0.0686894,      0.334967
     82,        19,         3,           185,       180,       190,         0.1,      0.08,        0.12,           0,             0
     85,         1,         4,             5,         0,        10,        0.14,      0.12,        0.16,    0.204352,     0.0690549
     86,         2,         4,            15,        10,        20,        0.14,      0.12,        0.16,    0.321833,     0.0419787
     87,         3,         4,            25,        20,        30,        0.14,      0.12,        0.16,    0.484891,     0.0308172
     88,         4,         4,            35,        30,        40,        0.14,      0.12,        0.16,    0.604201,     0.0249172
     89,         5,         4,            45,        40,        50,        0.14,      0.12,        0.16,    0.658958,     0.0195948
     90,         6,         4,            55,        50,        60,        0.14,      0.12,        0.16,    0.663535,     0.0173343
     91,         7,         4,            65,        60,        70,        0.14,      0.12,        0.16,    0.471344,     0.0153959
     92,         8,         4,            75,        70,        80,        0.14,      0.12,        0.16,    0.139345,     0.0100838
     93,         9,         4,            85,        80,        90,        0.14,      0.12,        0.16,   -0.107354,     0.0099202
     94,        10,         4,            95,        90,       100,        0.14,      0.12,        0.16,   -0.342108,     0.0185553
     95,        11,         4,           105,       100,       110,        0.14,      0.12,        0.16,    -0.51095,     0.0353509
     96,        12,         4,           115,       110,       120,        0.14,      0.12,        0.16,   -0.670021,     0.0601878
     97,        13,         4,           125,       120,       130,        0.14,      0.12,        0.16,   -0.697424,     0.0954876
     98,        14,         4,           135,       130,       140,        0.14,      0.12,        0.16,   -0.589881,      0.162733
     99,        15,         4,           145,       140,       150,        0.14,      0.12,        0.16,   -0.572024,      0.241479
    100,        16,         4,           155,       150,       160,        0.14,      0.12,        0.16,   -0.330466,      0.444711
    101,        17,         4,           165,       160,       170,        0.14,      0.12,        0.16,   -0.125289,      0.367011
    102,        18,         4,           175,       170,       180,        0.14,      0.12,        0.16,    0.840269,       1.18832
    103,        19,         4,           185,       180,       190,        0.14,      0.12,        0.16,           0,             0
    106,         1,         5,             5,         0,        10,        0.18,      0.16,         0.2,    0.299283,     0.0693415
    107,         2,         5,            15,        10,        20,        0.18,      0.16,         0.2,    0.491055,     0.0389267
    108,         3,         5,            25,        20,        30,        0.18,      0.16,         0.2,    0.675966,     0.0302648
    109,         4,         5,            35,        30,        40,        0.18,      0.16,         0.2,     0.71496,     0.0208443
    110,         5,         5,            45,        40,        50,        0.18,      0.16,         0.2,    0.719496,     0.0161546
    111,         6,         5,            55,        50,        60,        0.18,      0.16,         0.2,    0.669709,      0.014443
    112,         7,         5,            65,        60,        70,        0.18,      0.16,         0.2,    0.397219,     0.0119202
    113,         8,         5,            75,        70,        80,        0.18,      0.16,         0.2,   0.0945019,    0.00679499
    114,         9,         5,            85,        80,        90,        0.18,      0.16,         0.2,   -0.136565,    0.00782873
    115,        10,         5,            95,        90,       100,        0.18,      0.16,         0.2,   -0.340037,     0.0184207
    116,        11,         5,           105,       100,       110,        0.18,      0.16,         0.2,   -0.480637,     0.0414455
    117,        12,         5,           115,       110,       120,        0.18,      0.16,         0.2,   -0.557777,     0.0808747
    118,        13,         5,           125,       120,       130,        0.18,      0.16,         0.2,   -0.788464,       0.15951
    119,        14,         5,           135,       130,       140,        0.18,      0.16,         0.2,   -0.791437,      0.258458
    120,        15,         5,           145,       140,       150,        0.18,      0.16,         0.2,   -0.834887,      0.405878
    121,        16,         5,           155,       150,       160,        0.18,      0.16,         0.2,           0,             0
    122,        17,         5,           165,       160,       170,        0.18,      0.16,         0.2,           0,             0
    123,        18,         5,           175,       170,       180,        0.18,      0.16,         0.2,   -0.293319,      0.414816
    124,        19,         5,           185,       180,       190,        0.18,      0.16,         0.2,           0,             0
    127,         1,         6,             5,         0,        10,        0.22,       0.2,        0.24,    0.509204,     0.0859373
    128,         2,         6,            15,        10,        20,        0.22,       0.2,        0.24,    0.698852,     0.0424486
    129,         3,         6,            25,        20,        30,        0.22,       0.2,        0.24,    0.752099,     0.0262336
    130,         4,         6,            35,        30,        40,        0.22,       0.2,        0.24,    0.762085,     0.0173682
    131,         5,         6,            45,        40,        50,        0.22,       0.2,        0.24,    0.741481,     0.0136931
    132,         6,         6,            55,        50,        60,        0.22,       0.2,        0.24,    0.655884,     0.0122599
    133,         7,         6,            65,        60,        70,        0.22,       0.2,        0.24,    0.338097,    0.00912541
    134,         8,         6,            75,        70,        80,        0.22,       0.2,        0.24,    0.072639,     0.0051351
    135,         9,         6,            85,        80,        90,        0.22,       0.2,        0.24,    -0.16199,    0.00754188
    136,        10,         6,            95,        90,       100,        0.22,       0.2,        0.24,   -0.335333,     0.0212621
    137,        11,         6,           105,       100,       110,        0.22,       0.2,        0.24,   -0.430606,     0.0657934
    138,        12,         6,           115,       110,       120,        0.22,       0.2,        0.24,   -0.579474,      0.237791
    139,        13,         6,           125,       120,       130,        0.22,       0.2,        0.24,   -0.698963,      0.500298
    140,        14,         6,           135,       130,       140,        0.22,       0.2,        0.24,   -0.932889,      0.766425
    141,        15,         6,           145,       140,       150,        0.22,       0.2,        0.24,           0,             0
    142,        16,         6,           155,       150,       160,        0.22,       0.2,        0.24,           0,             0
    143,        17,         6,           165,       160,       170,        0.22,       0.2,        0.24,           0,             0
    144,        18,         6,           175,       170,       180,        0.22,       0.2,        0.24,           0,             0
    145,        19,         6,           185,       180,       190,        0.22,       0.2,        0.24,           0,             0
    148,         1,         7,             5,         0,        10,        0.26,      0.24,        0.28,    0.680019,      0.104684
    149,         2,         7,            15,        10,        20,        0.26,      0.24,        0.28,    0.745568,     0.0423829
    150,         3,         7,            25,        20,        30,        0.26,      0.24,        0.28,    0.781976,     0.0236136
    151,         4,         7,            35,        30,        40,        0.26,      0.24,        0.28,    0.789038,     0.0151287
    152,         5,         7,            45,        40,        50,        0.26,      0.24,        0.28,    0.755419,     0.0116379
    153,         6,         7,            55,        50,        60,        0.26,      0.24,        0.28,    0.612201,     0.0107505
    154,         7,         7,            65,        60,        70,        0.26,      0.24,        0.28,    0.287076,    0.00736952
    155,         8,         7,            75,        70,        80,        0.26,      0.24,        0.28,   0.0425301,    0.00401656
    156,         9,         7,            85,        80,        90,        0.26,      0.24,        0.28,   -0.169777,    0.00797645
    157,        10,         7,            95,        90,       100,        0.26,      0.24,        0.28,   -0.330249,     0.0292889
    158,        11,         7,           105,       100,       110,        0.26,      0.24,        0.28,   -0.441336,      0.204591
    159,        12,         7,           115,       110,       120,        0.26,      0.24,        0.28,           0,             0
    160,        13,         7,           125,       120,       130,        0.26,      0.24,        0.28,           0,             0
    161,        14,         7,           135,       130,       140,        0.26,      0.24,        0.28,           0,             0
    162,        15,         7,           145,       140,       150,        0.26,      0.24,        0.28,           0,             0
    163,        16,         7,           155,       150,       160,        0.26,      0.24,        0.28,           0,             0
    164,        17,         7,           165,       160,       170,        0.26,      0.24,        0.28,           0,             0
    165,        18,         7,           175,       170,       180,        0.26,      0.24,        0.28,           0,             0
    166,        19,         7,           185,       180,       190,        0.26,      0.24,        0.28,           0,             0
    169,         1,         8,             5,         0,        10,         0.3,      0.28,        0.32,     0.73583,      0.148585
    170,         2,         8,            15,        10,        20,         0.3,      0.28,        0.32,    0.793876,     0.0497321
    171,         3,         8,            25,        20,        30,         0.3,      0.28,        0.32,    0.798596,     0.0236568
    172,         4,         8,            35,        30,        40,         0.3,      0.28,        0.32,    0.798637,     0.0136108
    173,         5,         8,            45,        40,        50,         0.3,      0.28,        0.32,    0.748958,     0.0104756
    174,         6,         8,            55,        50,        60,         0.3,      0.28,        0.32,    0.535713,    0.00925749
    175,         7,         8,            65,        60,        70,         0.3,      0.28,        0.32,    0.242918,    0.00614242
    176,         8,         8,            75,        70,        80,         0.3,      0.28,        0.32,  0.00711031,    0.00324243
    177,         9,         8,            85,        80,        90,         0.3,      0.28,        0.32,   -0.193184,    0.00942241
    178,        10,         8,            95,        90,       100,         0.3,      0.28,        0.32,   -0.334301,     0.0508109
    179,        11,         8,           105,       100,       110,         0.3,      0.28,        0.32,   -0.596943,      0.844204
    180,        12,         8,           115,       110,       120,         0.3,      0.28,        0.32,           0,             0
    181,        13,         8,           125,       120,       130,         0.3,      0.28,        0.32,           0,             0
    182,        14,         8,           135,       130,       140,         0.3,      0.28,        0.32,           0,             0
    183,        15,         8,           145,       140,       150,         0.3,      0.28,        0.32,           0,             0
    184,        16,         8,           155,       150,       160,         0.3,      0.28,        0.32,           0,             0
    185,        17,         8,           165,       160,       170,         0.3,      0.28,        0.32,           0,             0
    186,        18,         8,           175,       170,       180,         0.3,      0.28,        0.32,           0,             0
    187,        19,         8,           185,       180,       190,         0.3,      0.28,        0.32,           0,             0
    190,         1,         9,             5,         0,        10,        0.34,      0.32,        0.36,    0.860529,      0.469883
    191,         2,         9,            15,        10,        20,        0.34,      0.32,        0.36,    0.858383,     0.0677165
    192,         3,         9,            25,        20,        30,        0.34,      0.32,        0.36,    0.837796,     0.0242902
    193,         4,         9,            35,        30,        40,        0.34,      0.32,        0.36,    0.813313,      0.012724
    194,         5,         9,            45,        40,        50,        0.34,      0.32,        0.36,    0.709785,    0.00943861
    195,         6,         9,            55,        50,        60,        0.34,      0.32,        0.36,    0.463855,    0.00802732
    196,         7,         9,            65,        60,        70,        0.34,      0.32,        0.36,    0.201597,    0.00512395
    197,         8,         9,            75,        70,        80,        0.34,      0.32,        0.36,  -0.0213194,    0.00295251
    198,         9,         9,            85,        80,        90,        0.34,      0.32,        0.36,   -0.206936,     0.0126511
    199,        10,         9,            95,        90,       100,        0.34,      0.32,        0.36,   -0.304215,      0.137348
    200,        11,         9,           105,       100,       110,        0.34,      0.32,        0.36,           0,             0
    201,        12,         9,           115,       110,       120,        0.34,      0.32,        0.36,           0,             0
    202,        13,         9,           125,       120,       130,        0.34,      0.32,        0.36,           0,             0
    203,        14,         9,           135,       130,       140,        0.34,      0.32,        0.36,           0,             0
    204,        15,         9,           145,       140,       150,        0.34,      0.32,        0.36,           0,             0
    205,        16,         9,           155,       150,       160,        0.34,      0.32,        0.36,           0,             0
    206,        17,         9,           165,       160,       170,        0.34,      0.32,        0.36,           0,             0
    207,        18,         9,           175,       170,       180,        0.34,      0.32,        0.36,           0,             0
    208,        19,         9,           185,       180,       190,        0.34,      0.32,        0.36,           0,             0
    211,         1,        10,             5,         0,        10,        0.38,      0.36,         0.4,           0,             0
    212,         2,        10,            15,        10,        20,        0.38,      0.36,         0.4,    0.909796,     0.0906944
    213,         3,        10,            25,        20,        30,        0.38,      0.36,         0.4,    0.876284,     0.0260684
    214,         4,        10,            35,        30,        40,        0.38,      0.36,         0.4,    0.825134,     0.0122596
    215,         5,        10,            45,        40,        50,        0.38,      0.36,         0.4,    0.649012,    0.00888313
    216,         6,        10,            55,        50,        60,        0.38,      0.36,         0.4,    0.407094,    0.00719768
    217,         7,        10,            65,        60,        70,        0.38,      0.36,         0.4,    0.162821,    0.00441826
    218,         8,        10,            75,        70,        80,        0.38,      0.36,         0.4,  -0.0547017,    0.00317967
    219,         9,        10,            85,        80,        90,        0.38,      0.36,         0.4,   -0.215902,     0.0193682
    220,        10,        10,            95,        90,       100,        0.38,      0.36,         0.4,           0,             0
    221,        11,        10,           105,       100,       110,        0.38,      0.36,         0.4,           0,             0
    222,        12,        10,           115,       110,       120,        0.38,      0.36,         0.4,           0,             0
    223,        13,        10,           125,       120,       130,        0.38,      0.36,         0.4,           0,             0
    224,        14,        10,           135,       130,       140,        0.38,      0.36,         0.4,           0,             0
    225,        15,        10,           145,       140,       150,        0.38,      0.36,         0.4,           0,             0
    226,        16,        10,           155,       150,       160,        0.38,      0.36,         0.4,           0,             0
    227,        17,        10,           165,       160,       170,        0.38,      0.36,         0.4,           0,             0
    228,        18,        10,           175,       170,       180,        0.38,      0.36,         0.4,           0,             0
    229,        19,        10,           185,       180,       190,        0.38,      0.36,         0.4,           0,             0
    232,         1,        11,             5,         0,        10,        0.42,       0.4,        0.44,           0,             0
    233,         2,        11,            15,        10,        20,        0.42,       0.4,        0.44,    0.944899,      0.128257
    234,         3,        11,            25,        20,        30,        0.42,       0.4,        0.44,    0.890721,     0.0256737
    235,         4,        11,            35,        30,        40,        0.42,       0.4,        0.44,    0.816413,     0.0116916
    236,         5,        11,            45,        40,        50,        0.42,       0.4,        0.44,    0.585506,    0.00869194
    237,         6,        11,            55,        50,        60,        0.42,       0.4,        0.44,    0.363655,    0.00676763
    238,         7,        11,            65,        60,        70,        0.42,       0.4,        0.44,    0.128231,     0.0038551
    239,         8,        11,            75,        70,        80,        0.42,       0.4,        0.44,   -0.072484,    0.00385751
    240,         9,        11,            85,        80,        90,        0.42,       0.4,        0.44,   -0.224746,     0.0333726
    241,        10,        11,            95,        90,       100,        0.42,       0.4,        0.44,           0,             0
    242,        11,        11,           105,       100,       110,        0.42,       0.4,        0.44,           0,             0
    243,        12,        11,           115,       110,       120,        0.42,       0.4,        0.44,           0,             0
    244,        13,        11,           125,       120,       130,        0.42,       0.4,        0.44,           0,             0
    245,        14,        11,           135,       130,       140,        0.42,       0.4,        0.44,           0,             0
    246,        15,        11,           145,       140,       150,        0.42,       0.4,        0.44,           0,             0
    247,        16,        11,           155,       150,       160,        0.42,       0.4,        0.44,           0,             0
    248,        17,        11,           165,       160,       170,        0.42,       0.4,        0.44,           0,             0
    249,        18,        11,           175,       170,       180,        0.42,       0.4,        0.44,           0,             0
    250,        19,        11,           185,       180,       190,        0.42,       0.4,        0.44,           0,             0
    253,         1,        12,             5,         0,        10,        0.46,      0.44,        0.48,           0,             0
    254,         2,        12,            15,        10,        20,        0.46,      0.44,        0.48,    0.961832,      0.186946
    255,         3,        12,            25,        20,        30,        0.46,      0.44,        0.48,     0.90454,     0.0254479
    256,         4,        12,            35,        30,        40,        0.46,      0.44,        0.48,    0.792347,     0.0118375
    257,         5,        12,            45,        40,        50,        0.46,      0.44,        0.48,    0.538423,     0.0084711
    258,         6,        12,            55,        50,        60,        0.46,      0.44,        0.48,    0.331327,    0.00657519
    259,         7,        12,            65,        60,        70,        0.46,      0.44,        0.48,    0.096953,    0.00340518
    260,         8,        12,            75,        70,        80,        0.46,      0.44,        0.48,  -0.0865105,    0.00502231
    261,         9,        12,            85,        80,        90,        0.46,      0.44,        0.48,   -0.218334,     0.0832681
    262,        10,        12,            95,        90,       100,        0.46,      0.44,        0.48,           0,             0
    263,        11,        12,           105,       100,       110,        0.46,      0.44,        0.48,           0,             0
    264,        12,        12,           115,       110,       120,        0.46,      0.44,        0.48,           0,             0
    265,        13,        12,           125,       120,       130,        0.46,      0.44,        0.48,           0,             0
    266,        14,        12,           135,       130,       140,        0.46,      0.44,        0.48,           0,             0
    267,        15,        12,           145,       140,       150,        0.46,      0.44,        0.48,           0,             0
    268,        16,        12,           155,       150,       160,        0.46,      0.44,        0.48,           0,             0
    269,        17,        12,           165,       160,       170,        0.46,      0.44,        0.48,           0,             0
    270,        18,        12,           175,       170,       180,        0.46,      0.44,        0.48,           0,             0
    271,        19,        12,           185,       180,       190,        0.46,      0.44,        0.48,           0,             0
    274,         1,        13,             5,         0,        10,         0.5,      0.48,        0.52,           0,             0
    275,         2,        13,            15,        10,        20,         0.5,      0.48,        0.52,    0.971356,       0.26203
    276,         3,        13,            25,        20,        30,         0.5,      0.48,        0.52,    0.908586,     0.0251958
    277,         4,        13,            35,        30,        40,         0.5,      0.48,        0.52,    0.759028,     0.0123324
    278,         5,        13,            45,        40,        50,         0.5,      0.48,        0.52,    0.501727,    0.00869192
    279,         6,        13,            55,        50,        60,         0.5,      0.48,        0.52,    0.285866,    0.00631174
    280,         7,        13,            65,        60,        70,         0.5,      0.48,        0.52,   0.0627714,    0.00306971
    281,         8,        13,            75,        70,        80,         0.5,      0.48,        0.52,   -0.105489,    0.00772867
    282,         9,        13,            85,        80,        90,         0.5,      0.48,        0.52,           0,             0
    283,        10,        13,            95,        90,       100,         0.5,      0.48,        0.52,           0,             0
    284,        11,        13,           105,       100,       110,         0.5,      0.48,        0.52,           0,             0
    285,        12,        13,           115,       110,       120,         0.5,      0.48,        0.52,           0,             0
    286,        13,        13,           125,       120,       130,         0.5,      0.48,        0.52,           0,             0
    287,        14,        13,           135,       130,       140,         0.5,      0.48,        0.52,           0,             0
    288,        15,        13,           145,       140,       150,         0.5,      0.48,        0.52,           0,             0
    289,        16,        13,           155,       150,       160,         0.5,      0.48,        0.52,           0,             0
    290,        17,        13,           165,       160,       170,         0.5,      0.48,        0.52,           0,             0
    291,        18,        13,           175,       170,       180,         0.5,      0.48,        0.52,           0,             0
    292,        19,        13,           185,       180,       190,         0.5,      0.48,        0.52,           0,             0
    295,         1,        14,             5,         0,        10,        0.54,      0.52,        0.56,           0,             0
    296,         2,        14,            15,        10,        20,        0.54,      0.52,        0.56,    0.980871,      0.373201
    297,         3,        14,            25,        20,        30,        0.54,      0.52,        0.56,    0.898044,      0.026093
    298,         4,        14,            35,        30,        40,        0.54,      0.52,        0.56,    0.713436,     0.0133588
    299,         5,        14,            45,        40,        50,        0.54,      0.52,        0.56,    0.463053,    0.00912224
    300,         6,        14,            55,        50,        60,        0.54,      0.52,        0.56,    0.255296,    0.00652292
    301,         7,        14,            65,        60,        70,        0.54,      0.52,        0.56,   0.0387269,    0.00296283
    302,         8,        14,            75,        70,        80,        0.54,      0.52,        0.56,   -0.116851,     0.0129276
    303,         9,        14,            85,        80,        90,        0.54,      0.52,        0.56,           0,             0
    304,        10,        14,            95,        90,       100,        0.54,      0.52,        0.56,           0,             0
    305,        11,        14,           105,       100,       110,        0.54,      0.52,        0.56,           0,             0
    306,        12,        14,           115,       110,       120,        0.54,      0.52,        0.56,           0,             0
    307,        13,        14,           125,       120,       130,        0.54,      0.52,        0.56,           0,             0
    308,        14,        14,           135,       130,       140,        0.54,      0.52,        0.56,           0,             0
    309,        15,        14,           145,       140,       150,        0.54,      0.52,        0.56,           0,             0
    310,        16,        14,           155,       150,       160,        0.54,      0.52,        0.56,           0,             0
    311,        17,        14,           165,       160,       170,        0.54,      0.52,        0.56,           0,             0
    312,        18,        14,           175,       170,       180,        0.54,      0.52,        0.56,           0,             0
    313,        19,        14,           185,       180,       190,        0.54,      0.52,        0.56,           0,             0
    316,         1,        15,             5,         0,        10,        0.58,      0.56,         0.6,           0,             0
    317,         2,        15,            15,        10,        20,        0.58,      0.56,         0.6,    0.992128,      0.471134
    318,         3,        15,            25,        20,        30,        0.58,      0.56,         0.6,    0.878414,     0.0306068
    319,         4,        15,            35,        30,        40,        0.58,      0.56,         0.6,    0.658551,     0.0152111
    320,         5,        15,            45,        40,        50,        0.58,      0.56,         0.6,    0.433426,    0.00978609
    321,         6,        15,            55,        50,        60,        0.58,      0.56,         0.6,    0.226289,    0.00725028
    322,         7,        15,            65,        60,        70,        0.58,      0.56,         0.6,   0.0100529,    0.00344261
    323,         8,        15,            75,        70,        80,        0.58,      0.56,         0.6,   -0.137417,     0.0300766
    324,         9,        15,            85,        80,        90,        0.58,      0.56,         0.6,           0,             0
    325,        10,        15,            95,        90,       100,        0.58,      0.56,         0.6,           0,             0
    326,        11,        15,           105,       100,       110,        0.58,      0.56,         0.6,           0,             0
    327,        12,        15,           115,       110,       120,        0.58,      0.56,         0.6,           0,             0
    328,        13,        15,           125,       120,       130,        0.58,      0.56,         0.6,           0,             0
    329,        14,        15,           135,       130,       140,        0.58,      0.56,         0.6,           0,             0
    330,        15,        15,           145,       140,       150,        0.58,      0.56,         0.6,           0,             0
    331,        16,        15,           155,       150,       160,        0.58,      0.56,         0.6,           0,             0
    332,        17,        15,           165,       160,       170,        0.58,      0.56,         0.6,           0,             0
    333,        18,        15,           175,       170,       180,        0.58,      0.56,         0.6,           0,             0
    334,        19,        15,           185,       180,       190,        0.58,      0.56,         0.6,           0,             0
    337,         1,        16,             5,         0,        10,        0.62,       0.6,        0.64,           0,             0
    338,         2,        16,            15,        10,        20,        0.62,       0.6,        0.64,    0.986956,      0.698112
    339,         3,        16,            25,        20,        30,        0.62,       0.6,        0.64,    0.812696,     0.0475179
    340,         4,        16,            35,        30,        40,        0.62,       0.6,        0.64,    0.602287,     0.0171133
    341,         5,        16,            45,        40,        50,        0.62,       0.6,        0.64,    0.404769,     0.0111422
    342,         6,        16,            55,        50,        60,        0.62,       0.6,        0.64,     0.19803,    0.00956605
    343,         7,        16,            65,        60,        70,        0.62,       0.6,        0.64, -0.00603068,    0.00662272
    344,         8,        16,            75,        70,        80,        0.62,       0.6,        0.64,  -0.0941681,     0.0774773
    345,         9,        16,            85,        80,        90,        0.62,       0.6,        0.64,           0,             0
    346,        10,        16,            95,        90,       100,        0.62,       0.6,        0.64,           0,             0
    347,        11,        16,           105,       100,       110,        0.62,       0.6,        0.64,           0,             0
    348,        12,        16,           115,       110,       120,        0.62,       0.6,        0.64,           0,             0
    349,        13,        16,           125,       120,       130,        0.62,       0.6,        0.64,           0,             0
    350,        14,        16,           135,       130,       140,        0.62,       0.6,        0.64,           0,             0
    351,        15,        16,           145,       140,       150,        0.62,       0.6,        0.64,           0,             0
    352,        16,        16,           155,       150,       160,        0.62,       0.6,        0.64,           0,             0
    353,        17,        16,           165,       160,       170,        0.62,       0.6,        0.64,           0,             0
    354,        18,        16,           175,       170,       180,        0.62,       0.6,        0.64,           0,             0
    355,        19,        16,           185,       180,       190,        0.62,       0.6,        0.64,           0,             0
    358,         1,        17,             5,         0,        10,        0.66,      0.64,        0.68,           0,             0
    359,         2,        17,            15,        10,        20,        0.66,      0.64,        0.68,           0,             0
    360,         3,        17,            25,        20,        30,        0.66,      0.64,        0.68,    0.701307,     0.0921922
    361,         4,        17,            35,        30,        40,        0.66,      0.64,        0.68,    0.555043,     0.0210642
    362,         5,        17,            45,        40,        50,        0.66,      0.64,        0.68,    0.382425,     0.0137554
    363,         6,        17,            55,        50,        60,        0.66,      0.64,        0.68,    0.198055,     0.0206298
    364,         7,        17,            65,        60,        70,        0.66,      0.64,        0.68,  -0.0117958,     0.0144182
    365,         8,        17,            75,        70,        80,        0.66,      0.64,        0.68,           0,             0
    366,         9,        17,            85,        80,        90,        0.66,      0.64,        0.68,           0,             0
    367,        10,        17,            95,        90,       100,        0.66,      0.64,        0.68,           0,             0
    368,        11,        17,           105,       100,       110,        0.66,      0.64,        0.68,           0,             0
    369,        12,        17,           115,       110,       120,        0.66,      0.64,        0.68,           0,             0
    370,        13,        17,           125,       120,       130,        0.66,      0.64,        0.68,           0,             0
    371,        14,        17,           135,       130,       140,        0.66,      0.64,        0.68,           0,             0
    372,        15,        17,           145,       140,       150,        0.66,      0.64,        0.68,           0,             0
    373,        16,        17,           155,       150,       160,        0.66,      0.64,        0.68,           0,             0
    374,        17,        17,           165,       160,       170,        0.66,      0.64,        0.68,           0,             0
    375,        18,        17,           175,       170,       180,        0.66,      0.64,        0.68,           0,             0
    376,        19,        17,           185,       180,       190,        0.66,      0.64,        0.68,           0,             0
    379,         1,        18,             5,         0,        10,         0.7,      0.68,        0.72,           0,             0
    380,         2,        18,            15,        10,        20,         0.7,      0.68,        0.72,           0,             0
    381,         3,        18,            25,        20,        30,         0.7,      0.68,        0.72,    0.636421,      0.261361
    382,         4,        18,            35,        30,        40,         0.7,      0.68,        0.72,    0.512803,     0.0282363
    383,         5,        18,            45,        40,        50,         0.7,      0.68,        0.72,    0.379058,     0.0223467
    384,         6,        18,            55,        50,        60,         0.7,      0.68,        0.72,    0.135718,     0.0823209
    385,         7,        18,            65,        60,        70,         0.7,      0.68,        0.72,           0,             0
    386,         8,        18,            75,        70,        80,         0.7,      0.68,        0.72,           0,             0
    387,         9,        18,            85,        80,        90,         0.7,      0.68,        0.72,           0,             0
    388,        10,        18,            95,        90,       100,         0.7,      0.68,        0.72,           0,             0
    389,        11,        18,           105,       100,       110,         0.7,      0.68,        0.72,           0,             0
    390,        12,        18,           115,       110,       120,         0.7,      0.68,        0.72,           0,             0
    391,        13,        18,           125,       120,       130,         0.7,      0.68,        0.72,           0,             0
    392,        14,        18,           135,       130,       140,         0.7,      0.68,        0.72,           0,             0
    393,        15,        18,           145,       140,       150,         0.7,      0.68,        0.72,           0,             0
    394,        16,        18,           155,       150,       160,         0.7,      0.68,        0.72,           0,             0
    395,        17,        18,           165,       160,       170,         0.7,      0.68,        0.72,           0,             0
    396,        18,        18,           175,       170,       180,         0.7,      0.68,        0.72,           0,             0
    397,        19,        18,           185,       180,       190,         0.7,      0.68,        0.72,           0,             0
    400,         1,        19,             5,         0,        10,        0.74,      0.72,        0.76,           0,             0
    401,         2,        19,            15,        10,        20,        0.74,      0.72,        0.76,           0,             0
    402,         3,        19,            25,        20,        30,        0.74,      0.72,        0.76,           0,             0
    403,         4,        19,            35,        30,        40,        0.74,      0.72,        0.76,    0.466586,     0.0405172
    404,         5,        19,            45,        40,        50,        0.74,      0.72,        0.76,    0.401642,     0.0443406
    405,         6,        19,            55,        50,        60,        0.74,      0.72,        0.76,           0,             0
    406,         7,        19,            65,        60,        70,        0.74,      0.72,        0.76,           0,             0
    407,         8,        19,            75,        70,        80,        0.74,      0.72,        0.76,           0,             0
    408,         9,        19,            85,        80,        90,        0.74,      0.72,        0.76,           0,             0
    409,        10,        19,            95,        90,       100,        0.74,      0.72,        0.76,           0,             0
    410,        11,        19,           105,       100,       110,        0.74,      0.72,        0.76,           0,             0
    411,        12,        19,           115,       110,       120,        0.74,      0.72,        0.76,           0,             0
    412,        13,        19,           125,       120,       130,        0.74,      0.72,        0.76,           0,             0
    413,        14,        19,           135,       130,       140,        0.74,      0.72,        0.76,           0,             0
    414,        15,        19,           145,       140,       150,        0.74,      0.72,        0.76,           0,             0
    415,        16,        19,           155,       150,       160,        0.74,      0.72,        0.76,           0,             0
    416,        17,        19,           165,       160,       170,        0.74,      0.72,        0.76,           0,             0
    417,        18,        19,           175,       170,       180,        0.74,      0.72,        0.76,           0,             0
    418,        19,        19,           185,       180,       190,        0.74,      0.72,        0.76,           0,             0
    421,         1,        20,             5,         0,        10,        0.78,      0.76,         0.8,           0,             0
    422,         2,        20,            15,        10,        20,        0.78,      0.76,         0.8,           0,             0
    423,         3,        20,            25,        20,        30,        0.78,      0.76,         0.8,           0,             0
    424,         4,        20,            35,        30,        40,        0.78,      0.76,         0.8,    0.439276,     0.0659779
    425,         5,        20,            45,        40,        50,        0.78,      0.76,         0.8,     0.40165,      0.172886
    426,         6,        20,            55,        50,        60,        0.78,      0.76,         0.8,           0,             0
    427,         7,        20,            65,        60,        70,        0.78,      0.76,         0.8,           0,             0
    428,         8,        20,            75,        70,        80,        0.78,      0.76,         0.8,           0,             0
    429,         9,        20,            85,        80,        90,        0.78,      0.76,         0.8,           0,             0
    430,        10,        20,            95,        90,       100,        0.78,      0.76,         0.8,           0,             0
    431,        11,        20,           105,       100,       110,        0.78,      0.76,         0.8,           0,             0
    432,        12,        20,           115,       110,       120,        0.78,      0.76,         0.8,           0,             0
    433,        13,        20,           125,       120,       130,        0.78,      0.76,         0.8,           0,             0
    434,        14,        20,           135,       130,       140,        0.78,      0.76,         0.8,           0,             0
    435,        15,        20,           145,       140,       150,        0.78,      0.76,         0.8,           0,             0
    436,        16,        20,           155,       150,       160,        0.78,      0.76,         0.8,           0,             0
    437,        17,        20,           165,       160,       170,        0.78,      0.76,         0.8,           0,             0
    438,        18,        20,           175,       170,       180,        0.78,      0.76,         0.8,           0,             0
    439,        19,        20,           185,       180,       190,        0.78,      0.76,         0.8,           0,             0
    442,         1,        21,             5,         0,        10,        0.82,       0.8,        0.84,           0,             0
    443,         2,        21,            15,        10,        20,        0.82,       0.8,        0.84,           0,             0
    444,         3,        21,            25,        20,        30,        0.82,       0.8,        0.84,           0,             0
    445,         4,        21,            35,        30,        40,        0.82,       0.8,        0.84,    0.396917,      0.188308
    446,         5,        21,            45,        40,        50,        0.82,       0.8,        0.84,           0,             0
    447,         6,        21,            55,        50,        60,        0.82,       0.8,        0.84,           0,             0
    448,         7,        21,            65,        60,        70,        0.82,       0.8,        0.84,           0,             0
    449,         8,        21,            75,        70,        80,        0.82,       0.8,        0.84,           0,             0
    450,         9,        21,            85,        80,        90,        0.82,       0.8,        0.84,           0,             0
    451,        10,        21,            95,        90,       100,        0.82,       0.8,        0.84,           0,             0
    452,        11,        21,           105,       100,       110,        0.82,       0.8,        0.84,           0,             0
    453,        12,        21,           115,       110,       120,        0.82,       0.8,        0.84,           0,             0
    454,        13,        21,           125,       120,       130,        0.82,       0.8,        0.84,           0,             0
    455,        14,        21,           135,       130,       140,        0.82,       0.8,        0.84,           0,             0
    456,        15,        21,           145,       140,       150,        0.82,       0.8,        0.84,           0,             0
    457,        16,        21,           155,       150,       160,        0.82,       0.8,        0.84,           0,             0
    458,        17,        21,           165,       160,       170,        0.82,       0.8,        0.84,           0,             0
    459,        18,        21,           175,       170,       180,        0.82,       0.8,        0.84,           0,             0
    460,        19,        21,           185,       180,       190,        0.82,       0.8,        0.84,           0,             0
    463,         1,        22,             5,         0,        10,        0.86,      0.84,        0.88,           0,             0
    464,         2,        22,            15,        10,        20,        0.86,      0.84,        0.88,           0,             0
    465,         3,        22,            25,        20,        30,        0.86,      0.84,        0.88,           0,             0
    466,         4,        22,            35,        30,        40,        0.86,      0.84,        0.88,           0,             0
    467,         5,        22,            45,        40,        50,        0.86,      0.84,        0.88,           0,             0
    468,         6,        22,            55,        50,        60,        0.86,      0.84,        0.88,           0,             0
    469,         7,        22,            65,        60,        70,        0.86,      0.84,        0.88,           0,             0
    470,         8,        22,            75,        70,        80,        0.86,      0.84,        0.88,           0,             0
    471,         9,        22,            85,        80,        90,        0.86,      0.84,        0.88,           0,             0
    472,        10,        22,            95,        90,       100,        0.86,      0.84,        0.88,           0,             0
    473,        11,        22,           105,       100,       110,        0.86,      0.84,        0.88,           0,             0
    474,        12,        22,           115,       110,       120,        0.86,      0.84,        0.88,           0,             0
    475,        13,        22,           125,       120,       130,        0.86,      0.84,        0.88,           0,             0
    476,        14,        22,           135,       130,       140,        0.86,      0.84,        0.88,           0,             0
    477,        15,        22,           145,       140,       150,        0.86,      0.84,        0.88,           0,             0
    478,        16,        22,           155,       150,       160,        0.86,      0.84,        0.88,           0,             0
    479,        17,        22,           165,       160,       170,        0.86,      0.84,        0.88,           0,             0
    480,        18,        22,           175,       170,       180,        0.86,      0.84,        0.88,           0,             0
    481,        19,        22,           185,       180,       190,        0.86,      0.84,        0.88,           0,             0
    484,         1,        23,             5,         0,        10,         0.9,      0.88,        0.92,           0,             0
    485,         2,        23,            15,        10,        20,         0.9,      0.88,        0.92,           0,             0
    486,         3,        23,            25,        20,        30,         0.9,      0.88,        0.92,           0,             0
    487,         4,        23,            35,        30,        40,         0.9,      0.88,        0.92,           0,             0
    488,         5,        23,            45,        40,        50,         0.9,      0.88,        0.92,           0,             0
    489,         6,        23,            55,        50,        60,         0.9,      0.88,        0.92,           0,             0
    490,         7,        23,            65,        60,        70,         0.9,      0.88,        0.92,           0,             0
    491,         8,        23,            75,        70,        80,         0.9,      0.88,        0.92,           0,             0
    492,         9,        23,            85,        80,        90,         0.9,      0.88,        0.92,           0,             0
    493,        10,        23,            95,        90,       100,         0.9,      0.88,        0.92,           0,             0
    494,        11,        23,           105,       100,       110,         0.9,      0.88,        0.92,           0,             0
    495,        12,        23,           115,       110,       120,         0.9,      0.88,        0.92,           0,             0
    496,        13,        23,           125,       120,       130,         0.9,      0.88,        0.92,           0,             0
    497,        14,        23,           135,       130,       140,         0.9,      0.88,        0.92,           0,             0
    498,        15,        23,           145,       140,       150,         0.9,      0.88,        0.92,           0,             0
    499,        16,        23,           155,       150,       160,         0.9,      0.88,        0.92,           0,             0
    500,        17,        23,           165,       160,       170,         0.9,      0.88,        0.92,           0,             0
    501,        18,        23,           175,       170,       180,         0.9,      0.88,        0.92,           0,             0
    502,        19,        23,           185,       180,       190,         0.9,      0.88,        0.92,           0,             0
    505,         1,        24,             5,         0,        10,        0.94,      0.92,        0.96,           0,             0
    506,         2,        24,            15,        10,        20,        0.94,      0.92,        0.96,           0,             0
    507,         3,        24,            25,        20,        30,        0.94,      0.92,        0.96,           0,             0
    508,         4,        24,            35,        30,        40,        0.94,      0.92,        0.96,           0,             0
    509,         5,        24,            45,        40,        50,        0.94,      0.92,        0.96,           0,             0
    510,         6,        24,            55,        50,        60,        0.94,      0.92,        0.96,           0,             0
    511,         7,        24,            65,        60,        70,        0.94,      0.92,        0.96,           0,             0
    512,         8,        24,            75,        70,        80,        0.94,      0.92,        0.96,           0,             0
    513,         9,        24,            85,        80,        90,        0.94,      0.92,        0.96,           0,             0
    514,        10,        24,            95,        90,       100,        0.94,      0.92,        0.96,           0,             0
    515,        11,        24,           105,       100,       110,        0.94,      0.92,        0.96,           0,             0
    516,        12,        24,           115,       110,       120,        0.94,      0.92,        0.96,           0,             0
    517,        13,        24,           125,       120,       130,        0.94,      0.92,        0.96,           0,             0
    518,        14,        24,           135,       130,       140,        0.94,      0.92,        0.96,           0,             0
    519,        15,        24,           145,       140,       150,        0.94,      0.92,        0.96,           0,             0
    520,        16,        24,           155,       150,       160,        0.94,      0.92,        0.96,           0,             0
    521,        17,        24,           165,       160,       170,        0.94,      0.92,        0.96,           0,             0
    522,        18,        24,           175,       170,       180,        0.94,      0.92,        0.96,           0,             0
    523,        19,        24,           185,       180,       190,        0.94,      0.92,        0.96,           0,             0
    526,         1,        25,             5,         0,        10,        0.98,      0.96,           1,           0,             0
    527,         2,        25,            15,        10,        20,        0.98,      0.96,           1,           0,             0
    528,         3,        25,            25,        20,        30,        0.98,      0.96,           1,           0,             0
    529,         4,        25,            35,        30,        40,        0.98,      0.96,           1,           0,             0
    530,         5,        25,            45,        40,        50,        0.98,      0.96,           1,           0,             0
    531,         6,        25,            55,        50,        60,        0.98,      0.96,           1,           0,             0
    532,         7,        25,            65,        60,        70,        0.98,      0.96,           1,           0,             0
    533,         8,        25,            75,        70,        80,        0.98,      0.96,           1,           0,             0
    534,         9,        25,            85,        80,        90,        0.98,      0.96,           1,           0,             0
    535,        10,        25,            95,        90,       100,        0.98,      0.96,           1,           0,             0
    536,        11,        25,           105,       100,       110,        0.98,      0.96,           1,           0,             0
    537,        12,        25,           115,       110,       120,        0.98,      0.96,           1,           0,             0
    538,        13,        25,           125,       120,       130,        0.98,      0.96,           1,           0,             0
    539,        14,        25,           135,       130,       140,        0.98,      0.96,           1,           0,             0
    540,        15,        25,           145,       140,       150,        0.98,      0.96,           1,           0,             0
    541,        16,        25,           155,       150,       160,        0.98,      0.96,           1,           0,             0
    542,        17,        25,           165,       160,       170,        0.98,      0.96,           1,           0,             0
    543,        18,        25,           175,       170,       180,        0.98,      0.96,           1,           0,             0
    544,        19,        25,           185,       180,       190,        0.98,      0.96,           1,           0,             0
    547,         1,        26,             5,         0,        10,        1.02,         1,        1.04,           0,             0
    548,         2,        26,            15,        10,        20,        1.02,         1,        1.04,           0,             0
    549,         3,        26,            25,        20,        30,        1.02,         1,        1.04,           0,             0
    550,         4,        26,            35,        30,        40,        1.02,         1,        1.04,           0,             0
    551,         5,        26,            45,        40,        50,        1.02,         1,        1.04,           0,             0
    552,         6,        26,            55,        50,        60,        1.02,         1,        1.04,           0,             0
    553,         7,        26,            65,        60,        70,        1.02,         1,        1.04,           0,             0
    554,         8,        26,            75,        70,        80,        1.02,         1,        1.04,           0,             0
    555,         9,        26,            85,        80,        90,        1.02,         1,        1.04,           0,             0
    556,        10,        26,            95,        90,       100,        1.02,         1,        1.04,           0,             0
    557,        11,        26,           105,       100,       110,        1.02,         1,        1.04,           0,             0
    558,        12,        26,           115,       110,       120,        1.02,         1,        1.04,           0,             0
    559,        13,        26,           125,       120,       130,        1.02,         1,        1.04,           0,             0
    560,        14,        26,           135,       130,       140,        1.02,         1,        1.04,           0,             0
    561,        15,        26,           145,       140,       150,        1.02,         1,        1.04,           0,             0
    562,        16,        26,           155,       150,       160,        1.02,         1,        1.04,           0,             0
    563,        17,        26,           165,       160,       170,        1.02,         1,        1.04,           0,             0
    564,        18,        26,           175,       170,       180,        1.02,         1,        1.04,           0,             0
    565,        19,        26,           185,       180,       190,        1.02,         1,        1.04,           0,             0
    568,         1,        27,             5,         0,        10,        1.06,      1.04,        1.08,           0,             0
    569,         2,        27,            15,        10,        20,        1.06,      1.04,        1.08,           0,             0
    570,         3,        27,            25,        20,        30,        1.06,      1.04,        1.08,           0,             0
    571,         4,        27,            35,        30,        40,        1.06,      1.04,        1.08,           0,             0
    572,         5,        27,            45,        40,        50,        1.06,      1.04,        1.08,           0,             0
    573,         6,        27,            55,        50,        60,        1.06,      1.04,        1.08,           0,             0
    574,         7,        27,            65,        60,        70,        1.06,      1.04,        1.08,           0,             0
    575,         8,        27,            75,        70,        80,        1.06,      1.04,        1.08,           0,             0
    576,         9,        27,            85,        80,        90,        1.06,      1.04,        1.08,           0,             0
    577,        10,        27,            95,        90,       100,        1.06,      1.04,        1.08,           0,             0
    578,        11,        27,           105,       100,       110,        1.06,      1.04,        1.08,           0,             0
    579,        12,        27,           115,       110,       120,        1.06,      1.04,        1.08,           0,             0
    580,        13,        27,           125,       120,       130,        1.06,      1.04,        1.08,           0,             0
    581,        14,        27,           135,       130,       140,        1.06,      1.04,        1.08,           0,             0
    582,        15,        27,           145,       140,       150,        1.06,      1.04,        1.08,           0,             0
    583,        16,        27,           155,       150,       160,        1.06,      1.04,        1.08,           0,             0
    584,        17,        27,           165,       160,       170,        1.06,      1.04,        1.08,           0,             0
    585,        18,        27,           175,       170,       180,        1.06,      1.04,        1.08,           0,             0
    586,        19,        27,           185,       180,       190,        1.06,      1.04,        1.08,           0,             0
    589,         1,        28,             5,         0,        10,         1.1,      1.08,        1.12,           0,             0
    590,         2,        28,            15,        10,        20,         1.1,      1.08,        1.12,           0,             0
    591,         3,        28,            25,        20,        30,         1.1,      1.08,        1.12,           0,             0
    592,         4,        28,            35,        30,        40,         1.1,      1.08,        1.12,           0,             0
    593,         5,        28,            45,        40,        50,         1.1,      1.08,        1.12,           0,             0
    594,         6,        28,            55,        50,        60,         1.1,      1.08,        1.12,           0,             0
    595,         7,        28,            65,        60,        70,         1.1,      1.08,        1.12,           0,             0
    596,         8,        28,            75,        70,        80,         1.1,      1.08,        1.12,           0,             0
    597,         9,        28,            85,        80,        90,         1.1,      1.08,        1.12,           0,             0
    598,        10,        28,            95,        90,       100,         1.1,      1.08,        1.12,           0,             0
    599,        11,        28,           105,       100,       110,         1.1,      1.08,        1.12,           0,             0
    600,        12,        28,           115,       110,       120,         1.1,      1.08,        1.12,           0,             0
    601,        13,        28,           125,       120,       130,         1.1,      1.08,        1.12,           0,             0
    602,        14,        28,           135,       130,       140,         1.1,      1.08,        1.12,           0,             0
    603,        15,        28,           145,       140,       150,         1.1,      1.08,        1.12,           0,             0
    604,        16,        28,           155,       150,       160,         1.1,      1.08,        1.12,           0,             0
    605,        17,        28,           165,       160,       170,         1.1,      1.08,        1.12,           0,             0
    606,        18,        28,           175,       170,       180,         1.1,      1.08,        1.12,           0,             0
    607,        19,        28,           185,       180,       190,         1.1,      1.08,        1.12,           0,             0
    610,         1,        29,             5,         0,        10,        1.14,      1.12,        1.16,           0,             0
    611,         2,        29,            15,        10,        20,        1.14,      1.12,        1.16,           0,             0
    612,         3,        29,            25,        20,        30,        1.14,      1.12,        1.16,           0,             0
    613,         4,        29,            35,        30,        40,        1.14,      1.12,        1.16,           0,             0
    614,         5,        29,            45,        40,        50,        1.14,      1.12,        1.16,           0,             0
    615,         6,        29,            55,        50,        60,        1.14,      1.12,        1.16,           0,             0
    616,         7,        29,            65,        60,        70,        1.14,      1.12,        1.16,           0,             0
    617,         8,        29,            75,        70,        80,        1.14,      1.12,        1.16,           0,             0
    618,         9,        29,            85,        80,        90,        1.14,      1.12,        1.16,           0,             0
    619,        10,        29,            95,        90,       100,        1.14,      1.12,        1.16,           0,             0
    620,        11,        29,           105,       100,       110,        1.14,      1.12,        1.16,           0,             0
    621,        12,        29,           115,       110,       120,        1.14,      1.12,        1.16,           0,             0
    622,        13,        29,           125,       120,       130,        1.14,      1.12,        1.16,           0,             0
    623,        14,        29,           135,       130,       140,        1.14,      1.12,        1.16,           0,             0
    624,        15,        29,           145,       140,       150,        1.14,      1.12,        1.16,           0,             0
    625,        16,        29,           155,       150,       160,        1.14,      1.12,        1.16,           0,             0
    626,        17,        29,           165,       160,       170,        1.14,      1.12,        1.16,           0,             0
    627,        18,        29,           175,       170,       180,        1.14,      1.12,        1.16,           0,             0
    628,        19,        29,           185,       180,       190,        1.14,      1.12,        1.16,           0,             0
    631,         1,        30,             5,         0,        10,        1.18,      1.16,         1.2,           0,             0
    632,         2,        30,            15,        10,        20,        1.18,      1.16,         1.2,           0,             0
    633,         3,        30,            25,        20,        30,        1.18,      1.16,         1.2,           0,             0
    634,         4,        30,            35,        30,        40,        1.18,      1.16,         1.2,           0,             0
    635,         5,        30,            45,        40,        50,        1.18,      1.16,         1.2,           0,             0
    636,         6,        30,            55,        50,        60,        1.18,      1.16,         1.2,           0,             0
    637,         7,        30,            65,        60,        70,        1.18,      1.16,         1.2,           0,             0
    638,         8,        30,            75,        70,        80,        1.18,      1.16,         1.2,           0,             0
    639,         9,        30,            85,        80,        90,        1.18,      1.16,         1.2,           0,             0
    640,        10,        30,            95,        90,       100,        1.18,      1.16,         1.2,           0,             0
    641,        11,        30,           105,       100,       110,        1.18,      1.16,         1.2,           0,             0
    642,        12,        30,           115,       110,       120,        1.18,      1.16,         1.2,           0,             0
    643,        13,        30,           125,       120,       130,        1.18,      1.16,         1.2,           0,             0
    644,        14,        30,           135,       130,       140,        1.18,      1.16,         1.2,           0,             0
    645,        15,        30,           145,       140,       150,        1.18,      1.16,         1.2,           0,             0
    646,        16,        30,           155,       150,       160,        1.18,      1.16,         1.2,           0,             0
    647,        17,        30,           165,       160,       170,        1.18,      1.16,         1.2,           0,             0
    648,        18,        30,           175,       170,       180,        1.18,      1.16,         1.2,           0,             0
    649,        19,        30,           185,       180,       190,        1.18,      1.16,         1.2,           0,             0
