# 2D Histogram Bin Extraction 
#                   
# histogram parameters:  
# title      : Electron Scattering Angle (2D Average) 
# ybins      : 30 
# ylabel     :  P_{m} [GeV/c] 
# xbins      : 19 
# xlabel     :  #theta_{rq} [deg] 
# ybin_width : 0.040 
# xbin_width : 10.000 
#                   
# header definitions:
# ib:         (x,y)  bin number 
# xb:         x-axis bin number 
# yb:         y-axis bin number 
# x0:         x-axis central bin value 
# xlow:       x-axis low-edge bin value 
# xup:        x-axis up-edge bin value 
# y0:         y-axis central bin value 
# ylow:       y-axis low-edge bin value 
# yup:        y-axis up-edge bin value 
# zcont:      bin content (z-axis) 
# zcont_err:  bin content error (z-axis) 
#                                        
ib,xb,yb,x0,xlow,xup,y0,ylow,yup,zcont,zcont_err
     22,         1,         1,             5,         0,        10,        0.02,         0,        0.04,     11.8364,       7.77172
     23,         2,         1,            15,        10,        20,        0.02,         0,        0.04,     11.7447,       4.74747
     24,         3,         1,            25,        20,        30,        0.02,         0,        0.04,        11.7,       4.52404
     25,         4,         1,            35,        30,        40,        0.02,         0,        0.04,      11.742,       3.24813
     26,         5,         1,            45,        40,        50,        0.02,         0,        0.04,     11.6829,       2.16039
     27,         6,         1,            55,        50,        60,        0.02,         0,        0.04,     11.6697,       1.62591
     28,         7,         1,            65,        60,        70,        0.02,         0,        0.04,     11.6038,       1.28569
     29,         8,         1,            75,        70,        80,        0.02,         0,        0.04,     11.5124,      0.961282
     30,         9,         1,            85,        80,        90,        0.02,         0,        0.04,      11.562,       1.01559
     31,        10,         1,            95,        90,       100,        0.02,         0,        0.04,     11.5355,      0.970021
     32,        11,         1,           105,       100,       110,        0.02,         0,        0.04,     11.3771,       1.16423
     33,        12,         1,           115,       110,       120,        0.02,         0,        0.04,      11.302,       2.47093
     34,        13,         1,           125,       120,       130,        0.02,         0,        0.04,     11.2853,         3.596
     35,        14,         1,           135,       130,       140,        0.02,         0,        0.04,       11.29,       6.72188
     36,        15,         1,           145,       140,       150,        0.02,         0,        0.04,       11.25,        8.2709
     37,        16,         1,           155,       150,       160,        0.02,         0,        0.04,     11.2241,       15.8733
     38,        17,         1,           165,       160,       170,        0.02,         0,        0.04,     11.2771,       11.8164
     39,        18,         1,           175,       170,       180,        0.02,         0,        0.04,           0,             0
     40,        19,         1,           185,       180,       190,        0.02,         0,        0.04,           0,             0
     43,         1,         2,             5,         0,        10,        0.06,      0.04,        0.08,     12.0324,       2.94853
     44,         2,         2,            15,        10,        20,        0.06,      0.04,        0.08,     12.0143,       1.63566
     45,         3,         2,            25,        20,        30,        0.06,      0.04,        0.08,     12.0247,       1.23247
     46,         4,         2,            35,        30,        40,        0.06,      0.04,        0.08,     11.9635,      0.914948
     47,         5,         2,            45,        40,        50,        0.06,      0.04,        0.08,      11.866,      0.734918
     48,         6,         2,            55,        50,        60,        0.06,      0.04,        0.08,     11.7867,      0.611984
     49,         7,         2,            65,        60,        70,        0.06,      0.04,        0.08,     11.6316,      0.507976
     50,         8,         2,            75,        70,        80,        0.06,      0.04,        0.08,     11.5523,       0.55375
     51,         9,         2,            85,        80,        90,        0.06,      0.04,        0.08,     11.5341,      0.648003
     52,        10,         2,            95,        90,       100,        0.06,      0.04,        0.08,     11.4833,      0.645752
     53,        11,         2,           105,       100,       110,        0.06,      0.04,        0.08,     11.3872,      0.635285
     54,        12,         2,           115,       110,       120,        0.06,      0.04,        0.08,     11.3232,       1.21561
     55,        13,         2,           125,       120,       130,        0.06,      0.04,        0.08,      11.319,       2.26503
     56,        14,         2,           135,       130,       140,        0.06,      0.04,        0.08,     11.3295,       4.14234
     57,        15,         2,           145,       140,       150,        0.06,      0.04,        0.08,     11.2535,       6.10822
     58,        16,         2,           155,       150,       160,        0.06,      0.04,        0.08,     11.2538,       6.95079
     59,        17,         2,           165,       160,       170,        0.06,      0.04,        0.08,     11.4028,       12.9292
     60,        18,         2,           175,       170,       180,        0.06,      0.04,        0.08,     11.3704,       16.0802
     61,        19,         2,           185,       180,       190,        0.06,      0.04,        0.08,           0,             0
     64,         1,         3,             5,         0,        10,         0.1,      0.08,        0.12,     12.2407,       2.01024
     65,         2,         3,            15,        10,        20,         0.1,      0.08,        0.12,     12.1771,       1.09078
     66,         3,         3,            25,        20,        30,         0.1,      0.08,        0.12,     12.1566,      0.796349
     67,         4,         3,            35,        30,        40,         0.1,      0.08,        0.12,     12.1324,      0.586622
     68,         5,         3,            45,        40,        50,         0.1,      0.08,        0.12,     12.0759,       0.43571
     69,         6,         3,            55,        50,        60,         0.1,      0.08,        0.12,     11.8783,      0.370658
     70,         7,         3,            65,        60,        70,         0.1,      0.08,        0.12,     11.6564,      0.359854
     71,         8,         3,            75,        70,        80,         0.1,      0.08,        0.12,     11.6029,      0.448231
     72,         9,         3,            85,        80,        90,         0.1,      0.08,        0.12,     11.5533,      0.509336
     73,        10,         3,            95,        90,       100,         0.1,      0.08,        0.12,     11.4789,      0.565271
     74,        11,         3,           105,       100,       110,         0.1,      0.08,        0.12,      11.386,       0.62502
     75,        12,         3,           115,       110,       120,         0.1,      0.08,        0.12,     11.3556,      0.901909
     76,        13,         3,           125,       120,       130,         0.1,      0.08,        0.12,     11.3502,       1.70655
     77,        14,         3,           135,       130,       140,         0.1,      0.08,        0.12,     11.3103,       2.85314
     78,        15,         3,           145,       140,       150,         0.1,      0.08,        0.12,     11.2921,       4.51301
     79,        16,         3,           155,       150,       160,         0.1,      0.08,        0.12,     11.3565,       5.23852
     80,        17,         3,           165,       160,       170,         0.1,      0.08,        0.12,     11.3124,       7.33668
     81,        18,         3,           175,       170,       180,         0.1,      0.08,        0.12,     11.2626,       10.1454
     82,        19,         3,           185,       180,       190,         0.1,      0.08,        0.12,           0,             0
     85,         1,         4,             5,         0,        10,        0.14,      0.12,        0.16,      12.328,       1.63416
     86,         2,         4,            15,        10,        20,        0.14,      0.12,        0.16,     12.3399,      0.923422
     87,         3,         4,            25,        20,        30,        0.14,      0.12,        0.16,     12.3209,      0.622307
     88,         4,         4,            35,        30,        40,        0.14,      0.12,        0.16,     12.2886,      0.442035
     89,         5,         4,            45,        40,        50,        0.14,      0.12,        0.16,     12.1495,      0.330761
     90,         6,         4,            55,        50,        60,        0.14,      0.12,        0.16,     11.8917,      0.285285
     91,         7,         4,            65,        60,        70,        0.14,      0.12,        0.16,     11.7087,      0.317386
     92,         8,         4,            75,        70,        80,        0.14,      0.12,        0.16,     11.6667,      0.381645
     93,         9,         4,            85,        80,        90,        0.14,      0.12,        0.16,     11.5605,      0.440104
     94,        10,         4,            95,        90,       100,        0.14,      0.12,        0.16,     11.4526,      0.523214
     95,        11,         4,           105,       100,       110,        0.14,      0.12,        0.16,     11.3596,      0.716912
     96,        12,         4,           115,       110,       120,        0.14,      0.12,        0.16,     11.3294,      0.946398
     97,        13,         4,           125,       120,       130,        0.14,      0.12,        0.16,     11.3528,       1.46307
     98,        14,         4,           135,       130,       140,        0.14,      0.12,        0.16,     11.3349,       2.83721
     99,        15,         4,           145,       140,       150,        0.14,      0.12,        0.16,     11.2852,        4.7193
    100,        16,         4,           155,       150,       160,        0.14,      0.12,        0.16,     11.2835,          7.67
    101,        17,         4,           165,       160,       170,        0.14,      0.12,        0.16,      11.329,       7.80205
    102,        18,         4,           175,       170,       180,        0.14,      0.12,        0.16,     11.5868,       16.3862
    103,        19,         4,           185,       180,       190,        0.14,      0.12,        0.16,           0,             0
    106,         1,         5,             5,         0,        10,        0.18,      0.16,         0.2,     12.5754,       1.53139
    107,         2,         5,            15,        10,        20,        0.18,      0.16,         0.2,     12.6023,      0.786472
    108,         3,         5,            25,        20,        30,        0.18,      0.16,         0.2,       12.53,      0.520902
    109,         4,         5,            35,        30,        40,        0.18,      0.16,         0.2,     12.4517,      0.343452
    110,         5,         5,            45,        40,        50,        0.18,      0.16,         0.2,      12.221,      0.259861
    111,         6,         5,            55,        50,        60,        0.18,      0.16,         0.2,     11.8866,      0.236337
    112,         7,         5,            65,        60,        70,        0.18,      0.16,         0.2,     11.7833,      0.286884
    113,         8,         5,            75,        70,        80,        0.18,      0.16,         0.2,     11.7105,      0.347214
    114,         9,         5,            85,        80,        90,        0.18,      0.16,         0.2,     11.5741,      0.417623
    115,        10,         5,            95,        90,       100,        0.18,      0.16,         0.2,     11.4239,      0.557133
    116,        11,         5,           105,       100,       110,        0.18,      0.16,         0.2,     11.3201,      0.929612
    117,        12,         5,           115,       110,       120,        0.18,      0.16,         0.2,     11.3046,       1.57046
    118,        13,         5,           125,       120,       130,        0.18,      0.16,         0.2,     11.2749,       2.23366
    119,        14,         5,           135,       130,       140,        0.18,      0.16,         0.2,     11.2769,       3.62143
    120,        15,         5,           145,       140,       150,        0.18,      0.16,         0.2,     11.2945,        5.4345
    121,        16,         5,           155,       150,       160,        0.18,      0.16,         0.2,           0,             0
    122,        17,         5,           165,       160,       170,        0.18,      0.16,         0.2,           0,             0
    123,        18,         5,           175,       170,       180,        0.18,      0.16,         0.2,     11.2503,       15.9103
    124,        19,         5,           185,       180,       190,        0.18,      0.16,         0.2,           0,             0
    127,         1,         6,             5,         0,        10,        0.22,       0.2,        0.24,     12.9792,       1.70519
    128,         2,         6,            15,        10,        20,        0.22,       0.2,        0.24,     12.8845,      0.735138
    129,         3,         6,            25,        20,        30,        0.22,       0.2,        0.24,     12.7614,      0.427544
    130,         4,         6,            35,        30,        40,        0.22,       0.2,        0.24,     12.6137,      0.276825
    131,         5,         6,            45,        40,        50,        0.22,       0.2,        0.24,     12.2505,      0.215562
    132,         6,         6,            55,        50,        60,        0.22,       0.2,        0.24,     11.9066,      0.205268
    133,         7,         6,            65,        60,        70,        0.22,       0.2,        0.24,     11.8633,      0.261011
    134,         8,         6,            75,        70,        80,        0.22,       0.2,        0.24,     11.7364,      0.319334
    135,         9,         6,            85,        80,        90,        0.22,       0.2,        0.24,     11.5599,      0.415247
    136,        10,         6,            95,        90,       100,        0.22,       0.2,        0.24,     11.3786,       0.67501
    137,        11,         6,           105,       100,       110,        0.22,       0.2,        0.24,     11.2762,        1.6766
    138,        12,         6,           115,       110,       120,        0.22,       0.2,        0.24,     11.2584,       4.49572
    139,        13,         6,           125,       120,       130,        0.22,       0.2,        0.24,     11.2422,       7.97777
    140,        14,         6,           135,       130,       140,        0.22,       0.2,        0.24,     11.2119,       9.22761
    141,        15,         6,           145,       140,       150,        0.22,       0.2,        0.24,           0,             0
    142,        16,         6,           155,       150,       160,        0.22,       0.2,        0.24,           0,             0
    143,        17,         6,           165,       160,       170,        0.22,       0.2,        0.24,           0,             0
    144,        18,         6,           175,       170,       180,        0.22,       0.2,        0.24,           0,             0
    145,        19,         6,           185,       180,       190,        0.22,       0.2,        0.24,           0,             0
    148,         1,         7,             5,         0,        10,        0.26,      0.24,        0.28,     13.2951,        1.8732
    149,         2,         7,            15,        10,        20,        0.26,      0.24,        0.28,      13.143,       0.71849
    150,         3,         7,            25,        20,        30,        0.26,      0.24,        0.28,     12.9494,      0.378705
    151,         4,         7,            35,        30,        40,        0.26,      0.24,        0.28,     12.6709,      0.235009
    152,         5,         7,            45,        40,        50,        0.26,      0.24,        0.28,     12.2485,      0.180289
    153,         6,         7,            55,        50,        60,        0.26,      0.24,        0.28,     11.9654,      0.191801
    154,         7,         7,            65,        60,        70,        0.26,      0.24,        0.28,     11.9308,      0.248664
    155,         8,         7,            75,        70,        80,        0.26,      0.24,        0.28,     11.7747,      0.314525
    156,         9,         7,            85,        80,        90,        0.26,      0.24,        0.28,     11.5507,      0.454327
    157,        10,         7,            95,        90,       100,        0.26,      0.24,        0.28,     11.3452,       0.97277
    158,        11,         7,           105,       100,       110,        0.26,      0.24,        0.28,     11.2108,       5.06809
    159,        12,         7,           115,       110,       120,        0.26,      0.24,        0.28,           0,             0
    160,        13,         7,           125,       120,       130,        0.26,      0.24,        0.28,           0,             0
    161,        14,         7,           135,       130,       140,        0.26,      0.24,        0.28,           0,             0
    162,        15,         7,           145,       140,       150,        0.26,      0.24,        0.28,           0,             0
    163,        16,         7,           155,       150,       160,        0.26,      0.24,        0.28,           0,             0
    164,        17,         7,           165,       160,       170,        0.26,      0.24,        0.28,           0,             0
    165,        18,         7,           175,       170,       180,        0.26,      0.24,        0.28,           0,             0
    166,        19,         7,           185,       180,       190,        0.26,      0.24,        0.28,           0,             0
    169,         1,         8,             5,         0,        10,         0.3,      0.28,        0.32,       13.41,       2.56063
    170,         2,         8,            15,        10,        20,         0.3,      0.28,        0.32,      13.255,       0.81039
    171,         3,         8,            25,        20,        30,         0.3,      0.28,        0.32,     12.9934,      0.374367
    172,         4,         8,            35,        30,        40,         0.3,      0.28,        0.32,     12.6981,      0.209319
    173,         5,         8,            45,        40,        50,         0.3,      0.28,        0.32,     12.2527,      0.163446
    174,         6,         8,            55,        50,        60,         0.3,      0.28,        0.32,     12.0611,      0.190063
    175,         7,         8,            65,        60,        70,         0.3,      0.28,        0.32,     11.9917,       0.24489
    176,         8,         8,            75,        70,        80,         0.3,      0.28,        0.32,     11.7937,      0.314558
    177,         9,         8,            85,        80,        90,         0.3,      0.28,        0.32,     11.5378,      0.503821
    178,        10,         8,            95,        90,       100,         0.3,      0.28,        0.32,     11.3094,       1.68806
    179,        11,         8,           105,       100,       110,         0.3,      0.28,        0.32,     11.1943,       15.8311
    180,        12,         8,           115,       110,       120,         0.3,      0.28,        0.32,           0,             0
    181,        13,         8,           125,       120,       130,         0.3,      0.28,        0.32,           0,             0
    182,        14,         8,           135,       130,       140,         0.3,      0.28,        0.32,           0,             0
    183,        15,         8,           145,       140,       150,         0.3,      0.28,        0.32,           0,             0
    184,        16,         8,           155,       150,       160,         0.3,      0.28,        0.32,           0,             0
    185,        17,         8,           165,       160,       170,         0.3,      0.28,        0.32,           0,             0
    186,        18,         8,           175,       170,       180,         0.3,      0.28,        0.32,           0,             0
    187,        19,         8,           185,       180,       190,         0.3,      0.28,        0.32,           0,             0
    190,         1,         9,             5,         0,        10,        0.34,      0.32,        0.36,     13.4887,       7.31186
    191,         2,         9,            15,        10,        20,        0.34,      0.32,        0.36,     13.3218,       1.04163
    192,         3,         9,            25,        20,        30,        0.34,      0.32,        0.36,     13.0149,       0.37048
    193,         4,         9,            35,        30,        40,        0.34,      0.32,        0.36,     12.6546,      0.191806
    194,         5,         9,            45,        40,        50,        0.34,      0.32,        0.36,     12.3342,      0.156762
    195,         6,         9,            55,        50,        60,        0.34,      0.32,        0.36,     12.1559,      0.192357
    196,         7,         9,            65,        60,        70,        0.34,      0.32,        0.36,     12.0441,        0.2476
    197,         8,         9,            75,        70,        80,        0.34,      0.32,        0.36,     11.8217,         0.344
    198,         9,         9,            85,        80,        90,        0.34,      0.32,        0.36,     11.5341,      0.661977
    199,        10,         9,            95,        90,       100,        0.34,      0.32,        0.36,     11.3047,       5.07452
    200,        11,         9,           105,       100,       110,        0.34,      0.32,        0.36,           0,             0
    201,        12,         9,           115,       110,       120,        0.34,      0.32,        0.36,           0,             0
    202,        13,         9,           125,       120,       130,        0.34,      0.32,        0.36,           0,             0
    203,        14,         9,           135,       130,       140,        0.34,      0.32,        0.36,           0,             0
    204,        15,         9,           145,       140,       150,        0.34,      0.32,        0.36,           0,             0
    205,        16,         9,           155,       150,       160,        0.34,      0.32,        0.36,           0,             0
    206,        17,         9,           165,       160,       170,        0.34,      0.32,        0.36,           0,             0
    207,        18,         9,           175,       170,       180,        0.34,      0.32,        0.36,           0,             0
    208,        19,         9,           185,       180,       190,        0.34,      0.32,        0.36,           0,             0
    211,         1,        10,             5,         0,        10,        0.38,      0.36,         0.4,           0,             0
    212,         2,        10,            15,        10,        20,        0.38,      0.36,         0.4,     13.3367,       1.32376
    213,         3,        10,            25,        20,        30,        0.38,      0.36,         0.4,     13.0111,       0.38192
    214,         4,        10,            35,        30,        40,        0.38,      0.36,         0.4,     12.6661,      0.183847
    215,         5,        10,            45,        40,        50,        0.38,      0.36,         0.4,     12.4631,       0.16365
    216,         6,        10,            55,        50,        60,        0.38,      0.36,         0.4,     12.2477,      0.198879
    217,         7,        10,            65,        60,        70,        0.38,      0.36,         0.4,       12.09,      0.260772
    218,         8,        10,            75,        70,        80,        0.38,      0.36,         0.4,      11.847,      0.380402
    219,         9,        10,            85,        80,        90,        0.38,      0.36,         0.4,     11.5381,      0.997788
    220,        10,        10,            95,        90,       100,        0.38,      0.36,         0.4,           0,             0
    221,        11,        10,           105,       100,       110,        0.38,      0.36,         0.4,           0,             0
    222,        12,        10,           115,       110,       120,        0.38,      0.36,         0.4,           0,             0
    223,        13,        10,           125,       120,       130,        0.38,      0.36,         0.4,           0,             0
    224,        14,        10,           135,       130,       140,        0.38,      0.36,         0.4,           0,             0
    225,        15,        10,           145,       140,       150,        0.38,      0.36,         0.4,           0,             0
    226,        16,        10,           155,       150,       160,        0.38,      0.36,         0.4,           0,             0
    227,        17,        10,           165,       160,       170,        0.38,      0.36,         0.4,           0,             0
    228,        18,        10,           175,       170,       180,        0.38,      0.36,         0.4,           0,             0
    229,        19,        10,           185,       180,       190,        0.38,      0.36,         0.4,           0,             0
    232,         1,        11,             5,         0,        10,        0.42,       0.4,        0.44,           0,             0
    233,         2,        11,            15,        10,        20,        0.42,       0.4,        0.44,     13.3562,       1.81122
    234,         3,        11,            25,        20,        30,        0.42,       0.4,        0.44,     13.0112,      0.371481
    235,         4,        11,            35,        30,        40,        0.42,       0.4,        0.44,     12.7476,      0.179826
    236,         5,        11,            45,        40,        50,        0.42,       0.4,        0.44,     12.5559,       0.17941
    237,         6,        11,            55,        50,        60,        0.42,       0.4,        0.44,     12.3283,      0.210449
    238,         7,        11,            65,        60,        70,        0.42,       0.4,        0.44,     12.1407,      0.280095
    239,         8,        11,            75,        70,        80,        0.42,       0.4,        0.44,     11.8665,      0.446694
    240,         9,        11,            85,        80,        90,        0.42,       0.4,        0.44,     11.5206,       1.67686
    241,        10,        11,            95,        90,       100,        0.42,       0.4,        0.44,           0,             0
    242,        11,        11,           105,       100,       110,        0.42,       0.4,        0.44,           0,             0
    243,        12,        11,           115,       110,       120,        0.42,       0.4,        0.44,           0,             0
    244,        13,        11,           125,       120,       130,        0.42,       0.4,        0.44,           0,             0
    245,        14,        11,           135,       130,       140,        0.42,       0.4,        0.44,           0,             0
    246,        15,        11,           145,       140,       150,        0.42,       0.4,        0.44,           0,             0
    247,        16,        11,           155,       150,       160,        0.42,       0.4,        0.44,           0,             0
    248,        17,        11,           165,       160,       170,        0.42,       0.4,        0.44,           0,             0
    249,        18,        11,           175,       170,       180,        0.42,       0.4,        0.44,           0,             0
    250,        19,        11,           185,       180,       190,        0.42,       0.4,        0.44,           0,             0
    253,         1,        12,             5,         0,        10,        0.46,      0.44,        0.48,           0,             0
    254,         2,        12,            15,        10,        20,        0.46,      0.44,        0.48,     13.3734,       2.59682
    255,         3,        12,            25,        20,        30,        0.46,      0.44,        0.48,     13.0183,      0.363368
    256,         4,        12,            35,        30,        40,        0.46,      0.44,        0.48,     12.8524,      0.190644
    257,         5,        12,            45,        40,        50,        0.46,      0.44,        0.48,     12.6443,      0.192305
    258,         6,        12,            55,        50,        60,        0.46,      0.44,        0.48,     12.3749,      0.226795
    259,         7,        12,            65,        60,        70,        0.46,      0.44,        0.48,     12.1854,      0.314194
    260,         8,        12,            75,        70,        80,        0.46,      0.44,        0.48,     11.9021,      0.561501
    261,         9,        12,            85,        80,        90,        0.46,      0.44,        0.48,      11.533,       4.37266
    262,        10,        12,            95,        90,       100,        0.46,      0.44,        0.48,           0,             0
    263,        11,        12,           105,       100,       110,        0.46,      0.44,        0.48,           0,             0
    264,        12,        12,           115,       110,       120,        0.46,      0.44,        0.48,           0,             0
    265,        13,        12,           125,       120,       130,        0.46,      0.44,        0.48,           0,             0
    266,        14,        12,           135,       130,       140,        0.46,      0.44,        0.48,           0,             0
    267,        15,        12,           145,       140,       150,        0.46,      0.44,        0.48,           0,             0
    268,        16,        12,           155,       150,       160,        0.46,      0.44,        0.48,           0,             0
    269,        17,        12,           165,       160,       170,        0.46,      0.44,        0.48,           0,             0
    270,        18,        12,           175,       170,       180,        0.46,      0.44,        0.48,           0,             0
    271,        19,        12,           185,       180,       190,        0.46,      0.44,        0.48,           0,             0
    274,         1,        13,             5,         0,        10,         0.5,      0.48,        0.52,           0,             0
    275,         2,        13,            15,        10,        20,         0.5,      0.48,        0.52,     13.4173,       3.61967
    276,         3,        13,            25,        20,        30,         0.5,      0.48,        0.52,     13.0635,      0.360574
    277,         4,        13,            35,        30,        40,         0.5,      0.48,        0.52,     12.9538,      0.210011
    278,         5,        13,            45,        40,        50,         0.5,      0.48,        0.52,     12.7014,      0.213446
    279,         6,        13,            55,        50,        60,         0.5,      0.48,        0.52,     12.4717,      0.252994
    280,         7,        13,            65,        60,        70,         0.5,      0.48,        0.52,     12.2352,      0.370874
    281,         8,        13,            75,        70,        80,         0.5,      0.48,        0.52,     11.9286,      0.787242
    282,         9,        13,            85,        80,        90,         0.5,      0.48,        0.52,           0,             0
    283,        10,        13,            95,        90,       100,         0.5,      0.48,        0.52,           0,             0
    284,        11,        13,           105,       100,       110,         0.5,      0.48,        0.52,           0,             0
    285,        12,        13,           115,       110,       120,         0.5,      0.48,        0.52,           0,             0
    286,        13,        13,           125,       120,       130,         0.5,      0.48,        0.52,           0,             0
    287,        14,        13,           135,       130,       140,         0.5,      0.48,        0.52,           0,             0
    288,        15,        13,           145,       140,       150,         0.5,      0.48,        0.52,           0,             0
    289,        16,        13,           155,       150,       160,         0.5,      0.48,        0.52,           0,             0
    290,        17,        13,           165,       160,       170,         0.5,      0.48,        0.52,           0,             0
    291,        18,        13,           175,       170,       180,         0.5,      0.48,        0.52,           0,             0
    292,        19,        13,           185,       180,       190,         0.5,      0.48,        0.52,           0,             0
    295,         1,        14,             5,         0,        10,        0.54,      0.52,        0.56,           0,             0
    296,         2,        14,            15,        10,        20,        0.54,      0.52,        0.56,     13.3646,       5.08508
    297,         3,        14,            25,        20,        30,        0.54,      0.52,        0.56,     13.1518,      0.381512
    298,         4,        14,            35,        30,        40,        0.54,      0.52,        0.56,     13.0428,      0.244327
    299,         5,        14,            45,        40,        50,        0.54,      0.52,        0.56,     12.7964,      0.245178
    300,         6,        14,            55,        50,        60,        0.54,      0.52,        0.56,     12.5648,      0.294965
    301,         7,        14,            65,        60,        70,        0.54,      0.52,        0.56,     12.2791,      0.471929
    302,         8,        14,            75,        70,        80,        0.54,      0.52,        0.56,     11.9489,       1.25164
    303,         9,        14,            85,        80,        90,        0.54,      0.52,        0.56,           0,             0
    304,        10,        14,            95,        90,       100,        0.54,      0.52,        0.56,           0,             0
    305,        11,        14,           105,       100,       110,        0.54,      0.52,        0.56,           0,             0
    306,        12,        14,           115,       110,       120,        0.54,      0.52,        0.56,           0,             0
    307,        13,        14,           125,       120,       130,        0.54,      0.52,        0.56,           0,             0
    308,        14,        14,           135,       130,       140,        0.54,      0.52,        0.56,           0,             0
    309,        15,        14,           145,       140,       150,        0.54,      0.52,        0.56,           0,             0
    310,        16,        14,           155,       150,       160,        0.54,      0.52,        0.56,           0,             0
    311,        17,        14,           165,       160,       170,        0.54,      0.52,        0.56,           0,             0
    312,        18,        14,           175,       170,       180,        0.54,      0.52,        0.56,           0,             0
    313,        19,        14,           185,       180,       190,        0.54,      0.52,        0.56,           0,             0
    316,         1,        15,             5,         0,        10,        0.58,      0.56,         0.6,           0,             0
    317,         2,        15,            15,        10,        20,        0.58,      0.56,         0.6,     13.3783,       6.35256
    318,         3,        15,            25,        20,        30,        0.58,      0.56,         0.6,     13.2322,      0.461013
    319,         4,        15,            35,        30,        40,        0.58,      0.56,         0.6,       13.11,      0.302854
    320,         5,        15,            45,        40,        50,        0.58,      0.56,         0.6,     12.8403,      0.283531
    321,         6,        15,            55,        50,        60,        0.58,      0.56,         0.6,     12.6337,      0.372513
    322,         7,        15,            65,        60,        70,        0.58,      0.56,         0.6,     12.3293,      0.687317
    323,         8,        15,            75,        70,        80,        0.58,      0.56,         0.6,     11.9987,       2.57346
    324,         9,        15,            85,        80,        90,        0.58,      0.56,         0.6,           0,             0
    325,        10,        15,            95,        90,       100,        0.58,      0.56,         0.6,           0,             0
    326,        11,        15,           105,       100,       110,        0.58,      0.56,         0.6,           0,             0
    327,        12,        15,           115,       110,       120,        0.58,      0.56,         0.6,           0,             0
    328,        13,        15,           125,       120,       130,        0.58,      0.56,         0.6,           0,             0
    329,        14,        15,           135,       130,       140,        0.58,      0.56,         0.6,           0,             0
    330,        15,        15,           145,       140,       150,        0.58,      0.56,         0.6,           0,             0
    331,        16,        15,           155,       150,       160,        0.58,      0.56,         0.6,           0,             0
    332,        17,        15,           165,       160,       170,        0.58,      0.56,         0.6,           0,             0
    333,        18,        15,           175,       170,       180,        0.58,      0.56,         0.6,           0,             0
    334,        19,        15,           185,       180,       190,        0.58,      0.56,         0.6,           0,             0
    337,         1,        16,             5,         0,        10,        0.62,       0.6,        0.64,           0,             0
    338,         2,        16,            15,        10,        20,        0.62,       0.6,        0.64,     13.3826,       9.46461
    339,         3,        16,            25,        20,        30,        0.62,       0.6,        0.64,     13.3047,      0.776671
    340,         4,        16,            35,        30,        40,        0.62,       0.6,        0.64,     13.1756,      0.373964
    341,         5,        16,            45,        40,        50,        0.62,       0.6,        0.64,      12.902,      0.348156
    342,         6,        16,            55,        50,        60,        0.62,       0.6,        0.64,      12.728,      0.562131
    343,         7,        16,            65,        60,        70,        0.62,       0.6,        0.64,     12.3458,       1.38099
    344,         8,        16,            75,        70,        80,        0.62,       0.6,        0.64,     11.9963,       9.81998
    345,         9,        16,            85,        80,        90,        0.62,       0.6,        0.64,           0,             0
    346,        10,        16,            95,        90,       100,        0.62,       0.6,        0.64,           0,             0
    347,        11,        16,           105,       100,       110,        0.62,       0.6,        0.64,           0,             0
    348,        12,        16,           115,       110,       120,        0.62,       0.6,        0.64,           0,             0
    349,        13,        16,           125,       120,       130,        0.62,       0.6,        0.64,           0,             0
    350,        14,        16,           135,       130,       140,        0.62,       0.6,        0.64,           0,             0
    351,        15,        16,           145,       140,       150,        0.62,       0.6,        0.64,           0,             0
    352,        16,        16,           155,       150,       160,        0.62,       0.6,        0.64,           0,             0
    353,        17,        16,           165,       160,       170,        0.62,       0.6,        0.64,           0,             0
    354,        18,        16,           175,       170,       180,        0.62,       0.6,        0.64,           0,             0
    355,        19,        16,           185,       180,       190,        0.62,       0.6,        0.64,           0,             0
    358,         1,        17,             5,         0,        10,        0.66,      0.64,        0.68,           0,             0
    359,         2,        17,            15,        10,        20,        0.66,      0.64,        0.68,           0,             0
    360,         3,        17,            25,        20,        30,        0.66,      0.64,        0.68,     13.3452,       1.75168
    361,         4,        17,            35,        30,        40,        0.66,      0.64,        0.68,     13.2275,      0.501129
    362,         5,        17,            45,        40,        50,        0.66,      0.64,        0.68,     12.9801,      0.459291
    363,         6,        17,            55,        50,        60,        0.66,      0.64,        0.68,     12.8934,       1.22741
    364,         7,        17,            65,        60,        70,        0.66,      0.64,        0.68,     12.6203,       8.97508
    365,         8,        17,            75,        70,        80,        0.66,      0.64,        0.68,           0,             0
    366,         9,        17,            85,        80,        90,        0.66,      0.64,        0.68,           0,             0
    367,        10,        17,            95,        90,       100,        0.66,      0.64,        0.68,           0,             0
    368,        11,        17,           105,       100,       110,        0.66,      0.64,        0.68,           0,             0
    369,        12,        17,           115,       110,       120,        0.66,      0.64,        0.68,           0,             0
    370,        13,        17,           125,       120,       130,        0.66,      0.64,        0.68,           0,             0
    371,        14,        17,           135,       130,       140,        0.66,      0.64,        0.68,           0,             0
    372,        15,        17,           145,       140,       150,        0.66,      0.64,        0.68,           0,             0
    373,        16,        17,           155,       150,       160,        0.66,      0.64,        0.68,           0,             0
    374,        17,        17,           165,       160,       170,        0.66,      0.64,        0.68,           0,             0
    375,        18,        17,           175,       170,       180,        0.66,      0.64,        0.68,           0,             0
    376,        19,        17,           185,       180,       190,        0.66,      0.64,        0.68,           0,             0
    379,         1,        18,             5,         0,        10,         0.7,      0.68,        0.72,           0,             0
    380,         2,        18,            15,        10,        20,         0.7,      0.68,        0.72,           0,             0
    381,         3,        18,            25,        20,        30,         0.7,      0.68,        0.72,     13.3907,       5.49841
    382,         4,        18,            35,        30,        40,         0.7,      0.68,        0.72,     13.2915,      0.730412
    383,         5,        18,            45,        40,        50,         0.7,      0.68,        0.72,     13.0881,      0.764931
    384,         6,        18,            55,        50,        60,         0.7,      0.68,        0.72,     13.3789,       7.79778
    385,         7,        18,            65,        60,        70,         0.7,      0.68,        0.72,           0,             0
    386,         8,        18,            75,        70,        80,         0.7,      0.68,        0.72,           0,             0
    387,         9,        18,            85,        80,        90,         0.7,      0.68,        0.72,           0,             0
    388,        10,        18,            95,        90,       100,         0.7,      0.68,        0.72,           0,             0
    389,        11,        18,           105,       100,       110,         0.7,      0.68,        0.72,           0,             0
    390,        12,        18,           115,       110,       120,         0.7,      0.68,        0.72,           0,             0
    391,        13,        18,           125,       120,       130,         0.7,      0.68,        0.72,           0,             0
    392,        14,        18,           135,       130,       140,         0.7,      0.68,        0.72,           0,             0
    393,        15,        18,           145,       140,       150,         0.7,      0.68,        0.72,           0,             0
    394,        16,        18,           155,       150,       160,         0.7,      0.68,        0.72,           0,             0
    395,        17,        18,           165,       160,       170,         0.7,      0.68,        0.72,           0,             0
    396,        18,        18,           175,       170,       180,         0.7,      0.68,        0.72,           0,             0
    397,        19,        18,           185,       180,       190,         0.7,      0.68,        0.72,           0,             0
    400,         1,        19,             5,         0,        10,        0.74,      0.72,        0.76,           0,             0
    401,         2,        19,            15,        10,        20,        0.74,      0.72,        0.76,           0,             0
    402,         3,        19,            25,        20,        30,        0.74,      0.72,        0.76,           0,             0
    403,         4,        19,            35,        30,        40,        0.74,      0.72,        0.76,     13.3382,       1.15517
    404,         5,        19,            45,        40,        50,        0.74,      0.72,        0.76,       13.18,       1.44816
    405,         6,        19,            55,        50,        60,        0.74,      0.72,        0.76,           0,             0
    406,         7,        19,            65,        60,        70,        0.74,      0.72,        0.76,           0,             0
    407,         8,        19,            75,        70,        80,        0.74,      0.72,        0.76,           0,             0
    408,         9,        19,            85,        80,        90,        0.74,      0.72,        0.76,           0,             0
    409,        10,        19,            95,        90,       100,        0.74,      0.72,        0.76,           0,             0
    410,        11,        19,           105,       100,       110,        0.74,      0.72,        0.76,           0,             0
    411,        12,        19,           115,       110,       120,        0.74,      0.72,        0.76,           0,             0
    412,        13,        19,           125,       120,       130,        0.74,      0.72,        0.76,           0,             0
    413,        14,        19,           135,       130,       140,        0.74,      0.72,        0.76,           0,             0
    414,        15,        19,           145,       140,       150,        0.74,      0.72,        0.76,           0,             0
    415,        16,        19,           155,       150,       160,        0.74,      0.72,        0.76,           0,             0
    416,        17,        19,           165,       160,       170,        0.74,      0.72,        0.76,           0,             0
    417,        18,        19,           175,       170,       180,        0.74,      0.72,        0.76,           0,             0
    418,        19,        19,           185,       180,       190,        0.74,      0.72,        0.76,           0,             0
    421,         1,        20,             5,         0,        10,        0.78,      0.76,         0.8,           0,             0
    422,         2,        20,            15,        10,        20,        0.78,      0.76,         0.8,           0,             0
    423,         3,        20,            25,        20,        30,        0.78,      0.76,         0.8,           0,             0
    424,         4,        20,            35,        30,        40,        0.78,      0.76,         0.8,      13.376,       1.99746
    425,         5,        20,            45,        40,        50,        0.78,      0.76,         0.8,     13.2969,       5.69527
    426,         6,        20,            55,        50,        60,        0.78,      0.76,         0.8,           0,             0
    427,         7,        20,            65,        60,        70,        0.78,      0.76,         0.8,           0,             0
    428,         8,        20,            75,        70,        80,        0.78,      0.76,         0.8,           0,             0
    429,         9,        20,            85,        80,        90,        0.78,      0.76,         0.8,           0,             0
    430,        10,        20,            95,        90,       100,        0.78,      0.76,         0.8,           0,             0
    431,        11,        20,           105,       100,       110,        0.78,      0.76,         0.8,           0,             0
    432,        12,        20,           115,       110,       120,        0.78,      0.76,         0.8,           0,             0
    433,        13,        20,           125,       120,       130,        0.78,      0.76,         0.8,           0,             0
    434,        14,        20,           135,       130,       140,        0.78,      0.76,         0.8,           0,             0
    435,        15,        20,           145,       140,       150,        0.78,      0.76,         0.8,           0,             0
    436,        16,        20,           155,       150,       160,        0.78,      0.76,         0.8,           0,             0
    437,        17,        20,           165,       160,       170,        0.78,      0.76,         0.8,           0,             0
    438,        18,        20,           175,       170,       180,        0.78,      0.76,         0.8,           0,             0
    439,        19,        20,           185,       180,       190,        0.78,      0.76,         0.8,           0,             0
    442,         1,        21,             5,         0,        10,        0.82,       0.8,        0.84,           0,             0
    443,         2,        21,            15,        10,        20,        0.82,       0.8,        0.84,           0,             0
    444,         3,        21,            25,        20,        30,        0.82,       0.8,        0.84,           0,             0
    445,         4,        21,            35,        30,        40,        0.82,       0.8,        0.84,     13.4338,       6.36058
    446,         5,        21,            45,        40,        50,        0.82,       0.8,        0.84,           0,             0
    447,         6,        21,            55,        50,        60,        0.82,       0.8,        0.84,           0,             0
    448,         7,        21,            65,        60,        70,        0.82,       0.8,        0.84,           0,             0
    449,         8,        21,            75,        70,        80,        0.82,       0.8,        0.84,           0,             0
    450,         9,        21,            85,        80,        90,        0.82,       0.8,        0.84,           0,             0
    451,        10,        21,            95,        90,       100,        0.82,       0.8,        0.84,           0,             0
    452,        11,        21,           105,       100,       110,        0.82,       0.8,        0.84,           0,             0
    453,        12,        21,           115,       110,       120,        0.82,       0.8,        0.84,           0,             0
    454,        13,        21,           125,       120,       130,        0.82,       0.8,        0.84,           0,             0
    455,        14,        21,           135,       130,       140,        0.82,       0.8,        0.84,           0,             0
    456,        15,        21,           145,       140,       150,        0.82,       0.8,        0.84,           0,             0
    457,        16,        21,           155,       150,       160,        0.82,       0.8,        0.84,           0,             0
    458,        17,        21,           165,       160,       170,        0.82,       0.8,        0.84,           0,             0
    459,        18,        21,           175,       170,       180,        0.82,       0.8,        0.84,           0,             0
    460,        19,        21,           185,       180,       190,        0.82,       0.8,        0.84,           0,             0
    463,         1,        22,             5,         0,        10,        0.86,      0.84,        0.88,           0,             0
    464,         2,        22,            15,        10,        20,        0.86,      0.84,        0.88,           0,             0
    465,         3,        22,            25,        20,        30,        0.86,      0.84,        0.88,           0,             0
    466,         4,        22,            35,        30,        40,        0.86,      0.84,        0.88,           0,             0
    467,         5,        22,            45,        40,        50,        0.86,      0.84,        0.88,           0,             0
    468,         6,        22,            55,        50,        60,        0.86,      0.84,        0.88,           0,             0
    469,         7,        22,            65,        60,        70,        0.86,      0.84,        0.88,           0,             0
    470,         8,        22,            75,        70,        80,        0.86,      0.84,        0.88,           0,             0
    471,         9,        22,            85,        80,        90,        0.86,      0.84,        0.88,           0,             0
    472,        10,        22,            95,        90,       100,        0.86,      0.84,        0.88,           0,             0
    473,        11,        22,           105,       100,       110,        0.86,      0.84,        0.88,           0,             0
    474,        12,        22,           115,       110,       120,        0.86,      0.84,        0.88,           0,             0
    475,        13,        22,           125,       120,       130,        0.86,      0.84,        0.88,           0,             0
    476,        14,        22,           135,       130,       140,        0.86,      0.84,        0.88,           0,             0
    477,        15,        22,           145,       140,       150,        0.86,      0.84,        0.88,           0,             0
    478,        16,        22,           155,       150,       160,        0.86,      0.84,        0.88,           0,             0
    479,        17,        22,           165,       160,       170,        0.86,      0.84,        0.88,           0,             0
    480,        18,        22,           175,       170,       180,        0.86,      0.84,        0.88,           0,             0
    481,        19,        22,           185,       180,       190,        0.86,      0.84,        0.88,           0,             0
    484,         1,        23,             5,         0,        10,         0.9,      0.88,        0.92,           0,             0
    485,         2,        23,            15,        10,        20,         0.9,      0.88,        0.92,           0,             0
    486,         3,        23,            25,        20,        30,         0.9,      0.88,        0.92,           0,             0
    487,         4,        23,            35,        30,        40,         0.9,      0.88,        0.92,           0,             0
    488,         5,        23,            45,        40,        50,         0.9,      0.88,        0.92,           0,             0
    489,         6,        23,            55,        50,        60,         0.9,      0.88,        0.92,           0,             0
    490,         7,        23,            65,        60,        70,         0.9,      0.88,        0.92,           0,             0
    491,         8,        23,            75,        70,        80,         0.9,      0.88,        0.92,           0,             0
    492,         9,        23,            85,        80,        90,         0.9,      0.88,        0.92,           0,             0
    493,        10,        23,            95,        90,       100,         0.9,      0.88,        0.92,           0,             0
    494,        11,        23,           105,       100,       110,         0.9,      0.88,        0.92,           0,             0
    495,        12,        23,           115,       110,       120,         0.9,      0.88,        0.92,           0,             0
    496,        13,        23,           125,       120,       130,         0.9,      0.88,        0.92,           0,             0
    497,        14,        23,           135,       130,       140,         0.9,      0.88,        0.92,           0,             0
    498,        15,        23,           145,       140,       150,         0.9,      0.88,        0.92,           0,             0
    499,        16,        23,           155,       150,       160,         0.9,      0.88,        0.92,           0,             0
    500,        17,        23,           165,       160,       170,         0.9,      0.88,        0.92,           0,             0
    501,        18,        23,           175,       170,       180,         0.9,      0.88,        0.92,           0,             0
    502,        19,        23,           185,       180,       190,         0.9,      0.88,        0.92,           0,             0
    505,         1,        24,             5,         0,        10,        0.94,      0.92,        0.96,           0,             0
    506,         2,        24,            15,        10,        20,        0.94,      0.92,        0.96,           0,             0
    507,         3,        24,            25,        20,        30,        0.94,      0.92,        0.96,           0,             0
    508,         4,        24,            35,        30,        40,        0.94,      0.92,        0.96,           0,             0
    509,         5,        24,            45,        40,        50,        0.94,      0.92,        0.96,           0,             0
    510,         6,        24,            55,        50,        60,        0.94,      0.92,        0.96,           0,             0
    511,         7,        24,            65,        60,        70,        0.94,      0.92,        0.96,           0,             0
    512,         8,        24,            75,        70,        80,        0.94,      0.92,        0.96,           0,             0
    513,         9,        24,            85,        80,        90,        0.94,      0.92,        0.96,           0,             0
    514,        10,        24,            95,        90,       100,        0.94,      0.92,        0.96,           0,             0
    515,        11,        24,           105,       100,       110,        0.94,      0.92,        0.96,           0,             0
    516,        12,        24,           115,       110,       120,        0.94,      0.92,        0.96,           0,             0
    517,        13,        24,           125,       120,       130,        0.94,      0.92,        0.96,           0,             0
    518,        14,        24,           135,       130,       140,        0.94,      0.92,        0.96,           0,             0
    519,        15,        24,           145,       140,       150,        0.94,      0.92,        0.96,           0,             0
    520,        16,        24,           155,       150,       160,        0.94,      0.92,        0.96,           0,             0
    521,        17,        24,           165,       160,       170,        0.94,      0.92,        0.96,           0,             0
    522,        18,        24,           175,       170,       180,        0.94,      0.92,        0.96,           0,             0
    523,        19,        24,           185,       180,       190,        0.94,      0.92,        0.96,           0,             0
    526,         1,        25,             5,         0,        10,        0.98,      0.96,           1,           0,             0
    527,         2,        25,            15,        10,        20,        0.98,      0.96,           1,           0,             0
    528,         3,        25,            25,        20,        30,        0.98,      0.96,           1,           0,             0
    529,         4,        25,            35,        30,        40,        0.98,      0.96,           1,           0,             0
    530,         5,        25,            45,        40,        50,        0.98,      0.96,           1,           0,             0
    531,         6,        25,            55,        50,        60,        0.98,      0.96,           1,           0,             0
    532,         7,        25,            65,        60,        70,        0.98,      0.96,           1,           0,             0
    533,         8,        25,            75,        70,        80,        0.98,      0.96,           1,           0,             0
    534,         9,        25,            85,        80,        90,        0.98,      0.96,           1,           0,             0
    535,        10,        25,            95,        90,       100,        0.98,      0.96,           1,           0,             0
    536,        11,        25,           105,       100,       110,        0.98,      0.96,           1,           0,             0
    537,        12,        25,           115,       110,       120,        0.98,      0.96,           1,           0,             0
    538,        13,        25,           125,       120,       130,        0.98,      0.96,           1,           0,             0
    539,        14,        25,           135,       130,       140,        0.98,      0.96,           1,           0,             0
    540,        15,        25,           145,       140,       150,        0.98,      0.96,           1,           0,             0
    541,        16,        25,           155,       150,       160,        0.98,      0.96,           1,           0,             0
    542,        17,        25,           165,       160,       170,        0.98,      0.96,           1,           0,             0
    543,        18,        25,           175,       170,       180,        0.98,      0.96,           1,           0,             0
    544,        19,        25,           185,       180,       190,        0.98,      0.96,           1,           0,             0
    547,         1,        26,             5,         0,        10,        1.02,         1,        1.04,           0,             0
    548,         2,        26,            15,        10,        20,        1.02,         1,        1.04,           0,             0
    549,         3,        26,            25,        20,        30,        1.02,         1,        1.04,           0,             0
    550,         4,        26,            35,        30,        40,        1.02,         1,        1.04,           0,             0
    551,         5,        26,            45,        40,        50,        1.02,         1,        1.04,           0,             0
    552,         6,        26,            55,        50,        60,        1.02,         1,        1.04,           0,             0
    553,         7,        26,            65,        60,        70,        1.02,         1,        1.04,           0,             0
    554,         8,        26,            75,        70,        80,        1.02,         1,        1.04,           0,             0
    555,         9,        26,            85,        80,        90,        1.02,         1,        1.04,           0,             0
    556,        10,        26,            95,        90,       100,        1.02,         1,        1.04,           0,             0
    557,        11,        26,           105,       100,       110,        1.02,         1,        1.04,           0,             0
    558,        12,        26,           115,       110,       120,        1.02,         1,        1.04,           0,             0
    559,        13,        26,           125,       120,       130,        1.02,         1,        1.04,           0,             0
    560,        14,        26,           135,       130,       140,        1.02,         1,        1.04,           0,             0
    561,        15,        26,           145,       140,       150,        1.02,         1,        1.04,           0,             0
    562,        16,        26,           155,       150,       160,        1.02,         1,        1.04,           0,             0
    563,        17,        26,           165,       160,       170,        1.02,         1,        1.04,           0,             0
    564,        18,        26,           175,       170,       180,        1.02,         1,        1.04,           0,             0
    565,        19,        26,           185,       180,       190,        1.02,         1,        1.04,           0,             0
    568,         1,        27,             5,         0,        10,        1.06,      1.04,        1.08,           0,             0
    569,         2,        27,            15,        10,        20,        1.06,      1.04,        1.08,           0,             0
    570,         3,        27,            25,        20,        30,        1.06,      1.04,        1.08,           0,             0
    571,         4,        27,            35,        30,        40,        1.06,      1.04,        1.08,           0,             0
    572,         5,        27,            45,        40,        50,        1.06,      1.04,        1.08,           0,             0
    573,         6,        27,            55,        50,        60,        1.06,      1.04,        1.08,           0,             0
    574,         7,        27,            65,        60,        70,        1.06,      1.04,        1.08,           0,             0
    575,         8,        27,            75,        70,        80,        1.06,      1.04,        1.08,           0,             0
    576,         9,        27,            85,        80,        90,        1.06,      1.04,        1.08,           0,             0
    577,        10,        27,            95,        90,       100,        1.06,      1.04,        1.08,           0,             0
    578,        11,        27,           105,       100,       110,        1.06,      1.04,        1.08,           0,             0
    579,        12,        27,           115,       110,       120,        1.06,      1.04,        1.08,           0,             0
    580,        13,        27,           125,       120,       130,        1.06,      1.04,        1.08,           0,             0
    581,        14,        27,           135,       130,       140,        1.06,      1.04,        1.08,           0,             0
    582,        15,        27,           145,       140,       150,        1.06,      1.04,        1.08,           0,             0
    583,        16,        27,           155,       150,       160,        1.06,      1.04,        1.08,           0,             0
    584,        17,        27,           165,       160,       170,        1.06,      1.04,        1.08,           0,             0
    585,        18,        27,           175,       170,       180,        1.06,      1.04,        1.08,           0,             0
    586,        19,        27,           185,       180,       190,        1.06,      1.04,        1.08,           0,             0
    589,         1,        28,             5,         0,        10,         1.1,      1.08,        1.12,           0,             0
    590,         2,        28,            15,        10,        20,         1.1,      1.08,        1.12,           0,             0
    591,         3,        28,            25,        20,        30,         1.1,      1.08,        1.12,           0,             0
    592,         4,        28,            35,        30,        40,         1.1,      1.08,        1.12,           0,             0
    593,         5,        28,            45,        40,        50,         1.1,      1.08,        1.12,           0,             0
    594,         6,        28,            55,        50,        60,         1.1,      1.08,        1.12,           0,             0
    595,         7,        28,            65,        60,        70,         1.1,      1.08,        1.12,           0,             0
    596,         8,        28,            75,        70,        80,         1.1,      1.08,        1.12,           0,             0
    597,         9,        28,            85,        80,        90,         1.1,      1.08,        1.12,           0,             0
    598,        10,        28,            95,        90,       100,         1.1,      1.08,        1.12,           0,             0
    599,        11,        28,           105,       100,       110,         1.1,      1.08,        1.12,           0,             0
    600,        12,        28,           115,       110,       120,         1.1,      1.08,        1.12,           0,             0
    601,        13,        28,           125,       120,       130,         1.1,      1.08,        1.12,           0,             0
    602,        14,        28,           135,       130,       140,         1.1,      1.08,        1.12,           0,             0
    603,        15,        28,           145,       140,       150,         1.1,      1.08,        1.12,           0,             0
    604,        16,        28,           155,       150,       160,         1.1,      1.08,        1.12,           0,             0
    605,        17,        28,           165,       160,       170,         1.1,      1.08,        1.12,           0,             0
    606,        18,        28,           175,       170,       180,         1.1,      1.08,        1.12,           0,             0
    607,        19,        28,           185,       180,       190,         1.1,      1.08,        1.12,           0,             0
    610,         1,        29,             5,         0,        10,        1.14,      1.12,        1.16,           0,             0
    611,         2,        29,            15,        10,        20,        1.14,      1.12,        1.16,           0,             0
    612,         3,        29,            25,        20,        30,        1.14,      1.12,        1.16,           0,             0
    613,         4,        29,            35,        30,        40,        1.14,      1.12,        1.16,           0,             0
    614,         5,        29,            45,        40,        50,        1.14,      1.12,        1.16,           0,             0
    615,         6,        29,            55,        50,        60,        1.14,      1.12,        1.16,           0,             0
    616,         7,        29,            65,        60,        70,        1.14,      1.12,        1.16,           0,             0
    617,         8,        29,            75,        70,        80,        1.14,      1.12,        1.16,           0,             0
    618,         9,        29,            85,        80,        90,        1.14,      1.12,        1.16,           0,             0
    619,        10,        29,            95,        90,       100,        1.14,      1.12,        1.16,           0,             0
    620,        11,        29,           105,       100,       110,        1.14,      1.12,        1.16,           0,             0
    621,        12,        29,           115,       110,       120,        1.14,      1.12,        1.16,           0,             0
    622,        13,        29,           125,       120,       130,        1.14,      1.12,        1.16,           0,             0
    623,        14,        29,           135,       130,       140,        1.14,      1.12,        1.16,           0,             0
    624,        15,        29,           145,       140,       150,        1.14,      1.12,        1.16,           0,             0
    625,        16,        29,           155,       150,       160,        1.14,      1.12,        1.16,           0,             0
    626,        17,        29,           165,       160,       170,        1.14,      1.12,        1.16,           0,             0
    627,        18,        29,           175,       170,       180,        1.14,      1.12,        1.16,           0,             0
    628,        19,        29,           185,       180,       190,        1.14,      1.12,        1.16,           0,             0
    631,         1,        30,             5,         0,        10,        1.18,      1.16,         1.2,           0,             0
    632,         2,        30,            15,        10,        20,        1.18,      1.16,         1.2,           0,             0
    633,         3,        30,            25,        20,        30,        1.18,      1.16,         1.2,           0,             0
    634,         4,        30,            35,        30,        40,        1.18,      1.16,         1.2,           0,             0
    635,         5,        30,            45,        40,        50,        1.18,      1.16,         1.2,           0,             0
    636,         6,        30,            55,        50,        60,        1.18,      1.16,         1.2,           0,             0
    637,         7,        30,            65,        60,        70,        1.18,      1.16,         1.2,           0,             0
    638,         8,        30,            75,        70,        80,        1.18,      1.16,         1.2,           0,             0
    639,         9,        30,            85,        80,        90,        1.18,      1.16,         1.2,           0,             0
    640,        10,        30,            95,        90,       100,        1.18,      1.16,         1.2,           0,             0
    641,        11,        30,           105,       100,       110,        1.18,      1.16,         1.2,           0,             0
    642,        12,        30,           115,       110,       120,        1.18,      1.16,         1.2,           0,             0
    643,        13,        30,           125,       120,       130,        1.18,      1.16,         1.2,           0,             0
    644,        14,        30,           135,       130,       140,        1.18,      1.16,         1.2,           0,             0
    645,        15,        30,           145,       140,       150,        1.18,      1.16,         1.2,           0,             0
    646,        16,        30,           155,       150,       160,        1.18,      1.16,         1.2,           0,             0
    647,        17,        30,           165,       160,       170,        1.18,      1.16,         1.2,           0,             0
    648,        18,        30,           175,       170,       180,        1.18,      1.16,         1.2,           0,             0
    649,        19,        30,           185,       180,       190,        1.18,      1.16,         1.2,           0,             0
