# 2D Histogram Bin Extraction 
#                   
# histogram parameters:  
# title      : Energy Transfer, $\nu (2D Average) 
# ybins      : 30 
# ylabel     :  P_{m} [GeV/c] 
# xbins      : 19 
# xlabel     :  #theta_{rq} [deg] 
# ybin_width : 0.040 
# xbin_width : 10.000 
#                   
# header definitions:
# ib:         (x,y)  bin number 
# xb:         x-axis bin number 
# yb:         y-axis bin number 
# x0:         x-axis central bin value 
# xlow:       x-axis low-edge bin value 
# xup:        x-axis up-edge bin value 
# y0:         y-axis central bin value 
# ylow:       y-axis low-edge bin value 
# yup:        y-axis up-edge bin value 
# zcont:      bin content (z-axis) 
# zcont_err:  bin content error (z-axis) 
#                                        
ib,xb,yb,x0,xlow,xup,y0,ylow,yup,zcont,zcont_err
     22,         1,         1,             5,         0,        10,        0.02,         0,        0.04,     1.79075,       1.79104
     23,         2,         1,            15,        10,        20,        0.02,         0,        0.04,     1.76408,       1.76456
     24,         3,         1,            25,        20,        30,        0.02,         0,        0.04,      1.7654,       1.78224
     25,         4,         1,            35,        30,        40,        0.02,         0,        0.04,     1.74749,       1.29467
     26,         5,         1,            45,        40,        50,        0.02,         0,        0.04,     1.76714,      0.805202
     27,         6,         1,            55,        50,        60,        0.02,         0,        0.04,     1.77803,      0.749105
     28,         7,         1,            65,        60,        70,        0.02,         0,        0.04,     1.77481,      0.423543
     29,         8,         1,            75,        70,        80,        0.02,         0,        0.04,     1.71496,      0.161329
     30,         9,         1,            85,        80,        90,        0.02,         0,        0.04,     1.70175,     0.0690267
     31,        10,         1,            95,        90,       100,        0.02,         0,        0.04,     1.68244,     0.0867261
     32,        11,         1,           105,       100,       110,        0.02,         0,        0.04,     1.68938,      0.193914
     33,        12,         1,           115,       110,       120,        0.02,         0,        0.04,     1.70082,      0.439135
     34,        13,         1,           125,       120,       130,        0.02,         0,        0.04,      1.6903,      0.813978
     35,        14,         1,           135,       130,       140,        0.02,         0,        0.04,     1.70536,      0.774523
     36,        15,         1,           145,       140,       150,        0.02,         0,        0.04,     1.69428,       2.39608
     37,        16,         1,           155,       150,       160,        0.02,         0,        0.04,      1.6475,       2.32992
     38,        17,         1,           165,       160,       170,        0.02,         0,        0.04,     1.70369,       1.70373
     39,        18,         1,           175,       170,       180,        0.02,         0,        0.04,           0,             0
     40,        19,         1,           185,       180,       190,        0.02,         0,        0.04,           0,             0
     43,         1,         2,             5,         0,        10,        0.06,      0.04,        0.08,     1.75884,      0.955992
     44,         2,         2,            15,        10,        20,        0.06,      0.04,        0.08,     1.80492,      0.705089
     45,         3,         2,            25,        20,        30,        0.06,      0.04,        0.08,     1.79296,      0.554619
     46,         4,         2,            35,        30,        40,        0.06,      0.04,        0.08,     1.79274,      0.339956
     47,         5,         2,            45,        40,        50,        0.06,      0.04,        0.08,     1.77305,      0.234644
     48,         6,         2,            55,        50,        60,        0.06,      0.04,        0.08,     1.76366,      0.158792
     49,         7,         2,            65,        60,        70,        0.06,      0.04,        0.08,     1.74093,     0.0983081
     50,         8,         2,            75,        70,        80,        0.06,      0.04,        0.08,     1.70734,     0.0538041
     51,         9,         2,            85,        80,        90,        0.06,      0.04,        0.08,     1.68708,      0.044596
     52,        10,         2,            95,        90,       100,        0.06,      0.04,        0.08,     1.69745,      0.049701
     53,        11,         2,           105,       100,       110,        0.06,      0.04,        0.08,     1.70747,     0.0717735
     54,        12,         2,           115,       110,       120,        0.06,      0.04,        0.08,     1.69533,      0.110745
     55,        13,         2,           125,       120,       130,        0.06,      0.04,        0.08,     1.68003,      0.155926
     56,        14,         2,           135,       130,       140,        0.06,      0.04,        0.08,     1.66649,        0.2314
     57,        15,         2,           145,       140,       150,        0.06,      0.04,        0.08,     1.67148,      0.297386
     58,        16,         2,           155,       150,       160,        0.06,      0.04,        0.08,     1.66226,      0.442246
     59,        17,         2,           165,       160,       170,        0.06,      0.04,        0.08,     1.68667,      0.611818
     60,        18,         2,           175,       170,       180,        0.06,      0.04,        0.08,     1.65674,       1.20552
     61,        19,         2,           185,       180,       190,        0.06,      0.04,        0.08,           0,             0
     64,         1,         3,             5,         0,        10,         0.1,      0.08,        0.12,     1.79027,      0.612842
     65,         2,         3,            15,        10,        20,         0.1,      0.08,        0.12,     1.78703,      0.340332
     66,         3,         3,            25,        20,        30,         0.1,      0.08,        0.12,     1.78369,      0.237774
     67,         4,         3,            35,        30,        40,         0.1,      0.08,        0.12,     1.77493,      0.160244
     68,         5,         3,            45,        40,        50,         0.1,      0.08,        0.12,     1.76885,      0.112044
     69,         6,         3,            55,        50,        60,         0.1,      0.08,        0.12,     1.74472,     0.0769675
     70,         7,         3,            65,        60,        70,         0.1,      0.08,        0.12,     1.71019,     0.0504231
     71,         8,         3,            75,        70,        80,         0.1,      0.08,        0.12,     1.66666,     0.0361866
     72,         9,         3,            85,        80,        90,         0.1,      0.08,        0.12,      1.6738,     0.0391922
     73,        10,         3,            95,        90,       100,         0.1,      0.08,        0.12,     1.72088,     0.0452913
     74,        11,         3,           105,       100,       110,         0.1,      0.08,        0.12,     1.73028,      0.056286
     75,        12,         3,           115,       110,       120,         0.1,      0.08,        0.12,     1.73076,     0.0736957
     76,        13,         3,           125,       120,       130,         0.1,      0.08,        0.12,     1.71186,      0.109221
     77,        14,         3,           135,       130,       140,         0.1,      0.08,        0.12,     1.70285,      0.166676
     78,        15,         3,           145,       140,       150,         0.1,      0.08,        0.12,     1.69542,      0.235293
     79,        16,         3,           155,       150,       160,         0.1,      0.08,        0.12,     1.69123,      0.326768
     80,        17,         3,           165,       160,       170,         0.1,      0.08,        0.12,     1.67696,       0.47567
     81,        18,         3,           175,       170,       180,         0.1,      0.08,        0.12,     1.69614,      0.852043
     82,        19,         3,           185,       180,       190,         0.1,      0.08,        0.12,           0,             0
     85,         1,         4,             5,         0,        10,        0.14,      0.12,        0.16,      1.7786,      0.348474
     86,         2,         4,            15,        10,        20,        0.14,      0.12,        0.16,      1.7718,      0.206412
     87,         3,         4,            25,        20,        30,        0.14,      0.12,        0.16,     1.77732,      0.142425
     88,         4,         4,            35,        30,        40,        0.14,      0.12,        0.16,     1.76616,     0.0953315
     89,         5,         4,            45,        40,        50,        0.14,      0.12,        0.16,     1.74859,     0.0648449
     90,         6,         4,            55,        50,        60,        0.14,      0.12,        0.16,     1.70754,     0.0468465
     91,         7,         4,            65,        60,        70,        0.14,      0.12,        0.16,     1.65438,      0.032359
     92,         8,         4,            75,        70,        80,        0.14,      0.12,        0.16,     1.62417,     0.0305161
     93,         9,         4,            85,        80,        90,        0.14,      0.12,        0.16,     1.68684,     0.0397586
     94,        10,         4,            95,        90,       100,        0.14,      0.12,        0.16,     1.74954,     0.0474373
     95,        11,         4,           105,       100,       110,        0.14,      0.12,        0.16,     1.76744,     0.0520373
     96,        12,         4,           115,       110,       120,        0.14,      0.12,        0.16,     1.76786,     0.0627568
     97,        13,         4,           125,       120,       130,        0.14,      0.12,        0.16,     1.74615,     0.0962689
     98,        14,         4,           135,       130,       140,        0.14,      0.12,        0.16,     1.73598,      0.148539
     99,        15,         4,           145,       140,       150,        0.14,      0.12,        0.16,     1.72083,      0.219911
    100,        16,         4,           155,       150,       160,        0.14,      0.12,        0.16,     1.71755,      0.284634
    101,        17,         4,           165,       160,       170,        0.14,      0.12,        0.16,     1.70827,      0.415948
    102,        18,         4,           175,       170,       180,        0.14,      0.12,        0.16,     1.73457,      0.722579
    103,        19,         4,           185,       180,       190,        0.14,      0.12,        0.16,           0,             0
    106,         1,         5,             5,         0,        10,        0.18,      0.16,         0.2,     1.79157,      0.272737
    107,         2,         5,            15,        10,        20,        0.18,      0.16,         0.2,     1.77726,      0.144944
    108,         3,         5,            25,        20,        30,        0.18,      0.16,         0.2,     1.77227,       0.09629
    109,         4,         5,            35,        30,        40,        0.18,      0.16,         0.2,     1.75314,     0.0650346
    110,         5,         5,            45,        40,        50,        0.18,      0.16,         0.2,     1.72078,     0.0446279
    111,         6,         5,            55,        50,        60,        0.18,      0.16,         0.2,     1.66073,     0.0317494
    112,         7,         5,            65,        60,        70,        0.18,      0.16,         0.2,     1.60446,      0.026495
    113,         8,         5,            75,        70,        80,        0.18,      0.16,         0.2,     1.62937,     0.0309153
    114,         9,         5,            85,        80,        90,        0.18,      0.16,         0.2,     1.71911,     0.0426079
    115,        10,         5,            95,        90,       100,        0.18,      0.16,         0.2,     1.76968,     0.0514229
    116,        11,         5,           105,       100,       110,        0.18,      0.16,         0.2,     1.79233,     0.0552663
    117,        12,         5,           115,       110,       120,        0.18,      0.16,         0.2,     1.79615,     0.0605946
    118,        13,         5,           125,       120,       130,        0.18,      0.16,         0.2,     1.77726,     0.0943538
    119,        14,         5,           135,       130,       140,        0.18,      0.16,         0.2,     1.76623,      0.155234
    120,        15,         5,           145,       140,       150,        0.18,      0.16,         0.2,     1.74896,      0.245454
    121,        16,         5,           155,       150,       160,        0.18,      0.16,         0.2,     1.73373,      0.361521
    122,        17,         5,           165,       160,       170,        0.18,      0.16,         0.2,     1.72837,       0.61647
    123,        18,         5,           175,       170,       180,        0.18,      0.16,         0.2,     1.70044,       1.76334
    124,        19,         5,           185,       180,       190,        0.18,      0.16,         0.2,           0,             0
    127,         1,         6,             5,         0,        10,        0.22,       0.2,        0.24,     1.80134,      0.212382
    128,         2,         6,            15,        10,        20,        0.22,       0.2,        0.24,     1.78779,      0.108094
    129,         3,         6,            25,        20,        30,        0.22,       0.2,        0.24,     1.76642,     0.0725049
    130,         4,         6,            35,        30,        40,        0.22,       0.2,        0.24,      1.7426,     0.0467411
    131,         5,         6,            45,        40,        50,        0.22,       0.2,        0.24,     1.68581,     0.0327446
    132,         6,         6,            55,        50,        60,        0.22,       0.2,        0.24,     1.61412,     0.0248365
    133,         7,         6,            65,        60,        70,        0.22,       0.2,        0.24,     1.59709,     0.0256251
    134,         8,         6,            75,        70,        80,        0.22,       0.2,        0.24,     1.67075,     0.0327705
    135,         9,         6,            85,        80,        90,        0.22,       0.2,        0.24,     1.75126,     0.0440546
    136,        10,         6,            95,        90,       100,        0.22,       0.2,        0.24,     1.79057,     0.0577545
    137,        11,         6,           105,       100,       110,        0.22,       0.2,        0.24,     1.80825,     0.0646284
    138,        12,         6,           115,       110,       120,        0.22,       0.2,        0.24,     1.81559,     0.0678733
    139,        13,         6,           125,       120,       130,        0.22,       0.2,        0.24,     1.80813,      0.103488
    140,        14,         6,           135,       130,       140,        0.22,       0.2,        0.24,     1.78274,      0.181648
    141,        15,         6,           145,       140,       150,        0.22,       0.2,        0.24,     1.76253,      0.349483
    142,        16,         6,           155,       150,       160,        0.22,       0.2,        0.24,     1.71708,      0.872568
    143,        17,         6,           165,       160,       170,        0.22,       0.2,        0.24,     1.73188,      0.895249
    144,        18,         6,           175,       170,       180,        0.22,       0.2,        0.24,     1.69512,        1.2428
    145,        19,         6,           185,       180,       190,        0.22,       0.2,        0.24,           0,             0
    148,         1,         7,             5,         0,        10,        0.26,      0.24,        0.28,     1.81321,      0.189505
    149,         2,         7,            15,        10,        20,        0.26,      0.24,        0.28,      1.7946,     0.0949683
    150,         3,         7,            25,        20,        30,        0.26,      0.24,        0.28,     1.76429,     0.0560457
    151,         4,         7,            35,        30,        40,        0.26,      0.24,        0.28,     1.71924,     0.0361801
    152,         5,         7,            45,        40,        50,        0.26,      0.24,        0.28,     1.64348,     0.0256194
    153,         6,         7,            55,        50,        60,        0.26,      0.24,        0.28,     1.59824,     0.0233821
    154,         7,         7,            65,        60,        70,        0.26,      0.24,        0.28,     1.62787,     0.0262755
    155,         8,         7,            75,        70,        80,        0.26,      0.24,        0.28,     1.70725,     0.0335496
    156,         9,         7,            85,        80,        90,        0.26,      0.24,        0.28,      1.7808,     0.0464427
    157,        10,         7,            95,        90,       100,        0.26,      0.24,        0.28,     1.80873,     0.0627667
    158,        11,         7,           105,       100,       110,        0.26,      0.24,        0.28,     1.82434,     0.0759864
    159,        12,         7,           115,       110,       120,        0.26,      0.24,        0.28,     1.83196,      0.082438
    160,        13,         7,           125,       120,       130,        0.26,      0.24,        0.28,     1.82942,      0.129011
    161,        14,         7,           135,       130,       140,        0.26,      0.24,        0.28,     1.80355,      0.282257
    162,        15,         7,           145,       140,       150,        0.26,      0.24,        0.28,     1.74674,      0.704822
    163,        16,         7,           155,       150,       160,        0.26,      0.24,        0.28,     1.72877,       1.02067
    164,        17,         7,           165,       160,       170,        0.26,      0.24,        0.28,     1.70638,       1.01993
    165,        18,         7,           175,       170,       180,        0.26,      0.24,        0.28,           0,             0
    166,        19,         7,           185,       180,       190,        0.26,      0.24,        0.28,           0,             0
    169,         1,         8,             5,         0,        10,         0.3,      0.28,        0.32,     1.80752,      0.183721
    170,         2,         8,            15,        10,        20,         0.3,      0.28,        0.32,     1.78954,     0.0823303
    171,         3,         8,            25,        20,        30,         0.3,      0.28,        0.32,     1.75144,     0.0476813
    172,         4,         8,            35,        30,        40,         0.3,      0.28,        0.32,     1.68722,     0.0301866
    173,         5,         8,            45,        40,        50,         0.3,      0.28,        0.32,     1.61011,     0.0232178
    174,         6,         8,            55,        50,        60,         0.3,      0.28,        0.32,     1.61397,     0.0243839
    175,         7,         8,            65,        60,        70,         0.3,      0.28,        0.32,     1.65293,     0.0265434
    176,         8,         8,            75,        70,        80,         0.3,      0.28,        0.32,     1.74151,     0.0362594
    177,         9,         8,            85,        80,        90,         0.3,      0.28,        0.32,      1.8058,     0.0503424
    178,        10,         8,            95,        90,       100,         0.3,      0.28,        0.32,     1.82768,     0.0693959
    179,        11,         8,           105,       100,       110,         0.3,      0.28,        0.32,      1.8401,     0.0900734
    180,        12,         8,           115,       110,       120,         0.3,      0.28,        0.32,     1.84464,      0.116086
    181,        13,         8,           125,       120,       130,         0.3,      0.28,        0.32,     1.83958,      0.241326
    182,        14,         8,           135,       130,       140,         0.3,      0.28,        0.32,     1.79862,      0.919301
    183,        15,         8,           145,       140,       150,         0.3,      0.28,        0.32,     1.72069,       2.43342
    184,        16,         8,           155,       150,       160,         0.3,      0.28,        0.32,           0,             0
    185,        17,         8,           165,       160,       170,         0.3,      0.28,        0.32,     1.68797,       2.38715
    186,        18,         8,           175,       170,       180,         0.3,      0.28,        0.32,           0,             0
    187,        19,         8,           185,       180,       190,         0.3,      0.28,        0.32,           0,             0
    190,         1,         9,             5,         0,        10,        0.34,      0.32,        0.36,     1.82151,      0.169736
    191,         2,         9,            15,        10,        20,        0.34,      0.32,        0.36,     1.79591,     0.0832619
    192,         3,         9,            25,        20,        30,        0.34,      0.32,        0.36,     1.73594,     0.0456296
    193,         4,         9,            35,        30,        40,        0.34,      0.32,        0.36,     1.65526,     0.0278404
    194,         5,         9,            45,        40,        50,        0.34,      0.32,        0.36,     1.61107,     0.0236576
    195,         6,         9,            55,        50,        60,        0.34,      0.32,        0.36,     1.63719,     0.0256834
    196,         7,         9,            65,        60,        70,        0.34,      0.32,        0.36,       1.679,     0.0285117
    197,         8,         9,            75,        70,        80,        0.34,      0.32,        0.36,     1.77185,     0.0416557
    198,         9,         9,            85,        80,        90,        0.34,      0.32,        0.36,     1.82973,     0.0575525
    199,        10,         9,            95,        90,       100,        0.34,      0.32,        0.36,     1.84967,     0.0852469
    200,        11,         9,           105,       100,       110,        0.34,      0.32,        0.36,     1.85645,      0.109539
    201,        12,         9,           115,       110,       120,        0.34,      0.32,        0.36,     1.86616,      0.196238
    202,        13,         9,           125,       120,       130,        0.34,      0.32,        0.36,     1.84233,       1.08561
    203,        14,         9,           135,       130,       140,        0.34,      0.32,        0.36,           0,             0
    204,        15,         9,           145,       140,       150,        0.34,      0.32,        0.36,     1.71141,        2.4203
    205,        16,         9,           155,       150,       160,        0.34,      0.32,        0.36,           0,             0
    206,        17,         9,           165,       160,       170,        0.34,      0.32,        0.36,           0,             0
    207,        18,         9,           175,       170,       180,        0.34,      0.32,        0.36,           0,             0
    208,        19,         9,           185,       180,       190,        0.34,      0.32,        0.36,           0,             0
    211,         1,        10,             5,         0,        10,        0.38,      0.36,         0.4,     1.84462,      0.200256
    212,         2,        10,            15,        10,        20,        0.38,      0.36,         0.4,     1.80102,     0.0877927
    213,         3,        10,            25,        20,        30,        0.38,      0.36,         0.4,     1.72328,     0.0434871
    214,         4,        10,            35,        30,        40,        0.38,      0.36,         0.4,     1.64007,     0.0266881
    215,         5,        10,            45,        40,        50,        0.38,      0.36,         0.4,     1.63113,     0.0269739
    216,         6,        10,            55,        50,        60,        0.38,      0.36,         0.4,     1.65547,     0.0271534
    217,         7,        10,            65,        60,        70,        0.38,      0.36,         0.4,      1.7167,     0.0344291
    218,         8,        10,            75,        70,        80,        0.38,      0.36,         0.4,     1.80663,     0.0491078
    219,         9,        10,            85,        80,        90,        0.38,      0.36,         0.4,     1.85348,     0.0674692
    220,        10,        10,            95,        90,       100,        0.38,      0.36,         0.4,     1.86963,      0.108377
    221,        11,        10,           105,       100,       110,        0.38,      0.36,         0.4,     1.88529,      0.175943
    222,        12,        10,           115,       110,       120,        0.38,      0.36,         0.4,      1.8948,      0.574514
    223,        13,        10,           125,       120,       130,        0.38,      0.36,         0.4,           0,             0
    224,        14,        10,           135,       130,       140,        0.38,      0.36,         0.4,           0,             0
    225,        15,        10,           145,       140,       150,        0.38,      0.36,         0.4,           0,             0
    226,        16,        10,           155,       150,       160,        0.38,      0.36,         0.4,           0,             0
    227,        17,        10,           165,       160,       170,        0.38,      0.36,         0.4,           0,             0
    228,        18,        10,           175,       170,       180,        0.38,      0.36,         0.4,           0,             0
    229,        19,        10,           185,       180,       190,        0.38,      0.36,         0.4,           0,             0
    232,         1,        11,             5,         0,        10,        0.42,       0.4,        0.44,      1.8674,      0.232791
    233,         2,        11,            15,        10,        20,        0.42,       0.4,        0.44,     1.80708,     0.0931781
    234,         3,        11,            25,        20,        30,        0.42,       0.4,        0.44,     1.70252,     0.0421369
    235,         4,        11,            35,        30,        40,        0.42,       0.4,        0.44,     1.64353,     0.0278424
    236,         5,        11,            45,        40,        50,        0.42,       0.4,        0.44,     1.65663,     0.0301862
    237,         6,        11,            55,        50,        60,        0.42,       0.4,        0.44,     1.67973,     0.0299654
    238,         7,        11,            65,        60,        70,        0.42,       0.4,        0.44,     1.76729,     0.0431788
    239,         8,        11,            75,        70,        80,        0.42,       0.4,        0.44,     1.84377,     0.0597658
    240,         9,        11,            85,        80,        90,        0.42,       0.4,        0.44,     1.88308,     0.0857244
    241,        10,        11,            95,        90,       100,        0.42,       0.4,        0.44,     1.89793,      0.157895
    242,        11,        11,           105,       100,       110,        0.42,       0.4,        0.44,     1.91239,      0.414457
    243,        12,        11,           115,       110,       120,        0.42,       0.4,        0.44,           0,             0
    244,        13,        11,           125,       120,       130,        0.42,       0.4,        0.44,           0,             0
    245,        14,        11,           135,       130,       140,        0.42,       0.4,        0.44,           0,             0
    246,        15,        11,           145,       140,       150,        0.42,       0.4,        0.44,           0,             0
    247,        16,        11,           155,       150,       160,        0.42,       0.4,        0.44,           0,             0
    248,        17,        11,           165,       160,       170,        0.42,       0.4,        0.44,           0,             0
    249,        18,        11,           175,       170,       180,        0.42,       0.4,        0.44,           0,             0
    250,        19,        11,           185,       180,       190,        0.42,       0.4,        0.44,           0,             0
    253,         1,        12,             5,         0,        10,        0.46,      0.44,        0.48,      1.8788,       0.38558
    254,         2,        12,            15,        10,        20,        0.46,      0.44,        0.48,     1.80299,      0.101895
    255,         3,        12,            25,        20,        30,        0.46,      0.44,        0.48,     1.69451,     0.0393787
    256,         4,        12,            35,        30,        40,        0.46,      0.44,        0.48,     1.65884,     0.0306929
    257,         5,        12,            45,        40,        50,        0.46,      0.44,        0.48,     1.67456,     0.0325045
    258,         6,        12,            55,        50,        60,        0.46,      0.44,        0.48,     1.71564,     0.0367984
    259,         7,        12,            65,        60,        70,        0.46,      0.44,        0.48,      1.8114,     0.0562481
    260,         8,        12,            75,        70,        80,        0.46,      0.44,        0.48,     1.87866,     0.0739211
    261,         9,        12,            85,        80,        90,        0.46,      0.44,        0.48,     1.91126,       0.11634
    262,        10,        12,            95,        90,       100,        0.46,      0.44,        0.48,     1.92855,      0.292115
    263,        11,        12,           105,       100,       110,        0.46,      0.44,        0.48,     1.93268,       2.73322
    264,        12,        12,           115,       110,       120,        0.46,      0.44,        0.48,           0,             0
    265,        13,        12,           125,       120,       130,        0.46,      0.44,        0.48,           0,             0
    266,        14,        12,           135,       130,       140,        0.46,      0.44,        0.48,           0,             0
    267,        15,        12,           145,       140,       150,        0.46,      0.44,        0.48,           0,             0
    268,        16,        12,           155,       150,       160,        0.46,      0.44,        0.48,           0,             0
    269,        17,        12,           165,       160,       170,        0.46,      0.44,        0.48,           0,             0
    270,        18,        12,           175,       170,       180,        0.46,      0.44,        0.48,           0,             0
    271,        19,        12,           185,       180,       190,        0.46,      0.44,        0.48,           0,             0
    274,         1,        13,             5,         0,        10,         0.5,      0.48,        0.52,     1.87406,      0.942523
    275,         2,        13,            15,        10,        20,         0.5,      0.48,        0.52,     1.79239,      0.113766
    276,         3,        13,            25,        20,        30,         0.5,      0.48,        0.52,     1.68383,     0.0389807
    277,         4,        13,            35,        30,        40,         0.5,      0.48,        0.52,     1.67231,     0.0339995
    278,         5,        13,            45,        40,        50,         0.5,      0.48,        0.52,     1.69795,     0.0348303
    279,         6,        13,            55,        50,        60,         0.5,      0.48,        0.52,     1.76558,      0.050836
    280,         7,        13,            65,        60,        70,         0.5,      0.48,        0.52,     1.85725,     0.0750233
    281,         8,        13,            75,        70,        80,         0.5,      0.48,        0.52,     1.91054,     0.0994732
    282,         9,        13,            85,        80,        90,         0.5,      0.48,        0.52,     1.94289,      0.192813
    283,        10,        13,            95,        90,       100,         0.5,      0.48,        0.52,     1.94989,       1.04428
    284,        11,        13,           105,       100,       110,         0.5,      0.48,        0.52,           0,             0
    285,        12,        13,           115,       110,       120,         0.5,      0.48,        0.52,           0,             0
    286,        13,        13,           125,       120,       130,         0.5,      0.48,        0.52,           0,             0
    287,        14,        13,           135,       130,       140,         0.5,      0.48,        0.52,           0,             0
    288,        15,        13,           145,       140,       150,         0.5,      0.48,        0.52,           0,             0
    289,        16,        13,           155,       150,       160,         0.5,      0.48,        0.52,           0,             0
    290,        17,        13,           165,       160,       170,         0.5,      0.48,        0.52,           0,             0
    291,        18,        13,           175,       170,       180,         0.5,      0.48,        0.52,           0,             0
    292,        19,        13,           185,       180,       190,         0.5,      0.48,        0.52,           0,             0
    295,         1,        14,             5,         0,        10,        0.54,      0.52,        0.56,           0,             0
    296,         2,        14,            15,        10,        20,        0.54,      0.52,        0.56,     1.76704,       0.13404
    297,         3,        14,            25,        20,        30,        0.54,      0.52,        0.56,     1.67938,     0.0400129
    298,         4,        14,            35,        30,        40,        0.54,      0.52,        0.56,      1.6938,     0.0375131
    299,         5,        14,            45,        40,        50,        0.54,      0.52,        0.56,     1.72169,     0.0423483
    300,         6,        14,            55,        50,        60,        0.54,      0.52,        0.56,     1.82423,     0.0806091
    301,         7,        14,            65,        60,        70,        0.54,      0.52,        0.56,     1.90038,      0.115417
    302,         8,        14,            75,        70,        80,        0.54,      0.52,        0.56,     1.94749,      0.147993
    303,         9,        14,            85,        80,        90,        0.54,      0.52,        0.56,     1.97099,      0.467204
    304,        10,        14,            95,        90,       100,        0.54,      0.52,        0.56,           0,             0
    305,        11,        14,           105,       100,       110,        0.54,      0.52,        0.56,           0,             0
    306,        12,        14,           115,       110,       120,        0.54,      0.52,        0.56,           0,             0
    307,        13,        14,           125,       120,       130,        0.54,      0.52,        0.56,           0,             0
    308,        14,        14,           135,       130,       140,        0.54,      0.52,        0.56,           0,             0
    309,        15,        14,           145,       140,       150,        0.54,      0.52,        0.56,           0,             0
    310,        16,        14,           155,       150,       160,        0.54,      0.52,        0.56,           0,             0
    311,        17,        14,           165,       160,       170,        0.54,      0.52,        0.56,           0,             0
    312,        18,        14,           175,       170,       180,        0.54,      0.52,        0.56,           0,             0
    313,        19,        14,           185,       180,       190,        0.54,      0.52,        0.56,           0,             0
    316,         1,        15,             5,         0,        10,        0.58,      0.56,         0.6,           0,             0
    317,         2,        15,            15,        10,        20,        0.58,      0.56,         0.6,     1.71752,      0.149388
    318,         3,        15,            25,        20,        30,        0.58,      0.56,         0.6,     1.68007,     0.0441657
    319,         4,        15,            35,        30,        40,        0.58,      0.56,         0.6,     1.71245,     0.0431855
    320,         5,        15,            45,        40,        50,        0.58,      0.56,         0.6,     1.76573,     0.0682026
    321,         6,        15,            55,        50,        60,        0.58,      0.56,         0.6,     1.89789,      0.144141
    322,         7,        15,            65,        60,        70,        0.58,      0.56,         0.6,     1.94304,      0.166901
    323,         8,        15,            75,        70,        80,        0.58,      0.56,         0.6,     1.97768,      0.270583
    324,         9,        15,            85,        80,        90,        0.58,      0.56,         0.6,     2.00321,       2.83297
    325,        10,        15,            95,        90,       100,        0.58,      0.56,         0.6,           0,             0
    326,        11,        15,           105,       100,       110,        0.58,      0.56,         0.6,           0,             0
    327,        12,        15,           115,       110,       120,        0.58,      0.56,         0.6,           0,             0
    328,        13,        15,           125,       120,       130,        0.58,      0.56,         0.6,           0,             0
    329,        14,        15,           135,       130,       140,        0.58,      0.56,         0.6,           0,             0
    330,        15,        15,           145,       140,       150,        0.58,      0.56,         0.6,           0,             0
    331,        16,        15,           155,       150,       160,        0.58,      0.56,         0.6,           0,             0
    332,        17,        15,           165,       160,       170,        0.58,      0.56,         0.6,           0,             0
    333,        18,        15,           175,       170,       180,        0.58,      0.56,         0.6,           0,             0
    334,        19,        15,           185,       180,       190,        0.58,      0.56,         0.6,           0,             0
    337,         1,        16,             5,         0,        10,        0.62,       0.6,        0.64,           0,             0
    338,         2,        16,            15,        10,        20,        0.62,       0.6,        0.64,     1.68398,      0.155725
    339,         3,        16,            25,        20,        30,        0.62,       0.6,        0.64,     1.69105,     0.0553798
    340,         4,        16,            35,        30,        40,        0.62,       0.6,        0.64,     1.72248,     0.0582827
    341,         5,        16,            45,        40,        50,        0.62,       0.6,        0.64,     1.88129,      0.258271
    342,         6,        16,            55,        50,        60,        0.62,       0.6,        0.64,     1.97646,      0.428256
    343,         7,        16,            65,        60,        70,        0.62,       0.6,        0.64,     1.98168,       0.42068
    344,         8,        16,            75,        70,        80,        0.62,       0.6,        0.64,     2.01328,      0.714408
    345,         9,        16,            85,        80,        90,        0.62,       0.6,        0.64,           0,             0
    346,        10,        16,            95,        90,       100,        0.62,       0.6,        0.64,           0,             0
    347,        11,        16,           105,       100,       110,        0.62,       0.6,        0.64,           0,             0
    348,        12,        16,           115,       110,       120,        0.62,       0.6,        0.64,           0,             0
    349,        13,        16,           125,       120,       130,        0.62,       0.6,        0.64,           0,             0
    350,        14,        16,           135,       130,       140,        0.62,       0.6,        0.64,           0,             0
    351,        15,        16,           145,       140,       150,        0.62,       0.6,        0.64,           0,             0
    352,        16,        16,           155,       150,       160,        0.62,       0.6,        0.64,           0,             0
    353,        17,        16,           165,       160,       170,        0.62,       0.6,        0.64,           0,             0
    354,        18,        16,           175,       170,       180,        0.62,       0.6,        0.64,           0,             0
    355,        19,        16,           185,       180,       190,        0.62,       0.6,        0.64,           0,             0
    358,         1,        17,             5,         0,        10,        0.66,      0.64,        0.68,           0,             0
    359,         2,        17,            15,        10,        20,        0.66,      0.64,        0.68,     1.67812,      0.217063
    360,         3,        17,            25,        20,        30,        0.66,      0.64,        0.68,     1.69696,     0.0718526
    361,         4,        17,            35,        30,        40,        0.66,      0.64,        0.68,     1.68971,      0.112733
    362,         5,        17,            45,        40,        50,        0.66,      0.64,        0.68,           0,             0
    363,         6,        17,            55,        50,        60,        0.66,      0.64,        0.68,     2.03045,       2.87149
    364,         7,        17,            65,        60,        70,        0.66,      0.64,        0.68,     2.03681,       2.88049
    365,         8,        17,            75,        70,        80,        0.66,      0.64,        0.68,           0,             0
    366,         9,        17,            85,        80,        90,        0.66,      0.64,        0.68,           0,             0
    367,        10,        17,            95,        90,       100,        0.66,      0.64,        0.68,           0,             0
    368,        11,        17,           105,       100,       110,        0.66,      0.64,        0.68,           0,             0
    369,        12,        17,           115,       110,       120,        0.66,      0.64,        0.68,           0,             0
    370,        13,        17,           125,       120,       130,        0.66,      0.64,        0.68,           0,             0
    371,        14,        17,           135,       130,       140,        0.66,      0.64,        0.68,           0,             0
    372,        15,        17,           145,       140,       150,        0.66,      0.64,        0.68,           0,             0
    373,        16,        17,           155,       150,       160,        0.66,      0.64,        0.68,           0,             0
    374,        17,        17,           165,       160,       170,        0.66,      0.64,        0.68,           0,             0
    375,        18,        17,           175,       170,       180,        0.66,      0.64,        0.68,           0,             0
    376,        19,        17,           185,       180,       190,        0.66,      0.64,        0.68,           0,             0
    379,         1,        18,             5,         0,        10,         0.7,      0.68,        0.72,           0,             0
    380,         2,        18,            15,        10,        20,         0.7,      0.68,        0.72,     1.67893,      0.334046
    381,         3,        18,            25,        20,        30,         0.7,      0.68,        0.72,     1.69392,       0.11343
    382,         4,        18,            35,        30,        40,         0.7,      0.68,        0.72,     1.66031,       0.35698
    383,         5,        18,            45,        40,        50,         0.7,      0.68,        0.72,           0,             0
    384,         6,        18,            55,        50,        60,         0.7,      0.68,        0.72,           0,             0
    385,         7,        18,            65,        60,        70,         0.7,      0.68,        0.72,           0,             0
    386,         8,        18,            75,        70,        80,         0.7,      0.68,        0.72,           0,             0
    387,         9,        18,            85,        80,        90,         0.7,      0.68,        0.72,           0,             0
    388,        10,        18,            95,        90,       100,         0.7,      0.68,        0.72,           0,             0
    389,        11,        18,           105,       100,       110,         0.7,      0.68,        0.72,           0,             0
    390,        12,        18,           115,       110,       120,         0.7,      0.68,        0.72,           0,             0
    391,        13,        18,           125,       120,       130,         0.7,      0.68,        0.72,           0,             0
    392,        14,        18,           135,       130,       140,         0.7,      0.68,        0.72,           0,             0
    393,        15,        18,           145,       140,       150,         0.7,      0.68,        0.72,           0,             0
    394,        16,        18,           155,       150,       160,         0.7,      0.68,        0.72,           0,             0
    395,        17,        18,           165,       160,       170,         0.7,      0.68,        0.72,           0,             0
    396,        18,        18,           175,       170,       180,         0.7,      0.68,        0.72,           0,             0
    397,        19,        18,           185,       180,       190,         0.7,      0.68,        0.72,           0,             0
    400,         1,        19,             5,         0,        10,        0.74,      0.72,        0.76,           0,             0
    401,         2,        19,            15,        10,        20,        0.74,      0.72,        0.76,     1.68139,      0.647906
    402,         3,        19,            25,        20,        30,        0.74,      0.72,        0.76,     1.69337,      0.243323
    403,         4,        19,            35,        30,        40,        0.74,      0.72,        0.76,           0,             0
    404,         5,        19,            45,        40,        50,        0.74,      0.72,        0.76,           0,             0
    405,         6,        19,            55,        50,        60,        0.74,      0.72,        0.76,           0,             0
    406,         7,        19,            65,        60,        70,        0.74,      0.72,        0.76,           0,             0
    407,         8,        19,            75,        70,        80,        0.74,      0.72,        0.76,           0,             0
    408,         9,        19,            85,        80,        90,        0.74,      0.72,        0.76,           0,             0
    409,        10,        19,            95,        90,       100,        0.74,      0.72,        0.76,           0,             0
    410,        11,        19,           105,       100,       110,        0.74,      0.72,        0.76,           0,             0
    411,        12,        19,           115,       110,       120,        0.74,      0.72,        0.76,           0,             0
    412,        13,        19,           125,       120,       130,        0.74,      0.72,        0.76,           0,             0
    413,        14,        19,           135,       130,       140,        0.74,      0.72,        0.76,           0,             0
    414,        15,        19,           145,       140,       150,        0.74,      0.72,        0.76,           0,             0
    415,        16,        19,           155,       150,       160,        0.74,      0.72,        0.76,           0,             0
    416,        17,        19,           165,       160,       170,        0.74,      0.72,        0.76,           0,             0
    417,        18,        19,           175,       170,       180,        0.74,      0.72,        0.76,           0,             0
    418,        19,        19,           185,       180,       190,        0.74,      0.72,        0.76,           0,             0
    421,         1,        20,             5,         0,        10,        0.78,      0.76,         0.8,           0,             0
    422,         2,        20,            15,        10,        20,        0.78,      0.76,         0.8,           0,             0
    423,         3,        20,            25,        20,        30,        0.78,      0.76,         0.8,     1.68558,        1.0721
    424,         4,        20,            35,        30,        40,        0.78,      0.76,         0.8,           0,             0
    425,         5,        20,            45,        40,        50,        0.78,      0.76,         0.8,           0,             0
    426,         6,        20,            55,        50,        60,        0.78,      0.76,         0.8,           0,             0
    427,         7,        20,            65,        60,        70,        0.78,      0.76,         0.8,           0,             0
    428,         8,        20,            75,        70,        80,        0.78,      0.76,         0.8,           0,             0
    429,         9,        20,            85,        80,        90,        0.78,      0.76,         0.8,           0,             0
    430,        10,        20,            95,        90,       100,        0.78,      0.76,         0.8,           0,             0
    431,        11,        20,           105,       100,       110,        0.78,      0.76,         0.8,           0,             0
    432,        12,        20,           115,       110,       120,        0.78,      0.76,         0.8,           0,             0
    433,        13,        20,           125,       120,       130,        0.78,      0.76,         0.8,           0,             0
    434,        14,        20,           135,       130,       140,        0.78,      0.76,         0.8,           0,             0
    435,        15,        20,           145,       140,       150,        0.78,      0.76,         0.8,           0,             0
    436,        16,        20,           155,       150,       160,        0.78,      0.76,         0.8,           0,             0
    437,        17,        20,           165,       160,       170,        0.78,      0.76,         0.8,           0,             0
    438,        18,        20,           175,       170,       180,        0.78,      0.76,         0.8,           0,             0
    439,        19,        20,           185,       180,       190,        0.78,      0.76,         0.8,           0,             0
    442,         1,        21,             5,         0,        10,        0.82,       0.8,        0.84,           0,             0
    443,         2,        21,            15,        10,        20,        0.82,       0.8,        0.84,           0,             0
    444,         3,        21,            25,        20,        30,        0.82,       0.8,        0.84,           0,             0
    445,         4,        21,            35,        30,        40,        0.82,       0.8,        0.84,           0,             0
    446,         5,        21,            45,        40,        50,        0.82,       0.8,        0.84,           0,             0
    447,         6,        21,            55,        50,        60,        0.82,       0.8,        0.84,           0,             0
    448,         7,        21,            65,        60,        70,        0.82,       0.8,        0.84,           0,             0
    449,         8,        21,            75,        70,        80,        0.82,       0.8,        0.84,           0,             0
    450,         9,        21,            85,        80,        90,        0.82,       0.8,        0.84,           0,             0
    451,        10,        21,            95,        90,       100,        0.82,       0.8,        0.84,           0,             0
    452,        11,        21,           105,       100,       110,        0.82,       0.8,        0.84,           0,             0
    453,        12,        21,           115,       110,       120,        0.82,       0.8,        0.84,           0,             0
    454,        13,        21,           125,       120,       130,        0.82,       0.8,        0.84,           0,             0
    455,        14,        21,           135,       130,       140,        0.82,       0.8,        0.84,           0,             0
    456,        15,        21,           145,       140,       150,        0.82,       0.8,        0.84,           0,             0
    457,        16,        21,           155,       150,       160,        0.82,       0.8,        0.84,           0,             0
    458,        17,        21,           165,       160,       170,        0.82,       0.8,        0.84,           0,             0
    459,        18,        21,           175,       170,       180,        0.82,       0.8,        0.84,           0,             0
    460,        19,        21,           185,       180,       190,        0.82,       0.8,        0.84,           0,             0
    463,         1,        22,             5,         0,        10,        0.86,      0.84,        0.88,           0,             0
    464,         2,        22,            15,        10,        20,        0.86,      0.84,        0.88,           0,             0
    465,         3,        22,            25,        20,        30,        0.86,      0.84,        0.88,           0,             0
    466,         4,        22,            35,        30,        40,        0.86,      0.84,        0.88,           0,             0
    467,         5,        22,            45,        40,        50,        0.86,      0.84,        0.88,           0,             0
    468,         6,        22,            55,        50,        60,        0.86,      0.84,        0.88,           0,             0
    469,         7,        22,            65,        60,        70,        0.86,      0.84,        0.88,           0,             0
    470,         8,        22,            75,        70,        80,        0.86,      0.84,        0.88,           0,             0
    471,         9,        22,            85,        80,        90,        0.86,      0.84,        0.88,           0,             0
    472,        10,        22,            95,        90,       100,        0.86,      0.84,        0.88,           0,             0
    473,        11,        22,           105,       100,       110,        0.86,      0.84,        0.88,           0,             0
    474,        12,        22,           115,       110,       120,        0.86,      0.84,        0.88,           0,             0
    475,        13,        22,           125,       120,       130,        0.86,      0.84,        0.88,           0,             0
    476,        14,        22,           135,       130,       140,        0.86,      0.84,        0.88,           0,             0
    477,        15,        22,           145,       140,       150,        0.86,      0.84,        0.88,           0,             0
    478,        16,        22,           155,       150,       160,        0.86,      0.84,        0.88,           0,             0
    479,        17,        22,           165,       160,       170,        0.86,      0.84,        0.88,           0,             0
    480,        18,        22,           175,       170,       180,        0.86,      0.84,        0.88,           0,             0
    481,        19,        22,           185,       180,       190,        0.86,      0.84,        0.88,           0,             0
    484,         1,        23,             5,         0,        10,         0.9,      0.88,        0.92,           0,             0
    485,         2,        23,            15,        10,        20,         0.9,      0.88,        0.92,           0,             0
    486,         3,        23,            25,        20,        30,         0.9,      0.88,        0.92,           0,             0
    487,         4,        23,            35,        30,        40,         0.9,      0.88,        0.92,           0,             0
    488,         5,        23,            45,        40,        50,         0.9,      0.88,        0.92,           0,             0
    489,         6,        23,            55,        50,        60,         0.9,      0.88,        0.92,           0,             0
    490,         7,        23,            65,        60,        70,         0.9,      0.88,        0.92,           0,             0
    491,         8,        23,            75,        70,        80,         0.9,      0.88,        0.92,           0,             0
    492,         9,        23,            85,        80,        90,         0.9,      0.88,        0.92,           0,             0
    493,        10,        23,            95,        90,       100,         0.9,      0.88,        0.92,           0,             0
    494,        11,        23,           105,       100,       110,         0.9,      0.88,        0.92,           0,             0
    495,        12,        23,           115,       110,       120,         0.9,      0.88,        0.92,           0,             0
    496,        13,        23,           125,       120,       130,         0.9,      0.88,        0.92,           0,             0
    497,        14,        23,           135,       130,       140,         0.9,      0.88,        0.92,           0,             0
    498,        15,        23,           145,       140,       150,         0.9,      0.88,        0.92,           0,             0
    499,        16,        23,           155,       150,       160,         0.9,      0.88,        0.92,           0,             0
    500,        17,        23,           165,       160,       170,         0.9,      0.88,        0.92,           0,             0
    501,        18,        23,           175,       170,       180,         0.9,      0.88,        0.92,           0,             0
    502,        19,        23,           185,       180,       190,         0.9,      0.88,        0.92,           0,             0
    505,         1,        24,             5,         0,        10,        0.94,      0.92,        0.96,           0,             0
    506,         2,        24,            15,        10,        20,        0.94,      0.92,        0.96,           0,             0
    507,         3,        24,            25,        20,        30,        0.94,      0.92,        0.96,           0,             0
    508,         4,        24,            35,        30,        40,        0.94,      0.92,        0.96,           0,             0
    509,         5,        24,            45,        40,        50,        0.94,      0.92,        0.96,           0,             0
    510,         6,        24,            55,        50,        60,        0.94,      0.92,        0.96,           0,             0
    511,         7,        24,            65,        60,        70,        0.94,      0.92,        0.96,           0,             0
    512,         8,        24,            75,        70,        80,        0.94,      0.92,        0.96,           0,             0
    513,         9,        24,            85,        80,        90,        0.94,      0.92,        0.96,           0,             0
    514,        10,        24,            95,        90,       100,        0.94,      0.92,        0.96,           0,             0
    515,        11,        24,           105,       100,       110,        0.94,      0.92,        0.96,           0,             0
    516,        12,        24,           115,       110,       120,        0.94,      0.92,        0.96,           0,             0
    517,        13,        24,           125,       120,       130,        0.94,      0.92,        0.96,           0,             0
    518,        14,        24,           135,       130,       140,        0.94,      0.92,        0.96,           0,             0
    519,        15,        24,           145,       140,       150,        0.94,      0.92,        0.96,           0,             0
    520,        16,        24,           155,       150,       160,        0.94,      0.92,        0.96,           0,             0
    521,        17,        24,           165,       160,       170,        0.94,      0.92,        0.96,           0,             0
    522,        18,        24,           175,       170,       180,        0.94,      0.92,        0.96,           0,             0
    523,        19,        24,           185,       180,       190,        0.94,      0.92,        0.96,           0,             0
    526,         1,        25,             5,         0,        10,        0.98,      0.96,           1,           0,             0
    527,         2,        25,            15,        10,        20,        0.98,      0.96,           1,           0,             0
    528,         3,        25,            25,        20,        30,        0.98,      0.96,           1,           0,             0
    529,         4,        25,            35,        30,        40,        0.98,      0.96,           1,           0,             0
    530,         5,        25,            45,        40,        50,        0.98,      0.96,           1,           0,             0
    531,         6,        25,            55,        50,        60,        0.98,      0.96,           1,           0,             0
    532,         7,        25,            65,        60,        70,        0.98,      0.96,           1,           0,             0
    533,         8,        25,            75,        70,        80,        0.98,      0.96,           1,           0,             0
    534,         9,        25,            85,        80,        90,        0.98,      0.96,           1,           0,             0
    535,        10,        25,            95,        90,       100,        0.98,      0.96,           1,           0,             0
    536,        11,        25,           105,       100,       110,        0.98,      0.96,           1,           0,             0
    537,        12,        25,           115,       110,       120,        0.98,      0.96,           1,           0,             0
    538,        13,        25,           125,       120,       130,        0.98,      0.96,           1,           0,             0
    539,        14,        25,           135,       130,       140,        0.98,      0.96,           1,           0,             0
    540,        15,        25,           145,       140,       150,        0.98,      0.96,           1,           0,             0
    541,        16,        25,           155,       150,       160,        0.98,      0.96,           1,           0,             0
    542,        17,        25,           165,       160,       170,        0.98,      0.96,           1,           0,             0
    543,        18,        25,           175,       170,       180,        0.98,      0.96,           1,           0,             0
    544,        19,        25,           185,       180,       190,        0.98,      0.96,           1,           0,             0
    547,         1,        26,             5,         0,        10,        1.02,         1,        1.04,           0,             0
    548,         2,        26,            15,        10,        20,        1.02,         1,        1.04,           0,             0
    549,         3,        26,            25,        20,        30,        1.02,         1,        1.04,           0,             0
    550,         4,        26,            35,        30,        40,        1.02,         1,        1.04,           0,             0
    551,         5,        26,            45,        40,        50,        1.02,         1,        1.04,           0,             0
    552,         6,        26,            55,        50,        60,        1.02,         1,        1.04,           0,             0
    553,         7,        26,            65,        60,        70,        1.02,         1,        1.04,           0,             0
    554,         8,        26,            75,        70,        80,        1.02,         1,        1.04,           0,             0
    555,         9,        26,            85,        80,        90,        1.02,         1,        1.04,           0,             0
    556,        10,        26,            95,        90,       100,        1.02,         1,        1.04,           0,             0
    557,        11,        26,           105,       100,       110,        1.02,         1,        1.04,           0,             0
    558,        12,        26,           115,       110,       120,        1.02,         1,        1.04,           0,             0
    559,        13,        26,           125,       120,       130,        1.02,         1,        1.04,           0,             0
    560,        14,        26,           135,       130,       140,        1.02,         1,        1.04,           0,             0
    561,        15,        26,           145,       140,       150,        1.02,         1,        1.04,           0,             0
    562,        16,        26,           155,       150,       160,        1.02,         1,        1.04,           0,             0
    563,        17,        26,           165,       160,       170,        1.02,         1,        1.04,           0,             0
    564,        18,        26,           175,       170,       180,        1.02,         1,        1.04,           0,             0
    565,        19,        26,           185,       180,       190,        1.02,         1,        1.04,           0,             0
    568,         1,        27,             5,         0,        10,        1.06,      1.04,        1.08,           0,             0
    569,         2,        27,            15,        10,        20,        1.06,      1.04,        1.08,           0,             0
    570,         3,        27,            25,        20,        30,        1.06,      1.04,        1.08,           0,             0
    571,         4,        27,            35,        30,        40,        1.06,      1.04,        1.08,           0,             0
    572,         5,        27,            45,        40,        50,        1.06,      1.04,        1.08,           0,             0
    573,         6,        27,            55,        50,        60,        1.06,      1.04,        1.08,           0,             0
    574,         7,        27,            65,        60,        70,        1.06,      1.04,        1.08,           0,             0
    575,         8,        27,            75,        70,        80,        1.06,      1.04,        1.08,           0,             0
    576,         9,        27,            85,        80,        90,        1.06,      1.04,        1.08,           0,             0
    577,        10,        27,            95,        90,       100,        1.06,      1.04,        1.08,           0,             0
    578,        11,        27,           105,       100,       110,        1.06,      1.04,        1.08,           0,             0
    579,        12,        27,           115,       110,       120,        1.06,      1.04,        1.08,           0,             0
    580,        13,        27,           125,       120,       130,        1.06,      1.04,        1.08,           0,             0
    581,        14,        27,           135,       130,       140,        1.06,      1.04,        1.08,           0,             0
    582,        15,        27,           145,       140,       150,        1.06,      1.04,        1.08,           0,             0
    583,        16,        27,           155,       150,       160,        1.06,      1.04,        1.08,           0,             0
    584,        17,        27,           165,       160,       170,        1.06,      1.04,        1.08,           0,             0
    585,        18,        27,           175,       170,       180,        1.06,      1.04,        1.08,           0,             0
    586,        19,        27,           185,       180,       190,        1.06,      1.04,        1.08,           0,             0
    589,         1,        28,             5,         0,        10,         1.1,      1.08,        1.12,           0,             0
    590,         2,        28,            15,        10,        20,         1.1,      1.08,        1.12,           0,             0
    591,         3,        28,            25,        20,        30,         1.1,      1.08,        1.12,           0,             0
    592,         4,        28,            35,        30,        40,         1.1,      1.08,        1.12,           0,             0
    593,         5,        28,            45,        40,        50,         1.1,      1.08,        1.12,           0,             0
    594,         6,        28,            55,        50,        60,         1.1,      1.08,        1.12,           0,             0
    595,         7,        28,            65,        60,        70,         1.1,      1.08,        1.12,           0,             0
    596,         8,        28,            75,        70,        80,         1.1,      1.08,        1.12,           0,             0
    597,         9,        28,            85,        80,        90,         1.1,      1.08,        1.12,           0,             0
    598,        10,        28,            95,        90,       100,         1.1,      1.08,        1.12,           0,             0
    599,        11,        28,           105,       100,       110,         1.1,      1.08,        1.12,           0,             0
    600,        12,        28,           115,       110,       120,         1.1,      1.08,        1.12,           0,             0
    601,        13,        28,           125,       120,       130,         1.1,      1.08,        1.12,           0,             0
    602,        14,        28,           135,       130,       140,         1.1,      1.08,        1.12,           0,             0
    603,        15,        28,           145,       140,       150,         1.1,      1.08,        1.12,           0,             0
    604,        16,        28,           155,       150,       160,         1.1,      1.08,        1.12,           0,             0
    605,        17,        28,           165,       160,       170,         1.1,      1.08,        1.12,           0,             0
    606,        18,        28,           175,       170,       180,         1.1,      1.08,        1.12,           0,             0
    607,        19,        28,           185,       180,       190,         1.1,      1.08,        1.12,           0,             0
    610,         1,        29,             5,         0,        10,        1.14,      1.12,        1.16,           0,             0
    611,         2,        29,            15,        10,        20,        1.14,      1.12,        1.16,           0,             0
    612,         3,        29,            25,        20,        30,        1.14,      1.12,        1.16,           0,             0
    613,         4,        29,            35,        30,        40,        1.14,      1.12,        1.16,           0,             0
    614,         5,        29,            45,        40,        50,        1.14,      1.12,        1.16,           0,             0
    615,         6,        29,            55,        50,        60,        1.14,      1.12,        1.16,           0,             0
    616,         7,        29,            65,        60,        70,        1.14,      1.12,        1.16,           0,             0
    617,         8,        29,            75,        70,        80,        1.14,      1.12,        1.16,           0,             0
    618,         9,        29,            85,        80,        90,        1.14,      1.12,        1.16,           0,             0
    619,        10,        29,            95,        90,       100,        1.14,      1.12,        1.16,           0,             0
    620,        11,        29,           105,       100,       110,        1.14,      1.12,        1.16,           0,             0
    621,        12,        29,           115,       110,       120,        1.14,      1.12,        1.16,           0,             0
    622,        13,        29,           125,       120,       130,        1.14,      1.12,        1.16,           0,             0
    623,        14,        29,           135,       130,       140,        1.14,      1.12,        1.16,           0,             0
    624,        15,        29,           145,       140,       150,        1.14,      1.12,        1.16,           0,             0
    625,        16,        29,           155,       150,       160,        1.14,      1.12,        1.16,           0,             0
    626,        17,        29,           165,       160,       170,        1.14,      1.12,        1.16,           0,             0
    627,        18,        29,           175,       170,       180,        1.14,      1.12,        1.16,           0,             0
    628,        19,        29,           185,       180,       190,        1.14,      1.12,        1.16,           0,             0
    631,         1,        30,             5,         0,        10,        1.18,      1.16,         1.2,           0,             0
    632,         2,        30,            15,        10,        20,        1.18,      1.16,         1.2,           0,             0
    633,         3,        30,            25,        20,        30,        1.18,      1.16,         1.2,           0,             0
    634,         4,        30,            35,        30,        40,        1.18,      1.16,         1.2,           0,             0
    635,         5,        30,            45,        40,        50,        1.18,      1.16,         1.2,           0,             0
    636,         6,        30,            55,        50,        60,        1.18,      1.16,         1.2,           0,             0
    637,         7,        30,            65,        60,        70,        1.18,      1.16,         1.2,           0,             0
    638,         8,        30,            75,        70,        80,        1.18,      1.16,         1.2,           0,             0
    639,         9,        30,            85,        80,        90,        1.18,      1.16,         1.2,           0,             0
    640,        10,        30,            95,        90,       100,        1.18,      1.16,         1.2,           0,             0
    641,        11,        30,           105,       100,       110,        1.18,      1.16,         1.2,           0,             0
    642,        12,        30,           115,       110,       120,        1.18,      1.16,         1.2,           0,             0
    643,        13,        30,           125,       120,       130,        1.18,      1.16,         1.2,           0,             0
    644,        14,        30,           135,       130,       140,        1.18,      1.16,         1.2,           0,             0
    645,        15,        30,           145,       140,       150,        1.18,      1.16,         1.2,           0,             0
    646,        16,        30,           155,       150,       160,        1.18,      1.16,         1.2,           0,             0
    647,        17,        30,           165,       160,       170,        1.18,      1.16,         1.2,           0,             0
    648,        18,        30,           175,       170,       180,        1.18,      1.16,         1.2,           0,             0
    649,        19,        30,           185,       180,       190,        1.18,      1.16,         1.2,           0,             0
