# 2D Histogram Bin Extraction 
#                   
# histogram parameters:  
# title      : Em_nuc vs. Pm 
# ybins      : 50 
# ylabel     :  
# xbins      : 15 
# xlabel     :  
# ybin_width : 0.005 
# xbin_width : 0.080 
#                   
# header definitions:
# ib:         (x,y)  bin number 
# xb:         x-axis bin number 
# yb:         y-axis bin number 
# x0:         x-axis central bin value 
# xlow:       x-axis low-edge bin value 
# xup:        x-axis up-edge bin value 
# y0:         y-axis central bin value 
# ylow:       y-axis low-edge bin value 
# yup:        y-axis up-edge bin value 
# zcont:      bin content (z-axis) 
# zcont_err:  bin content error (z-axis) 
#                                        
ib,xb,yb,x0,xlow,xup,y0,ylow,yup,zcont,zcont_err
     18,         1,         1,          0.04,         0,      0.08,     -0.0475,     -0.05,      -0.045,           0,             0
     19,         2,         1,          0.12,      0.08,      0.16,     -0.0475,     -0.05,      -0.045,           0,             0
     20,         3,         1,           0.2,      0.16,      0.24,     -0.0475,     -0.05,      -0.045,           0,             0
     21,         4,         1,          0.28,      0.24,      0.32,     -0.0475,     -0.05,      -0.045,           0,             0
     22,         5,         1,          0.36,      0.32,       0.4,     -0.0475,     -0.05,      -0.045,           0,             0
     23,         6,         1,          0.44,       0.4,      0.48,     -0.0475,     -0.05,      -0.045,   0.0750144,     0.0256191
     24,         7,         1,          0.52,      0.48,      0.56,     -0.0475,     -0.05,      -0.045,   0.0491387,    0.00879247
     25,         8,         1,           0.6,      0.56,      0.64,     -0.0475,     -0.05,      -0.045,   0.0210067,    0.00788221
     26,         9,         1,          0.68,      0.64,      0.72,     -0.0475,     -0.05,      -0.045,  0.00889954,    0.00238866
     27,        10,         1,          0.76,      0.72,       0.8,     -0.0475,     -0.05,      -0.045,  0.00209838,   0.000846716
     28,        11,         1,          0.84,       0.8,      0.88,     -0.0475,     -0.05,      -0.045, 0.000455383,   0.000316191
     29,        12,         1,          0.92,      0.88,      0.96,     -0.0475,     -0.05,      -0.045, 0.000441913,   0.000255155
     30,        13,         1,             1,      0.96,      1.04,     -0.0475,     -0.05,      -0.045, 0.000856316,   0.000697177
     31,        14,         1,          1.08,      1.04,      1.12,     -0.0475,     -0.05,      -0.045, 0.000617036,   0.000417124
     32,        15,         1,          1.16,      1.12,       1.2,     -0.0475,     -0.05,      -0.045, 0.000112451,   0.000112451
     35,         1,         2,          0.04,         0,      0.08,     -0.0425,    -0.045,       -0.04,           0,             0
     36,         2,         2,          0.12,      0.08,      0.16,     -0.0425,    -0.045,       -0.04,           0,             0
     37,         3,         2,           0.2,      0.16,      0.24,     -0.0425,    -0.045,       -0.04,           0,             0
     38,         4,         2,          0.28,      0.24,      0.32,     -0.0425,    -0.045,       -0.04,           0,             0
     39,         5,         2,          0.36,      0.32,       0.4,     -0.0425,    -0.045,       -0.04,  0.00214136,    0.00103451
     40,         6,         2,          0.44,       0.4,      0.48,     -0.0425,    -0.045,       -0.04,   0.0996571,      0.022018
     41,         7,         2,          0.52,      0.48,      0.56,     -0.0425,    -0.045,       -0.04,    0.110809,     0.0361321
     42,         8,         2,           0.6,      0.56,      0.64,     -0.0425,    -0.045,       -0.04,    0.025788,    0.00572811
     43,         9,         2,          0.68,      0.64,      0.72,     -0.0425,    -0.045,       -0.04,   0.0103282,    0.00248724
     44,        10,         2,          0.76,      0.72,       0.8,     -0.0425,    -0.045,       -0.04, 0.000642878,   0.000215451
     45,        11,         2,          0.84,       0.8,      0.88,     -0.0425,    -0.045,       -0.04,  0.00015278,   9.20721e-05
     46,        12,         2,          0.92,      0.88,      0.96,     -0.0425,    -0.045,       -0.04,  0.00096414,   0.000438774
     47,        13,         2,             1,      0.96,      1.04,     -0.0425,    -0.045,       -0.04,  0.00401539,    0.00325903
     48,        14,         2,          1.08,      1.04,      1.12,     -0.0425,    -0.045,       -0.04,           0,             0
     49,        15,         2,          1.16,      1.12,       1.2,     -0.0425,    -0.045,       -0.04,  0.00732415,    0.00645488
     52,         1,         3,          0.04,         0,      0.08,     -0.0375,     -0.04,      -0.035,           0,             0
     53,         2,         3,          0.12,      0.08,      0.16,     -0.0375,     -0.04,      -0.035,           0,             0
     54,         3,         3,           0.2,      0.16,      0.24,     -0.0375,     -0.04,      -0.035,           0,             0
     55,         4,         3,          0.28,      0.24,      0.32,     -0.0375,     -0.04,      -0.035,           0,             0
     56,         5,         3,          0.36,      0.32,       0.4,     -0.0375,     -0.04,      -0.035,   0.0223107,     0.0138508
     57,         6,         3,          0.44,       0.4,      0.48,     -0.0375,     -0.04,      -0.035,     0.13037,    0.00435933
     58,         7,         3,          0.52,      0.48,      0.56,     -0.0375,     -0.04,      -0.035,   0.0723145,    0.00648884
     59,         8,         3,           0.6,      0.56,      0.64,     -0.0375,     -0.04,      -0.035,   0.0275263,    0.00747447
     60,         9,         3,          0.68,      0.64,      0.72,     -0.0375,     -0.04,      -0.035,   0.0105753,    0.00404828
     61,        10,         3,          0.76,      0.72,       0.8,     -0.0375,     -0.04,      -0.035,  0.00235499,   0.000615612
     62,        11,         3,          0.84,       0.8,      0.88,     -0.0375,     -0.04,      -0.035, 0.000464123,   0.000190934
     63,        12,         3,          0.92,      0.88,      0.96,     -0.0375,     -0.04,      -0.035, 0.000103388,   7.34605e-05
     64,        13,         3,             1,      0.96,      1.04,     -0.0375,     -0.04,      -0.035, 0.000614386,   0.000467076
     65,        14,         3,          1.08,      1.04,      1.12,     -0.0375,     -0.04,      -0.035,           0,             0
     66,        15,         3,          1.16,      1.12,       1.2,     -0.0375,     -0.04,      -0.035,           0,             0
     69,         1,         4,          0.04,         0,      0.08,     -0.0325,    -0.035,       -0.03,           0,             0
     70,         2,         4,          0.12,      0.08,      0.16,     -0.0325,    -0.035,       -0.03,           0,             0
     71,         3,         4,           0.2,      0.16,      0.24,     -0.0325,    -0.035,       -0.03,           0,             0
     72,         4,         4,          0.28,      0.24,      0.32,     -0.0325,    -0.035,       -0.03,           0,             0
     73,         5,         4,          0.36,      0.32,       0.4,     -0.0325,    -0.035,       -0.03,   0.0205548,    0.00319013
     74,         6,         4,          0.44,       0.4,      0.48,     -0.0325,    -0.035,       -0.03,    0.280304,     0.0142305
     75,         7,         4,          0.52,      0.48,      0.56,     -0.0325,    -0.035,       -0.03,     0.10131,     0.0121298
     76,         8,         4,           0.6,      0.56,      0.64,     -0.0325,    -0.035,       -0.03,   0.0241832,    0.00427798
     77,         9,         4,          0.68,      0.64,      0.72,     -0.0325,    -0.035,       -0.03,  0.00396514,    0.00105381
     78,        10,         4,          0.76,      0.72,       0.8,     -0.0325,    -0.035,       -0.03, 0.000859125,    0.00031506
     79,        11,         4,          0.84,       0.8,      0.88,     -0.0325,    -0.035,       -0.03, 0.000810863,   0.000390808
     80,        12,         4,          0.92,      0.88,      0.96,     -0.0325,    -0.035,       -0.03, 0.000809871,   0.000698863
     81,        13,         4,             1,      0.96,      1.04,     -0.0325,    -0.035,       -0.03, 0.000434302,    0.00027831
     82,        14,         4,          1.08,      1.04,      1.12,     -0.0325,    -0.035,       -0.03,  0.00160955,   0.000868609
     83,        15,         4,          1.16,      1.12,       1.2,     -0.0325,    -0.035,       -0.03, 0.000133819,   0.000133819
     86,         1,         5,          0.04,         0,      0.08,     -0.0275,     -0.03,      -0.025,           0,             0
     87,         2,         5,          0.12,      0.08,      0.16,     -0.0275,     -0.03,      -0.025,           0,             0
     88,         3,         5,           0.2,      0.16,      0.24,     -0.0275,     -0.03,      -0.025,           0,             0
     89,         4,         5,          0.28,      0.24,      0.32,     -0.0275,     -0.03,      -0.025,           0,             0
     90,         5,         5,          0.36,      0.32,       0.4,     -0.0275,     -0.03,      -0.025,   0.0855739,     0.0152613
     91,         6,         5,          0.44,       0.4,      0.48,     -0.0275,     -0.03,      -0.025,     0.48693,     0.0252604
     92,         7,         5,          0.52,      0.48,      0.56,     -0.0275,     -0.03,      -0.025,    0.151059,     0.0275191
     93,         8,         5,           0.6,      0.56,      0.64,     -0.0275,     -0.03,      -0.025,   0.0463208,     0.0121843
     94,         9,         5,          0.68,      0.64,      0.72,     -0.0275,     -0.03,      -0.025,   0.0104523,    0.00374834
     95,        10,         5,          0.76,      0.72,       0.8,     -0.0275,     -0.03,      -0.025,  0.00313465,   0.000920083
     96,        11,         5,          0.84,       0.8,      0.88,     -0.0275,     -0.03,      -0.025,   0.0010099,   0.000444652
     97,        12,         5,          0.92,      0.88,      0.96,     -0.0275,     -0.03,      -0.025,  0.00109275,   0.000614498
     98,        13,         5,             1,      0.96,      1.04,     -0.0275,     -0.03,      -0.025, 0.000698274,   0.000385168
     99,        14,         5,          1.08,      1.04,      1.12,     -0.0275,     -0.03,      -0.025, 0.000346301,   0.000196791
    100,        15,         5,          1.16,      1.12,       1.2,     -0.0275,     -0.03,      -0.025, 0.000207502,   0.000207502
    103,         1,         6,          0.04,         0,      0.08,     -0.0225,    -0.025,       -0.02,           0,             0
    104,         2,         6,          0.12,      0.08,      0.16,     -0.0225,    -0.025,       -0.02,           0,             0
    105,         3,         6,           0.2,      0.16,      0.24,     -0.0225,    -0.025,       -0.02,           0,             0
    106,         4,         6,          0.28,      0.24,      0.32,     -0.0225,    -0.025,       -0.02,  0.00359047,    0.00346434
    107,         5,         6,          0.36,      0.32,       0.4,     -0.0225,    -0.025,       -0.02,    0.239674,     0.0123514
    108,         6,         6,          0.44,       0.4,      0.48,     -0.0225,    -0.025,       -0.02,    0.704237,      0.020556
    109,         7,         6,          0.52,      0.48,      0.56,     -0.0225,    -0.025,       -0.02,    0.196519,     0.0270567
    110,         8,         6,           0.6,      0.56,      0.64,     -0.0225,    -0.025,       -0.02,    0.026346,    0.00652914
    111,         9,         6,          0.68,      0.64,      0.72,     -0.0225,    -0.025,       -0.02,   0.0110047,    0.00227989
    112,        10,         6,          0.76,      0.72,       0.8,     -0.0225,    -0.025,       -0.02,  0.00290078,   0.000884828
    113,        11,         6,          0.84,       0.8,      0.88,     -0.0225,    -0.025,       -0.02,  0.00046915,    0.00021798
    114,        12,         6,          0.92,      0.88,      0.96,     -0.0225,    -0.025,       -0.02, 0.000984067,   0.000577785
    115,        13,         6,             1,      0.96,      1.04,     -0.0225,    -0.025,       -0.02,  0.00116003,   0.000605222
    116,        14,         6,          1.08,      1.04,      1.12,     -0.0225,    -0.025,       -0.02, 0.000879524,   0.000674442
    117,        15,         6,          1.16,      1.12,       1.2,     -0.0225,    -0.025,       -0.02, 0.000397919,   0.000303734
    120,         1,         7,          0.04,         0,      0.08,     -0.0175,     -0.02,      -0.015,           0,             0
    121,         2,         7,          0.12,      0.08,      0.16,     -0.0175,     -0.02,      -0.015,           0,             0
    122,         3,         7,           0.2,      0.16,      0.24,     -0.0175,     -0.02,      -0.015,   0.0144509,     0.0144509
    123,         4,         7,          0.28,      0.24,      0.32,     -0.0175,     -0.02,      -0.015,   0.0106582,    0.00511757
    124,         5,         7,          0.36,      0.32,       0.4,     -0.0175,     -0.02,      -0.015,    0.588084,     0.0211815
    125,         6,         7,          0.44,       0.4,      0.48,     -0.0175,     -0.02,      -0.015,    0.936805,     0.0289463
    126,         7,         7,          0.52,      0.48,      0.56,     -0.0175,     -0.02,      -0.015,    0.190348,     0.0133645
    127,         8,         7,           0.6,      0.56,      0.64,     -0.0175,     -0.02,      -0.015,   0.0307248,    0.00904796
    128,         9,         7,          0.68,      0.64,      0.72,     -0.0175,     -0.02,      -0.015,  0.00563985,    0.00133002
    129,        10,         7,          0.76,      0.72,       0.8,     -0.0175,     -0.02,      -0.015,   0.0019563,   0.000737239
    130,        11,         7,          0.84,       0.8,      0.88,     -0.0175,     -0.02,      -0.015, 0.000268863,   0.000137606
    131,        12,         7,          0.92,      0.88,      0.96,     -0.0175,     -0.02,      -0.015, 0.000982595,   0.000674838
    132,        13,         7,             1,      0.96,      1.04,     -0.0175,     -0.02,      -0.015,  0.00436413,    0.00252317
    133,        14,         7,          1.08,      1.04,      1.12,     -0.0175,     -0.02,      -0.015, 0.000863949,   0.000427053
    134,        15,         7,          1.16,      1.12,       1.2,     -0.0175,     -0.02,      -0.015,  0.00245974,    0.00200121
    137,         1,         8,          0.04,         0,      0.08,     -0.0125,    -0.015,       -0.01,           0,             0
    138,         2,         8,          0.12,      0.08,      0.16,     -0.0125,    -0.015,       -0.01,           0,             0
    139,         3,         8,           0.2,      0.16,      0.24,     -0.0125,    -0.015,       -0.01,           0,             0
    140,         4,         8,          0.28,      0.24,      0.32,     -0.0125,    -0.015,       -0.01,   0.0646221,     0.0119118
    141,         5,         8,          0.36,      0.32,       0.4,     -0.0125,    -0.015,       -0.01,      1.3558,     0.0397837
    142,         6,         8,          0.44,       0.4,      0.48,     -0.0125,    -0.015,       -0.01,     1.17276,     0.0275939
    143,         7,         8,          0.52,      0.48,      0.56,     -0.0125,    -0.015,       -0.01,    0.278548,      0.031846
    144,         8,         8,           0.6,      0.56,      0.64,     -0.0125,    -0.015,       -0.01,   0.0301069,    0.00799947
    145,         9,         8,          0.68,      0.64,      0.72,     -0.0125,    -0.015,       -0.01,   0.0219304,     0.0120411
    146,        10,         8,          0.76,      0.72,       0.8,     -0.0125,    -0.015,       -0.01,  0.00237184,   0.000775166
    147,        11,         8,          0.84,       0.8,      0.88,     -0.0125,    -0.015,       -0.01,  0.00188294,    0.00054402
    148,        12,         8,          0.92,      0.88,      0.96,     -0.0125,    -0.015,       -0.01,   0.0004762,   0.000317643
    149,        13,         8,             1,      0.96,      1.04,     -0.0125,    -0.015,       -0.01,  0.00169414,   0.000809716
    150,        14,         8,          1.08,      1.04,      1.12,     -0.0125,    -0.015,       -0.01,  0.00027897,   0.000233027
    151,        15,         8,          1.16,      1.12,       1.2,     -0.0125,    -0.015,       -0.01, 0.000219007,   0.000159453
    154,         1,         9,          0.04,         0,      0.08,     -0.0075,     -0.01,      -0.005,           0,             0
    155,         2,         9,          0.12,      0.08,      0.16,     -0.0075,     -0.01,      -0.005,           0,             0
    156,         3,         9,           0.2,      0.16,      0.24,     -0.0075,     -0.01,      -0.005,  0.00504475,    0.00504475
    157,         4,         9,          0.28,      0.24,      0.32,     -0.0075,     -0.01,      -0.005,    0.387462,     0.0338368
    158,         5,         9,          0.36,      0.32,       0.4,     -0.0075,     -0.01,      -0.005,     2.44878,     0.0544895
    159,         6,         9,          0.44,       0.4,      0.48,     -0.0075,     -0.01,      -0.005,     1.40389,     0.0310951
    160,         7,         9,          0.52,      0.48,      0.56,     -0.0075,     -0.01,      -0.005,    0.268091,     0.0201041
    161,         8,         9,           0.6,      0.56,      0.64,     -0.0075,     -0.01,      -0.005,   0.0351339,     0.0091613
    162,         9,         9,          0.68,      0.64,      0.72,     -0.0075,     -0.01,      -0.005,   0.0110028,    0.00223613
    163,        10,         9,          0.76,      0.72,       0.8,     -0.0075,     -0.01,      -0.005,  0.00141781,    0.00040872
    164,        11,         9,          0.84,       0.8,      0.88,     -0.0075,     -0.01,      -0.005,  0.00142211,   0.000502235
    165,        12,         9,          0.92,      0.88,      0.96,     -0.0075,     -0.01,      -0.005,  0.00118488,   0.000612162
    166,        13,         9,             1,      0.96,      1.04,     -0.0075,     -0.01,      -0.005,  0.00514515,    0.00309655
    167,        14,         9,          1.08,      1.04,      1.12,     -0.0075,     -0.01,      -0.005,  0.00174796,    0.00145071
    168,        15,         9,          1.16,      1.12,       1.2,     -0.0075,     -0.01,      -0.005, 0.000314127,   0.000222946
    171,         1,        10,          0.04,         0,      0.08,     -0.0025,    -0.005,           0,           0,             0
    172,         2,        10,          0.12,      0.08,      0.16,     -0.0025,    -0.005,           0,           0,             0
    173,         3,        10,           0.2,      0.16,      0.24,     -0.0025,    -0.005,           0,   0.0137226,    0.00972174
    174,         4,        10,          0.28,      0.24,      0.32,     -0.0025,    -0.005,           0,     1.33962,     0.0659984
    175,         5,        10,          0.36,      0.32,       0.4,     -0.0025,    -0.005,           0,     3.80029,     0.0709473
    176,         6,        10,          0.44,       0.4,      0.48,     -0.0025,    -0.005,           0,     1.68449,     0.0399455
    177,         7,        10,          0.52,      0.48,      0.56,     -0.0025,    -0.005,           0,    0.263033,     0.0126937
    178,         8,        10,           0.6,      0.56,      0.64,     -0.0025,    -0.005,           0,   0.0366547,    0.00656726
    179,         9,        10,          0.68,      0.64,      0.72,     -0.0025,    -0.005,           0,   0.0105345,    0.00303324
    180,        10,        10,          0.76,      0.72,       0.8,     -0.0025,    -0.005,           0,   0.0020674,   0.000526804
    181,        11,        10,          0.84,       0.8,      0.88,     -0.0025,    -0.005,           0,  0.00118477,   0.000559697
    182,        12,        10,          0.92,      0.88,      0.96,     -0.0025,    -0.005,           0,  0.00140089,   0.000637181
    183,        13,        10,             1,      0.96,      1.04,     -0.0025,    -0.005,           0,  0.00131821,   0.000705024
    184,        14,        10,          1.08,      1.04,      1.12,     -0.0025,    -0.005,           0, 0.000482839,    0.00035456
    185,        15,        10,          1.16,      1.12,       1.2,     -0.0025,    -0.005,           0, 0.000176383,   0.000128064
    188,         1,        11,          0.04,         0,      0.08,      0.0025,         0,       0.005,           0,             0
    189,         2,        11,          0.12,      0.08,      0.16,      0.0025,         0,       0.005,           0,             0
    190,         3,        11,           0.2,      0.16,      0.24,      0.0025,         0,       0.005,    0.127812,     0.0403951
    191,         4,        11,          0.28,      0.24,      0.32,      0.0025,         0,       0.005,       3.667,      0.122316
    192,         5,        11,          0.36,      0.32,       0.4,      0.0025,         0,       0.005,     4.98175,     0.0845066
    193,         6,        11,          0.44,       0.4,      0.48,      0.0025,         0,       0.005,     1.92552,      0.053906
    194,         7,        11,          0.52,      0.48,      0.56,      0.0025,         0,       0.005,    0.295767,     0.0147758
    195,         8,        11,           0.6,      0.56,      0.64,      0.0025,         0,       0.005,   0.0336444,    0.00637558
    196,         9,        11,          0.68,      0.64,      0.72,      0.0025,         0,       0.005,   0.0109664,    0.00218981
    197,        10,        11,          0.76,      0.72,       0.8,      0.0025,         0,       0.005,  0.00197864,   0.000622454
    198,        11,        11,          0.84,       0.8,      0.88,      0.0025,         0,       0.005,  0.00178284,   0.000685803
    199,        12,        11,          0.92,      0.88,      0.96,      0.0025,         0,       0.005, 0.000441023,   0.000221442
    200,        13,        11,             1,      0.96,      1.04,      0.0025,         0,       0.005, 0.000910374,   0.000557714
    201,        14,        11,          1.08,      1.04,      1.12,      0.0025,         0,       0.005, 0.000890833,   0.000518555
    202,        15,        11,          1.16,      1.12,       1.2,      0.0025,         0,       0.005,  0.00162779,    0.00151104
    205,         1,        12,          0.04,         0,      0.08,      0.0075,     0.005,        0.01,           0,             0
    206,         2,        12,          0.12,      0.08,      0.16,      0.0075,     0.005,        0.01,           0,             0
    207,         3,        12,           0.2,      0.16,      0.24,      0.0075,     0.005,        0.01,    0.964222,      0.128087
    208,         4,        12,          0.28,      0.24,      0.32,      0.0075,     0.005,        0.01,     7.49329,      0.191432
    209,         5,        12,          0.36,      0.32,       0.4,      0.0075,     0.005,        0.01,      6.1037,      0.102997
    210,         6,        12,          0.44,       0.4,      0.48,      0.0075,     0.005,        0.01,     2.12012,     0.0444952
    211,         7,        12,          0.52,      0.48,      0.56,      0.0075,     0.005,        0.01,    0.343758,     0.0180678
    212,         8,        12,           0.6,      0.56,      0.64,      0.0075,     0.005,        0.01,   0.0279971,    0.00425232
    213,         9,        12,          0.68,      0.64,      0.72,      0.0075,     0.005,        0.01,   0.0147955,    0.00330642
    214,        10,        12,          0.76,      0.72,       0.8,      0.0075,     0.005,        0.01,  0.00236518,   0.000603581
    215,        11,        12,          0.84,       0.8,      0.88,      0.0075,     0.005,        0.01, 0.000755726,   0.000270738
    216,        12,        12,          0.92,      0.88,      0.96,      0.0075,     0.005,        0.01,  0.00297444,    0.00203294
    217,        13,        12,             1,      0.96,      1.04,      0.0075,     0.005,        0.01, 0.000721013,   0.000352811
    218,        14,        12,          1.08,      1.04,      1.12,      0.0075,     0.005,        0.01, 0.000308386,   0.000279315
    219,        15,        12,          1.16,      1.12,       1.2,      0.0075,     0.005,        0.01, 0.000249034,   0.000190343
    222,         1,        13,          0.04,         0,      0.08,      0.0125,      0.01,       0.015,           0,             0
    223,         2,        13,          0.12,      0.08,      0.16,      0.0125,      0.01,       0.015,           0,             0
    224,         3,        13,           0.2,      0.16,      0.24,      0.0125,      0.01,       0.015,     4.15189,      0.283069
    225,         4,        13,          0.28,      0.24,      0.32,      0.0125,      0.01,       0.015,     12.4577,      0.261463
    226,         5,        13,          0.36,      0.32,       0.4,      0.0125,      0.01,       0.015,     6.58498,      0.103579
    227,         6,        13,          0.44,       0.4,      0.48,      0.0125,      0.01,       0.015,     2.24409,     0.0492436
    228,         7,        13,          0.52,      0.48,      0.56,      0.0125,      0.01,       0.015,    0.379317,     0.0286784
    229,         8,        13,           0.6,      0.56,      0.64,      0.0125,      0.01,       0.015,   0.0257346,    0.00376613
    230,         9,        13,          0.68,      0.64,      0.72,      0.0125,      0.01,       0.015,   0.0118326,    0.00231548
    231,        10,        13,          0.76,      0.72,       0.8,      0.0125,      0.01,       0.015,  0.00234734,   0.000815647
    232,        11,        13,          0.84,       0.8,      0.88,      0.0125,      0.01,       0.015, 0.000756743,    0.00030759
    233,        12,        13,          0.92,      0.88,      0.96,      0.0125,      0.01,       0.015, 0.000718718,   0.000403084
    234,        13,        13,             1,      0.96,      1.04,      0.0125,      0.01,       0.015, 0.000961794,   0.000524983
    235,        14,        13,          1.08,      1.04,      1.12,      0.0125,      0.01,       0.015, 0.000254458,   0.000188584
    236,        15,        13,          1.16,      1.12,       1.2,      0.0125,      0.01,       0.015, 0.000423078,   0.000261841
    239,         1,        14,          0.04,         0,      0.08,      0.0175,     0.015,        0.02,           0,             0
    240,         2,        14,          0.12,      0.08,      0.16,      0.0175,     0.015,        0.02,    0.625395,       0.20329
    241,         3,        14,           0.2,      0.16,      0.24,      0.0175,     0.015,        0.02,     9.84636,      0.448669
    242,         4,        14,          0.28,      0.24,      0.32,      0.0175,     0.015,        0.02,     15.4724,      0.303684
    243,         5,        14,          0.36,      0.32,       0.4,      0.0175,     0.015,        0.02,     6.91001,      0.106038
    244,         6,        14,          0.44,       0.4,      0.48,      0.0175,     0.015,        0.02,      2.4237,     0.0443059
    245,         7,        14,          0.52,      0.48,      0.56,      0.0175,     0.015,        0.02,    0.401791,     0.0341668
    246,         8,        14,           0.6,      0.56,      0.64,      0.0175,     0.015,        0.02,   0.0715576,     0.0362506
    247,         9,        14,          0.68,      0.64,      0.72,      0.0175,     0.015,        0.02,   0.0112296,    0.00248317
    248,        10,        14,          0.76,      0.72,       0.8,      0.0175,     0.015,        0.02,   0.0028516,    0.00082228
    249,        11,        14,          0.84,       0.8,      0.88,      0.0175,     0.015,        0.02,  0.00165168,     0.0006324
    250,        12,        14,          0.92,      0.88,      0.96,      0.0175,     0.015,        0.02,  0.00482732,    0.00200615
    251,        13,        14,             1,      0.96,      1.04,      0.0175,     0.015,        0.02, 0.000591959,   0.000359708
    252,        14,        14,          1.08,      1.04,      1.12,      0.0175,     0.015,        0.02, 0.000771204,   0.000537608
    253,        15,        14,          1.16,      1.12,       1.2,      0.0175,     0.015,        0.02, 0.000939632,   0.000913269
    256,         1,        15,          0.04,         0,      0.08,      0.0225,      0.02,       0.025,           0,             0
    257,         2,        15,          0.12,      0.08,      0.16,      0.0225,      0.02,       0.025,    0.731023,      0.226693
    258,         3,        15,           0.2,      0.16,      0.24,      0.0225,      0.02,       0.025,     15.6746,       0.61134
    259,         4,        15,          0.28,      0.24,      0.32,      0.0225,      0.02,       0.025,     16.8697,      0.318586
    260,         5,        15,          0.36,      0.32,       0.4,      0.0225,      0.02,       0.025,     6.94896,      0.115952
    261,         6,        15,          0.44,       0.4,      0.48,      0.0225,      0.02,       0.025,     2.53446,     0.0525377
    262,         7,        15,          0.52,      0.48,      0.56,      0.0225,      0.02,       0.025,    0.452478,     0.0416366
    263,         8,        15,           0.6,      0.56,      0.64,      0.0225,      0.02,       0.025,     0.04014,    0.00546975
    264,         9,        15,          0.68,      0.64,      0.72,      0.0225,      0.02,       0.025,   0.0125589,    0.00401427
    265,        10,        15,          0.76,      0.72,       0.8,      0.0225,      0.02,       0.025,  0.00425854,    0.00116033
    266,        11,        15,          0.84,       0.8,      0.88,      0.0225,      0.02,       0.025,  0.00721135,    0.00426323
    267,        12,        15,          0.92,      0.88,      0.96,      0.0225,      0.02,       0.025,   0.0017387,   0.000710367
    268,        13,        15,             1,      0.96,      1.04,      0.0225,      0.02,       0.025,  0.00407355,    0.00164811
    269,        14,        15,          1.08,      1.04,      1.12,      0.0225,      0.02,       0.025, 0.000642027,   0.000330494
    270,        15,        15,          1.16,      1.12,       1.2,      0.0225,      0.02,       0.025, 0.000545847,   0.000545847
    273,         1,        16,          0.04,         0,      0.08,      0.0275,     0.025,        0.03,           0,             0
    274,         2,        16,          0.12,      0.08,      0.16,      0.0275,     0.025,        0.03,    0.528801,      0.170914
    275,         3,        16,           0.2,      0.16,      0.24,      0.0275,     0.025,        0.03,     17.6434,      0.635301
    276,         4,        16,          0.28,      0.24,      0.32,      0.0275,     0.025,        0.03,     15.4856,       0.29272
    277,         5,        16,          0.36,      0.32,       0.4,      0.0275,     0.025,        0.03,     6.84859,      0.107487
    278,         6,        16,          0.44,       0.4,      0.48,      0.0275,     0.025,        0.03,     2.58603,     0.0487784
    279,         7,        16,          0.52,      0.48,      0.56,      0.0275,     0.025,        0.03,     0.42787,     0.0185893
    280,         8,        16,           0.6,      0.56,      0.64,      0.0275,     0.025,        0.03,   0.0346395,    0.00429953
    281,         9,        16,          0.68,      0.64,      0.72,      0.0275,     0.025,        0.03,   0.0146922,    0.00337414
    282,        10,        16,          0.76,      0.72,       0.8,      0.0275,     0.025,        0.03,  0.00409115,    0.00108397
    283,        11,        16,          0.84,       0.8,      0.88,      0.0275,     0.025,        0.03,  0.00375904,    0.00118721
    284,        12,        16,          0.92,      0.88,      0.96,      0.0275,     0.025,        0.03, 0.000532111,   0.000309762
    285,        13,        16,             1,      0.96,      1.04,      0.0275,     0.025,        0.03,  0.00378353,    0.00215513
    286,        14,        16,          1.08,      1.04,      1.12,      0.0275,     0.025,        0.03,  0.00258585,    0.00177407
    287,        15,        16,          1.16,      1.12,       1.2,      0.0275,     0.025,        0.03, 0.000933312,   0.000933312
    290,         1,        17,          0.04,         0,      0.08,      0.0325,      0.03,       0.035,           0,             0
    291,         2,        17,          0.12,      0.08,      0.16,      0.0325,      0.03,       0.035,    0.475799,       0.18662
    292,         3,        17,           0.2,      0.16,      0.24,      0.0325,      0.03,       0.035,     15.4742,      0.584146
    293,         4,        17,          0.28,      0.24,      0.32,      0.0325,      0.03,       0.035,     13.7379,      0.262291
    294,         5,        17,          0.36,      0.32,       0.4,      0.0325,      0.03,       0.035,     6.67752,      0.101191
    295,         6,        17,          0.44,       0.4,      0.48,      0.0325,      0.03,       0.035,     2.68491,     0.0528159
    296,         7,        17,          0.52,      0.48,      0.56,      0.0325,      0.03,       0.035,    0.447383,     0.0208772
    297,         8,        17,           0.6,      0.56,      0.64,      0.0325,      0.03,       0.035,    0.048696,       0.01457
    298,         9,        17,          0.68,      0.64,      0.72,      0.0325,      0.03,       0.035,   0.0150023,    0.00216617
    299,        10,        17,          0.76,      0.72,       0.8,      0.0325,      0.03,       0.035,   0.0090282,    0.00277166
    300,        11,        17,          0.84,       0.8,      0.88,      0.0325,      0.03,       0.035,   0.0028577,   0.000910284
    301,        12,        17,          0.92,      0.88,      0.96,      0.0325,      0.03,       0.035,  0.00545727,    0.00351486
    302,        13,        17,             1,      0.96,      1.04,      0.0325,      0.03,       0.035,  0.00184717,    0.00127392
    303,        14,        17,          1.08,      1.04,      1.12,      0.0325,      0.03,       0.035, 0.000535398,   0.000279355
    304,        15,        17,          1.16,      1.12,       1.2,      0.0325,      0.03,       0.035, 0.000555573,   0.000378165
    307,         1,        18,          0.04,         0,      0.08,      0.0375,     0.035,        0.04,           0,             0
    308,         2,        18,          0.12,      0.08,      0.16,      0.0375,     0.035,        0.04,    0.321424,      0.120091
    309,         3,        18,           0.2,      0.16,      0.24,      0.0375,     0.035,        0.04,     10.9047,      0.434734
    310,         4,        18,          0.28,      0.24,      0.32,      0.0375,     0.035,        0.04,     12.1555,      0.240533
    311,         5,        18,          0.36,      0.32,       0.4,      0.0375,     0.035,        0.04,     6.37393,      0.103166
    312,         6,        18,          0.44,       0.4,      0.48,      0.0375,     0.035,        0.04,      2.7644,     0.0485266
    313,         7,        18,          0.52,      0.48,      0.56,      0.0375,     0.035,        0.04,    0.464161,     0.0182468
    314,         8,        18,           0.6,      0.56,      0.64,      0.0375,     0.035,        0.04,   0.0320836,    0.00475252
    315,         9,        18,          0.68,      0.64,      0.72,      0.0375,     0.035,        0.04,   0.0109215,    0.00194424
    316,        10,        18,          0.76,      0.72,       0.8,      0.0375,     0.035,        0.04,  0.00581197,     0.0018915
    317,        11,        18,          0.84,       0.8,      0.88,      0.0375,     0.035,        0.04,  0.00487213,    0.00255762
    318,        12,        18,          0.92,      0.88,      0.96,      0.0375,     0.035,        0.04,  0.00886318,    0.00607107
    319,        13,        18,             1,      0.96,      1.04,      0.0375,     0.035,        0.04,  0.00149802,   0.000778594
    320,        14,        18,          1.08,      1.04,      1.12,      0.0375,     0.035,        0.04,  0.00110515,   0.000781906
    321,        15,        18,          1.16,      1.12,       1.2,      0.0375,     0.035,        0.04, 0.000400465,   0.000359173
    324,         1,        19,          0.04,         0,      0.08,      0.0425,      0.04,       0.045,           0,             0
    325,         2,        19,          0.12,      0.08,      0.16,      0.0425,      0.04,       0.045,   0.0430314,     0.0315815
    326,         3,        19,           0.2,      0.16,      0.24,      0.0425,      0.04,       0.045,     7.93659,      0.359572
    327,         4,        19,          0.28,      0.24,      0.32,      0.0425,      0.04,       0.045,     10.2037,        0.2187
    328,         5,        19,          0.36,      0.32,       0.4,      0.0425,      0.04,       0.045,     6.10222,     0.0954182
    329,         6,        19,          0.44,       0.4,      0.48,      0.0425,      0.04,       0.045,     2.82416,     0.0500744
    330,         7,        19,          0.52,      0.48,      0.56,      0.0425,      0.04,       0.045,    0.530573,     0.0243714
    331,         8,        19,           0.6,      0.56,      0.64,      0.0425,      0.04,       0.045,   0.0522903,    0.00938408
    332,         9,        19,          0.68,      0.64,      0.72,      0.0425,      0.04,       0.045,   0.0111301,    0.00211269
    333,        10,        19,          0.76,      0.72,       0.8,      0.0425,      0.04,       0.045,  0.00512342,    0.00154854
    334,        11,        19,          0.84,       0.8,      0.88,      0.0425,      0.04,       0.045,  0.00337079,   0.000915856
    335,        12,        19,          0.92,      0.88,      0.96,      0.0425,      0.04,       0.045,  0.00925422,       0.00673
    336,        13,        19,             1,      0.96,      1.04,      0.0425,      0.04,       0.045,  0.00111873,   0.000517218
    337,        14,        19,          1.08,      1.04,      1.12,      0.0425,      0.04,       0.045, 0.000814923,   0.000576904
    338,        15,        19,          1.16,      1.12,       1.2,      0.0425,      0.04,       0.045,  0.00178618,    0.00109593
    341,         1,        20,          0.04,         0,      0.08,      0.0475,     0.045,        0.05,           0,             0
    342,         2,        20,          0.12,      0.08,      0.16,      0.0475,     0.045,        0.05,    0.019519,      0.019519
    343,         3,        20,           0.2,      0.16,      0.24,      0.0475,     0.045,        0.05,     5.69664,      0.276105
    344,         4,        20,          0.28,      0.24,      0.32,      0.0475,     0.045,        0.05,     8.43226,      0.184848
    345,         5,        20,          0.36,      0.32,       0.4,      0.0475,     0.045,        0.05,     5.80031,     0.0969492
    346,         6,        20,          0.44,       0.4,      0.48,      0.0475,     0.045,        0.05,     2.83931,     0.0502827
    347,         7,        20,          0.52,      0.48,      0.56,      0.0475,     0.045,        0.05,    0.507276,     0.0216325
    348,         8,        20,           0.6,      0.56,      0.64,      0.0475,     0.045,        0.05,   0.0352214,    0.00467428
    349,         9,        20,          0.68,      0.64,      0.72,      0.0475,     0.045,        0.05,   0.0179461,    0.00259568
    350,        10,        20,          0.76,      0.72,       0.8,      0.0475,     0.045,        0.05,   0.0076067,    0.00205289
    351,        11,        20,          0.84,       0.8,      0.88,      0.0475,     0.045,        0.05,   0.0057132,    0.00184973
    352,        12,        20,          0.92,      0.88,      0.96,      0.0475,     0.045,        0.05,  0.00206814,   0.000743811
    353,        13,        20,             1,      0.96,      1.04,      0.0475,     0.045,        0.05,   0.0015464,     0.0011789
    354,        14,        20,          1.08,      1.04,      1.12,      0.0475,     0.045,        0.05,  0.00138224,   0.000984172
    355,        15,        20,          1.16,      1.12,       1.2,      0.0475,     0.045,        0.05, 0.000719949,    0.00055859
    358,         1,        21,          0.04,         0,      0.08,      0.0525,      0.05,       0.055,           0,             0
    359,         2,        21,          0.12,      0.08,      0.16,      0.0525,      0.05,       0.055,    0.065979,      0.065979
    360,         3,        21,           0.2,      0.16,      0.24,      0.0525,      0.05,       0.055,     3.62471,      0.210887
    361,         4,        21,          0.28,      0.24,      0.32,      0.0525,      0.05,       0.055,     7.40554,      0.179886
    362,         5,        21,          0.36,      0.32,       0.4,      0.0525,      0.05,       0.055,      5.0533,      0.081796
    363,         6,        21,          0.44,       0.4,      0.48,      0.0525,      0.05,       0.055,     2.75124,     0.0622669
    364,         7,        21,          0.52,      0.48,      0.56,      0.0525,      0.05,       0.055,    0.520731,     0.0152061
    365,         8,        21,           0.6,      0.56,      0.64,      0.0525,      0.05,       0.055,   0.0572042,    0.00885819
    366,         9,        21,          0.68,      0.64,      0.72,      0.0525,      0.05,       0.055,   0.0190228,    0.00411805
    367,        10,        21,          0.76,      0.72,       0.8,      0.0525,      0.05,       0.055,  0.00889163,    0.00261359
    368,        11,        21,          0.84,       0.8,      0.88,      0.0525,      0.05,       0.055,  0.00902054,    0.00299345
    369,        12,        21,          0.92,      0.88,      0.96,      0.0525,      0.05,       0.055,  0.00340909,    0.00180723
    370,        13,        21,             1,      0.96,      1.04,      0.0525,      0.05,       0.055,  0.00113675,   0.000548794
    371,        14,        21,          1.08,      1.04,      1.12,      0.0525,      0.05,       0.055, 0.000419409,   0.000419409
    372,        15,        21,          1.16,      1.12,       1.2,      0.0525,      0.05,       0.055,           0,             0
    375,         1,        22,          0.04,         0,      0.08,      0.0575,     0.055,        0.06,           0,             0
    376,         2,        22,          0.12,      0.08,      0.16,      0.0575,     0.055,        0.06,           0,             0
    377,         3,        22,           0.2,      0.16,      0.24,      0.0575,     0.055,        0.06,     3.14675,      0.233004
    378,         4,        22,          0.28,      0.24,      0.32,      0.0575,     0.055,        0.06,     6.04313,       0.15715
    379,         5,        22,          0.36,      0.32,       0.4,      0.0575,     0.055,        0.06,     4.85239,     0.0772001
    380,         6,        22,          0.44,       0.4,      0.48,      0.0575,     0.055,        0.06,     2.72957,     0.0440095
    381,         7,        22,          0.52,      0.48,      0.56,      0.0575,     0.055,        0.06,    0.616368,       0.03806
    382,         8,        22,           0.6,      0.56,      0.64,      0.0575,     0.055,        0.06,   0.0501992,    0.00553818
    383,         9,        22,          0.68,      0.64,      0.72,      0.0575,     0.055,        0.06,    0.014555,    0.00375089
    384,        10,        22,          0.76,      0.72,       0.8,      0.0575,     0.055,        0.06,   0.0156426,    0.00715445
    385,        11,        22,          0.84,       0.8,      0.88,      0.0575,     0.055,        0.06,  0.00751134,    0.00205473
    386,        12,        22,          0.92,      0.88,      0.96,      0.0575,     0.055,        0.06,  0.00400206,    0.00190629
    387,        13,        22,             1,      0.96,      1.04,      0.0575,     0.055,        0.06,   0.0015324,   0.000962055
    388,        14,        22,          1.08,      1.04,      1.12,      0.0575,     0.055,        0.06,  0.00230616,    0.00156209
    389,        15,        22,          1.16,      1.12,       1.2,      0.0575,     0.055,        0.06,   0.0014578,   0.000904436
    392,         1,        23,          0.04,         0,      0.08,      0.0625,      0.06,       0.065,           0,             0
    393,         2,        23,          0.12,      0.08,      0.16,      0.0625,      0.06,       0.065,           0,             0
    394,         3,        23,           0.2,      0.16,      0.24,      0.0625,      0.06,       0.065,     1.90129,      0.196002
    395,         4,        23,          0.28,      0.24,      0.32,      0.0625,      0.06,       0.065,     5.46132,      0.162243
    396,         5,        23,          0.36,      0.32,       0.4,      0.0625,      0.06,       0.065,     4.52052,      0.079787
    397,         6,        23,          0.44,       0.4,      0.48,      0.0625,      0.06,       0.065,     2.74022,     0.0669632
    398,         7,        23,          0.52,      0.48,      0.56,      0.0625,      0.06,       0.065,      0.5553,     0.0152006
    399,         8,        23,           0.6,      0.56,      0.64,      0.0625,      0.06,       0.065,   0.0562739,    0.00491371
    400,         9,        23,          0.68,      0.64,      0.72,      0.0625,      0.06,       0.065,   0.0198227,    0.00472842
    401,        10,        23,          0.76,      0.72,       0.8,      0.0625,      0.06,       0.065,   0.0209438,     0.0087288
    402,        11,        23,          0.84,       0.8,      0.88,      0.0625,      0.06,       0.065,  0.00460206,    0.00150323
    403,        12,        23,          0.92,      0.88,      0.96,      0.0625,      0.06,       0.065,  0.00603138,    0.00230187
    404,        13,        23,             1,      0.96,      1.04,      0.0625,      0.06,       0.065,           0,             0
    405,        14,        23,          1.08,      1.04,      1.12,      0.0625,      0.06,       0.065, 3.71727e-05,   3.71727e-05
    406,        15,        23,          1.16,      1.12,       1.2,      0.0625,      0.06,       0.065,  0.00133617,    0.00111219
    409,         1,        24,          0.04,         0,      0.08,      0.0675,     0.065,        0.07,           0,             0
    410,         2,        24,          0.12,      0.08,      0.16,      0.0675,     0.065,        0.07,           0,             0
    411,         3,        24,           0.2,      0.16,      0.24,      0.0675,     0.065,        0.07,     1.17313,      0.147018
    412,         4,        24,          0.28,      0.24,      0.32,      0.0675,     0.065,        0.07,     4.32541,      0.156862
    413,         5,        24,          0.36,      0.32,       0.4,      0.0675,     0.065,        0.07,     4.09694,     0.0792474
    414,         6,        24,          0.44,       0.4,      0.48,      0.0675,     0.065,        0.07,     2.69641,     0.0745105
    415,         7,        24,          0.52,      0.48,      0.56,      0.0675,     0.065,        0.07,    0.647625,     0.0507001
    416,         8,        24,           0.6,      0.56,      0.64,      0.0675,     0.065,        0.07,   0.0637274,    0.00522453
    417,         9,        24,          0.68,      0.64,      0.72,      0.0675,     0.065,        0.07,   0.0256119,    0.00324004
    418,        10,        24,          0.76,      0.72,       0.8,      0.0675,     0.065,        0.07,   0.0093167,    0.00176782
    419,        11,        24,          0.84,       0.8,      0.88,      0.0675,     0.065,        0.07,  0.00750768,    0.00169749
    420,        12,        24,          0.92,      0.88,      0.96,      0.0675,     0.065,        0.07,  0.00293064,     0.0015708
    421,        13,        24,             1,      0.96,      1.04,      0.0675,     0.065,        0.07,   0.0019809,     0.0016669
    422,        14,        24,          1.08,      1.04,      1.12,      0.0675,     0.065,        0.07,  0.00102277,   0.000750461
    423,        15,        24,          1.16,      1.12,       1.2,      0.0675,     0.065,        0.07,           0,             0
    426,         1,        25,          0.04,         0,      0.08,      0.0725,      0.07,       0.075,           0,             0
    427,         2,        25,          0.12,      0.08,      0.16,      0.0725,      0.07,       0.075,           0,             0
    428,         3,        25,           0.2,      0.16,      0.24,      0.0725,      0.07,       0.075,    0.724765,     0.0971298
    429,         4,        25,          0.28,      0.24,      0.32,      0.0725,      0.07,       0.075,     3.98511,      0.155243
    430,         5,        25,          0.36,      0.32,       0.4,      0.0725,      0.07,       0.075,      3.7728,     0.0797345
    431,         6,        25,          0.44,       0.4,      0.48,      0.0725,      0.07,       0.075,     2.47232,     0.0435131
    432,         7,        25,          0.52,      0.48,      0.56,      0.0725,      0.07,       0.075,    0.579667,     0.0234103
    433,         8,        25,           0.6,      0.56,      0.64,      0.0725,      0.07,       0.075,   0.0632975,    0.00509737
    434,         9,        25,          0.68,      0.64,      0.72,      0.0725,      0.07,       0.075,   0.0261867,    0.00464414
    435,        10,        25,          0.76,      0.72,       0.8,      0.0725,      0.07,       0.075,   0.0140306,    0.00291511
    436,        11,        25,          0.84,       0.8,      0.88,      0.0725,      0.07,       0.075,  0.00863316,     0.0026795
    437,        12,        25,          0.92,      0.88,      0.96,      0.0725,      0.07,       0.075,  0.00234451,    0.00105796
    438,        13,        25,             1,      0.96,      1.04,      0.0725,      0.07,       0.075,  0.00219446,   0.000893425
    439,        14,        25,          1.08,      1.04,      1.12,      0.0725,      0.07,       0.075,  0.00114167,   0.000625697
    440,        15,        25,          1.16,      1.12,       1.2,      0.0725,      0.07,       0.075, 0.000321446,   0.000321446
    443,         1,        26,          0.04,         0,      0.08,      0.0775,     0.075,        0.08,           0,             0
    444,         2,        26,          0.12,      0.08,      0.16,      0.0775,     0.075,        0.08,           0,             0
    445,         3,        26,           0.2,      0.16,      0.24,      0.0775,     0.075,        0.08,     0.79816,      0.156335
    446,         4,        26,          0.28,      0.24,      0.32,      0.0775,     0.075,        0.08,     3.21161,      0.159812
    447,         5,        26,          0.36,      0.32,       0.4,      0.0775,     0.075,        0.08,     3.60639,     0.0978577
    448,         6,        26,          0.44,       0.4,      0.48,      0.0775,     0.075,        0.08,     2.44412,     0.0435737
    449,         7,        26,          0.52,      0.48,      0.56,      0.0775,     0.075,        0.08,    0.612081,     0.0191507
    450,         8,        26,           0.6,      0.56,      0.64,      0.0775,     0.075,        0.08,   0.0733574,    0.00614638
    451,         9,        26,          0.68,      0.64,      0.72,      0.0775,     0.075,        0.08,   0.0195044,    0.00255096
    452,        10,        26,          0.76,      0.72,       0.8,      0.0775,     0.075,        0.08,  0.00864864,    0.00190477
    453,        11,        26,          0.84,       0.8,      0.88,      0.0775,     0.075,        0.08,  0.00753178,     0.0025471
    454,        12,        26,          0.92,      0.88,      0.96,      0.0775,     0.075,        0.08,  0.00272196,    0.00155334
    455,        13,        26,             1,      0.96,      1.04,      0.0775,     0.075,        0.08,  0.00211056,    0.00100984
    456,        14,        26,          1.08,      1.04,      1.12,      0.0775,     0.075,        0.08, 0.000585782,    0.00041792
    457,        15,        26,          1.16,      1.12,       1.2,      0.0775,     0.075,        0.08, 0.000664238,   0.000536028
    460,         1,        27,          0.04,         0,      0.08,      0.0825,      0.08,       0.085,           0,             0
    461,         2,        27,          0.12,      0.08,      0.16,      0.0825,      0.08,       0.085,           0,             0
    462,         3,        27,           0.2,      0.16,      0.24,      0.0825,      0.08,       0.085,    0.377581,     0.0753309
    463,         4,        27,          0.28,      0.24,      0.32,      0.0825,      0.08,       0.085,     2.71826,      0.144559
    464,         5,        27,          0.36,      0.32,       0.4,      0.0825,      0.08,       0.085,     3.31718,      0.123051
    465,         6,        27,          0.44,       0.4,      0.48,      0.0825,      0.08,       0.085,     2.38154,     0.0557379
    466,         7,        27,          0.52,      0.48,      0.56,      0.0825,      0.08,       0.085,    0.614072,     0.0169633
    467,         8,        27,           0.6,      0.56,      0.64,      0.0825,      0.08,       0.085,   0.0861022,    0.00605512
    468,         9,        27,          0.68,      0.64,      0.72,      0.0825,      0.08,       0.085,   0.0284022,    0.00523016
    469,        10,        27,          0.76,      0.72,       0.8,      0.0825,      0.08,       0.085,  0.00948846,    0.00206618
    470,        11,        27,          0.84,       0.8,      0.88,      0.0825,      0.08,       0.085,   0.0117623,    0.00530124
    471,        12,        27,          0.92,      0.88,      0.96,      0.0825,      0.08,       0.085,  0.00233825,    0.00109818
    472,        13,        27,             1,      0.96,      1.04,      0.0825,      0.08,       0.085, 0.000689013,   0.000379404
    473,        14,        27,          1.08,      1.04,      1.12,      0.0825,      0.08,       0.085,  0.00145596,   0.000585343
    474,        15,        27,          1.16,      1.12,       1.2,      0.0825,      0.08,       0.085, 0.000131572,   9.98915e-05
    477,         1,        28,          0.04,         0,      0.08,      0.0875,     0.085,        0.09,           0,             0
    478,         2,        28,          0.12,      0.08,      0.16,      0.0875,     0.085,        0.09,           0,             0
    479,         3,        28,           0.2,      0.16,      0.24,      0.0875,     0.085,        0.09,    0.358685,      0.112432
    480,         4,        28,          0.28,      0.24,      0.32,      0.0875,     0.085,        0.09,     2.23789,      0.125803
    481,         5,        28,          0.36,      0.32,       0.4,      0.0875,     0.085,        0.09,     3.12781,     0.0963775
    482,         6,        28,          0.44,       0.4,      0.48,      0.0875,     0.085,        0.09,     2.27019,     0.0454247
    483,         7,        28,          0.52,      0.48,      0.56,      0.0875,     0.085,        0.09,    0.642109,     0.0183893
    484,         8,        28,           0.6,      0.56,      0.64,      0.0875,     0.085,        0.09,   0.0983749,     0.0073564
    485,         9,        28,          0.68,      0.64,      0.72,      0.0875,     0.085,        0.09,     0.03024,    0.00743933
    486,        10,        28,          0.76,      0.72,       0.8,      0.0875,     0.085,        0.09,   0.0131184,    0.00268191
    487,        11,        28,          0.84,       0.8,      0.88,      0.0875,     0.085,        0.09,   0.0106234,    0.00316651
    488,        12,        28,          0.92,      0.88,      0.96,      0.0875,     0.085,        0.09,  0.00273043,    0.00134205
    489,        13,        28,             1,      0.96,      1.04,      0.0875,     0.085,        0.09, 0.000877616,   0.000447708
    490,        14,        28,          1.08,      1.04,      1.12,      0.0875,     0.085,        0.09,  0.00105115,   0.000580882
    491,        15,        28,          1.16,      1.12,       1.2,      0.0875,     0.085,        0.09, 0.000292197,   0.000186019
    494,         1,        29,          0.04,         0,      0.08,      0.0925,      0.09,       0.095,           0,             0
    495,         2,        29,          0.12,      0.08,      0.16,      0.0925,      0.09,       0.095,           0,             0
    496,         3,        29,           0.2,      0.16,      0.24,      0.0925,      0.09,       0.095,    0.158225,     0.0525707
    497,         4,        29,          0.28,      0.24,      0.32,      0.0925,      0.09,       0.095,     2.33439,      0.162869
    498,         5,        29,          0.36,      0.32,       0.4,      0.0925,      0.09,       0.095,     2.65278,     0.0856691
    499,         6,        29,          0.44,       0.4,      0.48,      0.0925,      0.09,       0.095,     2.22286,     0.0490639
    500,         7,        29,          0.52,      0.48,      0.56,      0.0925,      0.09,       0.095,    0.654534,      0.017705
    501,         8,        29,           0.6,      0.56,      0.64,      0.0925,      0.09,       0.095,     0.10207,    0.00943114
    502,         9,        29,          0.68,      0.64,      0.72,      0.0925,      0.09,       0.095,   0.0285554,    0.00308527
    503,        10,        29,          0.76,      0.72,       0.8,      0.0925,      0.09,       0.095,   0.0151343,    0.00315753
    504,        11,        29,          0.84,       0.8,      0.88,      0.0925,      0.09,       0.095,   0.0203619,     0.0105681
    505,        12,        29,          0.92,      0.88,      0.96,      0.0925,      0.09,       0.095,  0.00399069,     0.0015453
    506,        13,        29,             1,      0.96,      1.04,      0.0925,      0.09,       0.095, 4.79763e-05,   4.79763e-05
    507,        14,        29,          1.08,      1.04,      1.12,      0.0925,      0.09,       0.095, 0.000536236,   0.000380451
    508,        15,        29,          1.16,      1.12,       1.2,      0.0925,      0.09,       0.095,  0.00109272,   0.000935013
    511,         1,        30,          0.04,         0,      0.08,      0.0975,     0.095,         0.1,           0,             0
    512,         2,        30,          0.12,      0.08,      0.16,      0.0975,     0.095,         0.1,           0,             0
    513,         3,        30,           0.2,      0.16,      0.24,      0.0975,     0.095,         0.1,    0.108379,     0.0384317
    514,         4,        30,          0.28,      0.24,      0.32,      0.0975,     0.095,         0.1,     1.48873,      0.121008
    515,         5,        30,          0.36,      0.32,       0.4,      0.0975,     0.095,         0.1,     2.74712,     0.0945357
    516,         6,        30,          0.44,       0.4,      0.48,      0.0975,     0.095,         0.1,     2.09866,      0.049596
    517,         7,        30,          0.52,      0.48,      0.56,      0.0975,     0.095,         0.1,    0.705809,     0.0203761
    518,         8,        30,           0.6,      0.56,      0.64,      0.0975,     0.095,         0.1,    0.108978,     0.0067101
    519,         9,        30,          0.68,      0.64,      0.72,      0.0975,     0.095,         0.1,   0.0329668,    0.00414096
    520,        10,        30,          0.76,      0.72,       0.8,      0.0975,     0.095,         0.1,   0.0161015,    0.00373163
    521,        11,        30,          0.84,       0.8,      0.88,      0.0975,     0.095,         0.1,   0.0060815,    0.00180549
    522,        12,        30,          0.92,      0.88,      0.96,      0.0975,     0.095,         0.1,  0.00683126,    0.00392798
    523,        13,        30,             1,      0.96,      1.04,      0.0975,     0.095,         0.1,   0.0012785,   0.000687759
    524,        14,        30,          1.08,      1.04,      1.12,      0.0975,     0.095,         0.1, 0.000520795,   0.000274336
    525,        15,        30,          1.16,      1.12,       1.2,      0.0975,     0.095,         0.1, 0.000277063,   0.000239705
    528,         1,        31,          0.04,         0,      0.08,      0.1025,       0.1,       0.105,           0,             0
    529,         2,        31,          0.12,      0.08,      0.16,      0.1025,       0.1,       0.105,           0,             0
    530,         3,        31,           0.2,      0.16,      0.24,      0.1025,       0.1,       0.105,   0.0317211,     0.0130972
    531,         4,        31,          0.28,      0.24,      0.32,      0.1025,       0.1,       0.105,     1.46138,      0.145912
    532,         5,        31,          0.36,      0.32,       0.4,      0.1025,       0.1,       0.105,     2.32021,     0.0836114
    533,         6,        31,          0.44,       0.4,      0.48,      0.1025,       0.1,       0.105,     2.07489,     0.0540542
    534,         7,        31,          0.52,      0.48,      0.56,      0.1025,       0.1,       0.105,    0.709202,      0.020047
    535,         8,        31,           0.6,      0.56,      0.64,      0.1025,       0.1,       0.105,    0.125977,    0.00842357
    536,         9,        31,          0.68,      0.64,      0.72,      0.1025,       0.1,       0.105,   0.0374878,    0.00607297
    537,        10,        31,          0.76,      0.72,       0.8,      0.1025,       0.1,       0.105,   0.0165092,    0.00334376
    538,        11,        31,          0.84,       0.8,      0.88,      0.1025,       0.1,       0.105,  0.00856371,    0.00247254
    539,        12,        31,          0.92,      0.88,      0.96,      0.1025,       0.1,       0.105,  0.00419042,     0.0018671
    540,        13,        31,             1,      0.96,      1.04,      0.1025,       0.1,       0.105,  0.00488298,    0.00412159
    541,        14,        31,          1.08,      1.04,      1.12,      0.1025,       0.1,       0.105,  0.00629754,    0.00610401
    542,        15,        31,          1.16,      1.12,       1.2,      0.1025,       0.1,       0.105, 0.000336175,   0.000311951
    545,         1,        32,          0.04,         0,      0.08,      0.1075,     0.105,        0.11,           0,             0
    546,         2,        32,          0.12,      0.08,      0.16,      0.1075,     0.105,        0.11,           0,             0
    547,         3,        32,           0.2,      0.16,      0.24,      0.1075,     0.105,        0.11,    0.025646,    0.00972716
    548,         4,        32,          0.28,      0.24,      0.32,      0.1075,     0.105,        0.11,     1.14243,      0.115969
    549,         5,        32,          0.36,      0.32,       0.4,      0.1075,     0.105,        0.11,     2.31534,      0.099845
    550,         6,        32,          0.44,       0.4,      0.48,      0.1075,     0.105,        0.11,     1.98592,     0.0472351
    551,         7,        32,          0.52,      0.48,      0.56,      0.1075,     0.105,        0.11,    0.737746,     0.0224847
    552,         8,        32,           0.6,      0.56,      0.64,      0.1075,     0.105,        0.11,    0.134007,    0.00990816
    553,         9,        32,          0.68,      0.64,      0.72,      0.1075,     0.105,        0.11,   0.0357066,    0.00432288
    554,        10,        32,          0.76,      0.72,       0.8,      0.1075,     0.105,        0.11,   0.0114867,    0.00384919
    555,        11,        32,          0.84,       0.8,      0.88,      0.1075,     0.105,        0.11,   0.0096402,    0.00363265
    556,        12,        32,          0.92,      0.88,      0.96,      0.1075,     0.105,        0.11,  0.00170504,     0.0011498
    557,        13,        32,             1,      0.96,      1.04,      0.1075,     0.105,        0.11, 0.000545427,   0.000294852
    558,        14,        32,          1.08,      1.04,      1.12,      0.1075,     0.105,        0.11, 0.000382516,   0.000243309
    559,        15,        32,          1.16,      1.12,       1.2,      0.1075,     0.105,        0.11,  0.00108488,    0.00060667
    562,         1,        33,          0.04,         0,      0.08,      0.1125,      0.11,       0.115,           0,             0
    563,         2,        33,          0.12,      0.08,      0.16,      0.1125,      0.11,       0.115,           0,             0
    564,         3,        33,           0.2,      0.16,      0.24,      0.1125,      0.11,       0.115,  0.00471256,    0.00175781
    565,         4,        33,          0.28,      0.24,      0.32,      0.1125,      0.11,       0.115,     1.03666,      0.120055
    566,         5,        33,          0.36,      0.32,       0.4,      0.1125,      0.11,       0.115,     2.34024,      0.104877
    567,         6,        33,          0.44,       0.4,      0.48,      0.1125,      0.11,       0.115,     1.97317,     0.0450129
    568,         7,        33,          0.52,      0.48,      0.56,      0.1125,      0.11,       0.115,    0.762143,     0.0233126
    569,         8,        33,           0.6,      0.56,      0.64,      0.1125,      0.11,       0.115,    0.164834,     0.0102774
    570,         9,        33,          0.68,      0.64,      0.72,      0.1125,      0.11,       0.115,   0.0411196,    0.00554261
    571,        10,        33,          0.76,      0.72,       0.8,      0.1125,      0.11,       0.115,   0.0106406,    0.00222047
    572,        11,        33,          0.84,       0.8,      0.88,      0.1125,      0.11,       0.115,  0.00542439,    0.00170284
    573,        12,        33,          0.92,      0.88,      0.96,      0.1125,      0.11,       0.115,  0.00706778,    0.00374084
    574,        13,        33,             1,      0.96,      1.04,      0.1125,      0.11,       0.115,  0.00278743,    0.00105537
    575,        14,        33,          1.08,      1.04,      1.12,      0.1125,      0.11,       0.115,  0.00189341,    0.00139928
    576,        15,        33,          1.16,      1.12,       1.2,      0.1125,      0.11,       0.115, 0.000317321,   0.000226608
    579,         1,        34,          0.04,         0,      0.08,      0.1175,     0.115,        0.12,           0,             0
    580,         2,        34,          0.12,      0.08,      0.16,      0.1175,     0.115,        0.12,           0,             0
    581,         3,        34,           0.2,      0.16,      0.24,      0.1175,     0.115,        0.12,  0.00369369,    0.00193291
    582,         4,        34,          0.28,      0.24,      0.32,      0.1175,     0.115,        0.12,    0.999621,      0.126015
    583,         5,        34,          0.36,      0.32,       0.4,      0.1175,     0.115,        0.12,     2.02186,     0.0928636
    584,         6,        34,          0.44,       0.4,      0.48,      0.1175,     0.115,        0.12,     1.89546,     0.0506045
    585,         7,        34,          0.52,      0.48,      0.56,      0.1175,     0.115,        0.12,    0.823857,     0.0245031
    586,         8,        34,           0.6,      0.56,      0.64,      0.1175,     0.115,        0.12,    0.163611,    0.00976624
    587,         9,        34,          0.68,      0.64,      0.72,      0.1175,     0.115,        0.12,   0.0471344,     0.0134629
    588,        10,        34,          0.76,      0.72,       0.8,      0.1175,     0.115,        0.12,    0.014039,    0.00308092
    589,        11,        34,          0.84,       0.8,      0.88,      0.1175,     0.115,        0.12,   0.0112952,    0.00380074
    590,        12,        34,          0.92,      0.88,      0.96,      0.1175,     0.115,        0.12,  0.00346829,    0.00158394
    591,        13,        34,             1,      0.96,      1.04,      0.1175,     0.115,        0.12, 0.000609166,   0.000367228
    592,        14,        34,          1.08,      1.04,      1.12,      0.1175,     0.115,        0.12, 0.000213949,    0.00013018
    593,        15,        34,          1.16,      1.12,       1.2,      0.1175,     0.115,        0.12,  2.8166e-05,    2.8166e-05
    596,         1,        35,          0.04,         0,      0.08,      0.1225,      0.12,       0.125,           0,             0
    597,         2,        35,          0.12,      0.08,      0.16,      0.1225,      0.12,       0.125,           0,             0
    598,         3,        35,           0.2,      0.16,      0.24,      0.1225,      0.12,       0.125,  0.00012104,    0.00012104
    599,         4,        35,          0.28,      0.24,      0.32,      0.1225,      0.12,       0.125,    0.768344,      0.117843
    600,         5,        35,          0.36,      0.32,       0.4,      0.1225,      0.12,       0.125,     1.94177,     0.0990989
    601,         6,        35,          0.44,       0.4,      0.48,      0.1225,      0.12,       0.125,     1.87458,     0.0567057
    602,         7,        35,          0.52,      0.48,      0.56,      0.1225,      0.12,       0.125,    0.839444,     0.0270105
    603,         8,        35,           0.6,      0.56,      0.64,      0.1225,      0.12,       0.125,    0.182926,     0.0123736
    604,         9,        35,          0.68,      0.64,      0.72,      0.1225,      0.12,       0.125,   0.0530264,    0.00832544
    605,        10,        35,          0.76,      0.72,       0.8,      0.1225,      0.12,       0.125,   0.0215414,     0.0045536
    606,        11,        35,          0.84,       0.8,      0.88,      0.1225,      0.12,       0.125,   0.0080308,    0.00243988
    607,        12,        35,          0.92,      0.88,      0.96,      0.1225,      0.12,       0.125,  0.00799756,    0.00553174
    608,        13,        35,             1,      0.96,      1.04,      0.1225,      0.12,       0.125,  0.00443055,    0.00167739
    609,        14,        35,          1.08,      1.04,      1.12,      0.1225,      0.12,       0.125, 0.000869391,   0.000596311
    610,        15,        35,          1.16,      1.12,       1.2,      0.1225,      0.12,       0.125,           0,             0
    613,         1,        36,          0.04,         0,      0.08,      0.1275,     0.125,        0.13,           0,             0
    614,         2,        36,          0.12,      0.08,      0.16,      0.1275,     0.125,        0.13,           0,             0
    615,         3,        36,           0.2,      0.16,      0.24,      0.1275,     0.125,        0.13,           0,             0
    616,         4,        36,          0.28,      0.24,      0.32,      0.1275,     0.125,        0.13,    0.692485,       0.12141
    617,         5,        36,          0.36,      0.32,       0.4,      0.1275,     0.125,        0.13,     1.80232,     0.0972058
    618,         6,        36,          0.44,       0.4,      0.48,      0.1275,     0.125,        0.13,     2.02378,     0.0794613
    619,         7,        36,          0.52,      0.48,      0.56,      0.1275,     0.125,        0.13,    0.836424,     0.0249883
    620,         8,        36,           0.6,      0.56,      0.64,      0.1275,     0.125,        0.13,    0.188559,    0.00995076
    621,         9,        36,          0.68,      0.64,      0.72,      0.1275,     0.125,        0.13,   0.0388148,    0.00395362
    622,        10,        36,          0.76,      0.72,       0.8,      0.1275,     0.125,        0.13,   0.0134744,    0.00279231
    623,        11,        36,          0.84,       0.8,      0.88,      0.1275,     0.125,        0.13,   0.0149401,    0.00537347
    624,        12,        36,          0.92,      0.88,      0.96,      0.1275,     0.125,        0.13, 0.000853862,   0.000348786
    625,        13,        36,             1,      0.96,      1.04,      0.1275,     0.125,        0.13,  0.00117282,   0.000733701
    626,        14,        36,          1.08,      1.04,      1.12,      0.1275,     0.125,        0.13, 0.000735311,   0.000441283
    627,        15,        36,          1.16,      1.12,       1.2,      0.1275,     0.125,        0.13,  0.00141101,    0.00073478
    630,         1,        37,          0.04,         0,      0.08,      0.1325,      0.13,       0.135,           0,             0
    631,         2,        37,          0.12,      0.08,      0.16,      0.1325,      0.13,       0.135,           0,             0
    632,         3,        37,           0.2,      0.16,      0.24,      0.1325,      0.13,       0.135, 0.000412765,   0.000412765
    633,         4,        37,          0.28,      0.24,      0.32,      0.1325,      0.13,       0.135,    0.636222,      0.122193
    634,         5,        37,          0.36,      0.32,       0.4,      0.1325,      0.13,       0.135,     1.74422,     0.0963495
    635,         6,        37,          0.44,       0.4,      0.48,      0.1325,      0.13,       0.135,     1.80636,     0.0608985
    636,         7,        37,          0.52,      0.48,      0.56,      0.1325,      0.13,       0.135,    0.931904,     0.0371853
    637,         8,        37,           0.6,      0.56,      0.64,      0.1325,      0.13,       0.135,    0.218785,     0.0118885
    638,         9,        37,          0.68,      0.64,      0.72,      0.1325,      0.13,       0.135,    0.034933,    0.00357931
    639,        10,        37,          0.76,      0.72,       0.8,      0.1325,      0.13,       0.135,   0.0233403,    0.00548949
    640,        11,        37,          0.84,       0.8,      0.88,      0.1325,      0.13,       0.135,  0.00518433,    0.00134586
    641,        12,        37,          0.92,      0.88,      0.96,      0.1325,      0.13,       0.135,  0.00113686,    0.00053094
    642,        13,        37,             1,      0.96,      1.04,      0.1325,      0.13,       0.135, 0.000356926,    0.00017438
    643,        14,        37,          1.08,      1.04,      1.12,      0.1325,      0.13,       0.135,  0.00140026,    0.00102603
    644,        15,        37,          1.16,      1.12,       1.2,      0.1325,      0.13,       0.135, 0.000219189,   0.000219189
    647,         1,        38,          0.04,         0,      0.08,      0.1375,     0.135,        0.14,           0,             0
    648,         2,        38,          0.12,      0.08,      0.16,      0.1375,     0.135,        0.14,           0,             0
    649,         3,        38,           0.2,      0.16,      0.24,      0.1375,     0.135,        0.14, 8.71291e-05,   8.71291e-05
    650,         4,        38,          0.28,      0.24,      0.32,      0.1375,     0.135,        0.14,    0.483985,      0.112736
    651,         5,        38,          0.36,      0.32,       0.4,      0.1375,     0.135,        0.14,     1.83269,      0.127093
    652,         6,        38,          0.44,       0.4,      0.48,      0.1375,     0.135,        0.14,       1.795,     0.0608561
    653,         7,        38,          0.52,      0.48,      0.56,      0.1375,     0.135,        0.14,    0.829543,     0.0254064
    654,         8,        38,           0.6,      0.56,      0.64,      0.1375,     0.135,        0.14,     0.24623,     0.0169031
    655,         9,        38,          0.68,      0.64,      0.72,      0.1375,     0.135,        0.14,   0.0485082,    0.00545433
    656,        10,        38,          0.76,      0.72,       0.8,      0.1375,     0.135,        0.14,   0.0198013,    0.00691764
    657,        11,        38,          0.84,       0.8,      0.88,      0.1375,     0.135,        0.14,   0.0113793,    0.00626538
    658,        12,        38,          0.92,      0.88,      0.96,      0.1375,     0.135,        0.14,  0.00733965,    0.00377155
    659,        13,        38,             1,      0.96,      1.04,      0.1375,     0.135,        0.14,  0.00140064,   0.000783075
    660,        14,        38,          1.08,      1.04,      1.12,      0.1375,     0.135,        0.14,  6.0172e-05,    6.0172e-05
    661,        15,        38,          1.16,      1.12,       1.2,      0.1375,     0.135,        0.14, 0.000308068,   0.000308068
    664,         1,        39,          0.04,         0,      0.08,      0.1425,      0.14,       0.145,           0,             0
    665,         2,        39,          0.12,      0.08,      0.16,      0.1425,      0.14,       0.145,           0,             0
    666,         3,        39,           0.2,      0.16,      0.24,      0.1425,      0.14,       0.145,           0,             0
    667,         4,        39,          0.28,      0.24,      0.32,      0.1425,      0.14,       0.145,    0.365184,     0.0990727
    668,         5,        39,          0.36,      0.32,       0.4,      0.1425,      0.14,       0.145,     1.75011,      0.122754
    669,         6,        39,          0.44,       0.4,      0.48,      0.1425,      0.14,       0.145,     1.67355,     0.0626032
    670,         7,        39,          0.52,      0.48,      0.56,      0.1425,      0.14,       0.145,    0.857224,     0.0305998
    671,         8,        39,           0.6,      0.56,      0.64,      0.1425,      0.14,       0.145,    0.283493,     0.0131454
    672,         9,        39,          0.68,      0.64,      0.72,      0.1425,      0.14,       0.145,   0.0641115,      0.010694
    673,        10,        39,          0.76,      0.72,       0.8,      0.1425,      0.14,       0.145,   0.0358639,    0.00985201
    674,        11,        39,          0.84,       0.8,      0.88,      0.1425,      0.14,       0.145,  0.00748747,    0.00265261
    675,        12,        39,          0.92,      0.88,      0.96,      0.1425,      0.14,       0.145,  0.00481257,    0.00175324
    676,        13,        39,             1,      0.96,      1.04,      0.1425,      0.14,       0.145,   0.0017478,    0.00116615
    677,        14,        39,          1.08,      1.04,      1.12,      0.1425,      0.14,       0.145,  0.00103818,   0.000683774
    678,        15,        39,          1.16,      1.12,       1.2,      0.1425,      0.14,       0.145,  0.00069542,   0.000536685
    681,         1,        40,          0.04,         0,      0.08,      0.1475,     0.145,        0.15,           0,             0
    682,         2,        40,          0.12,      0.08,      0.16,      0.1475,     0.145,        0.15,           0,             0
    683,         3,        40,           0.2,      0.16,      0.24,      0.1475,     0.145,        0.15,           0,             0
    684,         4,        40,          0.28,      0.24,      0.32,      0.1475,     0.145,        0.15,    0.342778,     0.0885236
    685,         5,        40,          0.36,      0.32,       0.4,      0.1475,     0.145,        0.15,     1.22189,     0.0941916
    686,         6,        40,          0.44,       0.4,      0.48,      0.1475,     0.145,        0.15,     1.55077,     0.0604933
    687,         7,        40,          0.52,      0.48,      0.56,      0.1475,     0.145,        0.15,    0.946727,     0.0332224
    688,         8,        40,           0.6,      0.56,      0.64,      0.1475,     0.145,        0.15,    0.278698,     0.0124529
    689,         9,        40,          0.68,      0.64,      0.72,      0.1475,     0.145,        0.15,   0.0742992,    0.00919587
    690,        10,        40,          0.76,      0.72,       0.8,      0.1475,     0.145,        0.15,   0.0204639,    0.00639633
    691,        11,        40,          0.84,       0.8,      0.88,      0.1475,     0.145,        0.15,   0.0108047,    0.00416234
    692,        12,        40,          0.92,      0.88,      0.96,      0.1475,     0.145,        0.15,  0.00425974,    0.00239501
    693,        13,        40,             1,      0.96,      1.04,      0.1475,     0.145,        0.15, 0.000920366,   0.000453129
    694,        14,        40,          1.08,      1.04,      1.12,      0.1475,     0.145,        0.15,  2.3651e-05,    2.3651e-05
    695,        15,        40,          1.16,      1.12,       1.2,      0.1475,     0.145,        0.15, 8.25127e-05,   6.54128e-05
    698,         1,        41,          0.04,         0,      0.08,      0.1525,      0.15,       0.155,           0,             0
    699,         2,        41,          0.12,      0.08,      0.16,      0.1525,      0.15,       0.155,           0,             0
    700,         3,        41,           0.2,      0.16,      0.24,      0.1525,      0.15,       0.155,           0,             0
    701,         4,        41,          0.28,      0.24,      0.32,      0.1525,      0.15,       0.155,    0.148716,     0.0517364
    702,         5,        41,          0.36,      0.32,       0.4,      0.1525,      0.15,       0.155,     1.29869,      0.121849
    703,         6,        41,          0.44,       0.4,      0.48,      0.1525,      0.15,       0.155,     1.57918,     0.0701472
    704,         7,        41,          0.52,      0.48,      0.56,      0.1525,      0.15,       0.155,    0.980491,     0.0394078
    705,         8,        41,           0.6,      0.56,      0.64,      0.1525,      0.15,       0.155,    0.308472,     0.0167319
    706,         9,        41,          0.68,      0.64,      0.72,      0.1525,      0.15,       0.155,    0.059072,    0.00673768
    707,        10,        41,          0.76,      0.72,       0.8,      0.1525,      0.15,       0.155,   0.0229881,     0.0081142
    708,        11,        41,          0.84,       0.8,      0.88,      0.1525,      0.15,       0.155,  0.00564923,    0.00200115
    709,        12,        41,          0.92,      0.88,      0.96,      0.1525,      0.15,       0.155,  0.00143623,    0.00062733
    710,        13,        41,             1,      0.96,      1.04,      0.1525,      0.15,       0.155,  0.00270216,    0.00126811
    711,        14,        41,          1.08,      1.04,      1.12,      0.1525,      0.15,       0.155, 0.000114449,   7.00155e-05
    712,        15,        41,          1.16,      1.12,       1.2,      0.1525,      0.15,       0.155, 0.000499758,   0.000396368
    715,         1,        42,          0.04,         0,      0.08,      0.1575,     0.155,        0.16,           0,             0
    716,         2,        42,          0.12,      0.08,      0.16,      0.1575,     0.155,        0.16,           0,             0
    717,         3,        42,           0.2,      0.16,      0.24,      0.1575,     0.155,        0.16,           0,             0
    718,         4,        42,          0.28,      0.24,      0.32,      0.1575,     0.155,        0.16,     0.17435,     0.0731512
    719,         5,        42,          0.36,      0.32,       0.4,      0.1575,     0.155,        0.16,     1.09385,      0.112023
    720,         6,        42,          0.44,       0.4,      0.48,      0.1575,     0.155,        0.16,     1.57372,     0.0780822
    721,         7,        42,          0.52,      0.48,      0.56,      0.1575,     0.155,        0.16,    0.914322,     0.0332991
    722,         8,        42,           0.6,      0.56,      0.64,      0.1575,     0.155,        0.16,    0.329618,     0.0155271
    723,         9,        42,          0.68,      0.64,      0.72,      0.1575,     0.155,        0.16,   0.0654945,    0.00659271
    724,        10,        42,          0.76,      0.72,       0.8,      0.1575,     0.155,        0.16,   0.0325619,     0.0115786
    725,        11,        42,          0.84,       0.8,      0.88,      0.1575,     0.155,        0.16,  0.00772602,    0.00219768
    726,        12,        42,          0.92,      0.88,      0.96,      0.1575,     0.155,        0.16,  0.00354791,    0.00187336
    727,        13,        42,             1,      0.96,      1.04,      0.1575,     0.155,        0.16, 0.000511954,   0.000314783
    728,        14,        42,          1.08,      1.04,      1.12,      0.1575,     0.155,        0.16,  0.00109706,   0.000655123
    729,        15,        42,          1.16,      1.12,       1.2,      0.1575,     0.155,        0.16, 1.43061e-05,   1.43061e-05
    732,         1,        43,          0.04,         0,      0.08,      0.1625,      0.16,       0.165,           0,             0
    733,         2,        43,          0.12,      0.08,      0.16,      0.1625,      0.16,       0.165,           0,             0
    734,         3,        43,           0.2,      0.16,      0.24,      0.1625,      0.16,       0.165,           0,             0
    735,         4,        43,          0.28,      0.24,      0.32,      0.1625,      0.16,       0.165,    0.179522,     0.0785135
    736,         5,        43,          0.36,      0.32,       0.4,      0.1625,      0.16,       0.165,     1.10937,      0.127263
    737,         6,        43,          0.44,       0.4,      0.48,      0.1625,      0.16,       0.165,     1.42205,     0.0680291
    738,         7,        43,          0.52,      0.48,      0.56,      0.1625,      0.16,       0.165,    0.926549,     0.0347185
    739,         8,        43,           0.6,      0.56,      0.64,      0.1625,      0.16,       0.165,      0.3589,     0.0229165
    740,         9,        43,          0.68,      0.64,      0.72,      0.1625,      0.16,       0.165,   0.0748219,    0.00708759
    741,        10,        43,          0.76,      0.72,       0.8,      0.1625,      0.16,       0.165,   0.0164642,    0.00346166
    742,        11,        43,          0.84,       0.8,      0.88,      0.1625,      0.16,       0.165,  0.00365144,    0.00132679
    743,        12,        43,          0.92,      0.88,      0.96,      0.1625,      0.16,       0.165,  0.00103554,   0.000685837
    744,        13,        43,             1,      0.96,      1.04,      0.1625,      0.16,       0.165, 0.000717076,   0.000493298
    745,        14,        43,          1.08,      1.04,      1.12,      0.1625,      0.16,       0.165, 1.98138e-05,   1.98138e-05
    746,        15,        43,          1.16,      1.12,       1.2,      0.1625,      0.16,       0.165, 0.000374597,   0.000327636
    749,         1,        44,          0.04,         0,      0.08,      0.1675,     0.165,        0.17,           0,             0
    750,         2,        44,          0.12,      0.08,      0.16,      0.1675,     0.165,        0.17,           0,             0
    751,         3,        44,           0.2,      0.16,      0.24,      0.1675,     0.165,        0.17,           0,             0
    752,         4,        44,          0.28,      0.24,      0.32,      0.1675,     0.165,        0.17,     0.02228,     0.0147986
    753,         5,        44,          0.36,      0.32,       0.4,      0.1675,     0.165,        0.17,    0.839529,     0.0966228
    754,         6,        44,          0.44,       0.4,      0.48,      0.1675,     0.165,        0.17,     1.49055,     0.0818982
    755,         7,        44,          0.52,      0.48,      0.56,      0.1675,     0.165,        0.17,    0.918257,     0.0376576
    756,         8,        44,           0.6,      0.56,      0.64,      0.1675,     0.165,        0.17,    0.336207,     0.0151205
    757,         9,        44,          0.68,      0.64,      0.72,      0.1675,     0.165,        0.17,   0.0704038,    0.00601422
    758,        10,        44,          0.76,      0.72,       0.8,      0.1675,     0.165,        0.17,    0.021146,    0.00534605
    759,        11,        44,          0.84,       0.8,      0.88,      0.1675,     0.165,        0.17,   0.0144382,    0.00824731
    760,        12,        44,          0.92,      0.88,      0.96,      0.1675,     0.165,        0.17,  0.00277227,   0.000988306
    761,        13,        44,             1,      0.96,      1.04,      0.1675,     0.165,        0.17,  0.00396359,    0.00288761
    762,        14,        44,          1.08,      1.04,      1.12,      0.1675,     0.165,        0.17, 0.000481189,   0.000298747
    763,        15,        44,          1.16,      1.12,       1.2,      0.1675,     0.165,        0.17,  8.9726e-05,    8.9726e-05
    766,         1,        45,          0.04,         0,      0.08,      0.1725,      0.17,       0.175,           0,             0
    767,         2,        45,          0.12,      0.08,      0.16,      0.1725,      0.17,       0.175,           0,             0
    768,         3,        45,           0.2,      0.16,      0.24,      0.1725,      0.17,       0.175,           0,             0
    769,         4,        45,          0.28,      0.24,      0.32,      0.1725,      0.17,       0.175,   0.0337005,     0.0262067
    770,         5,        45,          0.36,      0.32,       0.4,      0.1725,      0.17,       0.175,    0.800347,      0.123678
    771,         6,        45,          0.44,       0.4,      0.48,      0.1725,      0.17,       0.175,     1.22468,     0.0718656
    772,         7,        45,          0.52,      0.48,      0.56,      0.1725,      0.17,       0.175,    0.932319,      0.039177
    773,         8,        45,           0.6,      0.56,      0.64,      0.1725,      0.17,       0.175,    0.326507,     0.0178253
    774,         9,        45,          0.68,      0.64,      0.72,      0.1725,      0.17,       0.175,    0.065473,    0.00803569
    775,        10,        45,          0.76,      0.72,       0.8,      0.1725,      0.17,       0.175,   0.0139293,    0.00256497
    776,        11,        45,          0.84,       0.8,      0.88,      0.1725,      0.17,       0.175,  0.00327365,    0.00113723
    777,        12,        45,          0.92,      0.88,      0.96,      0.1725,      0.17,       0.175,  0.00326333,    0.00150915
    778,        13,        45,             1,      0.96,      1.04,      0.1725,      0.17,       0.175,  0.00183165,   0.000859571
    779,        14,        45,          1.08,      1.04,      1.12,      0.1725,      0.17,       0.175, 9.24311e-05,   7.98752e-05
    780,        15,        45,          1.16,      1.12,       1.2,      0.1725,      0.17,       0.175,           0,             0
    783,         1,        46,          0.04,         0,      0.08,      0.1775,     0.175,        0.18,           0,             0
    784,         2,        46,          0.12,      0.08,      0.16,      0.1775,     0.175,        0.18,           0,             0
    785,         3,        46,           0.2,      0.16,      0.24,      0.1775,     0.175,        0.18,           0,             0
    786,         4,        46,          0.28,      0.24,      0.32,      0.1775,     0.175,        0.18,  0.00962388,    0.00606582
    787,         5,        46,          0.36,      0.32,       0.4,      0.1775,     0.175,        0.18,    0.658696,      0.102949
    788,         6,        46,          0.44,       0.4,      0.48,      0.1775,     0.175,        0.18,     1.27529,     0.0789441
    789,         7,        46,          0.52,      0.48,      0.56,      0.1775,     0.175,        0.18,    0.935642,     0.0427123
    790,         8,        46,           0.6,      0.56,      0.64,      0.1775,     0.175,        0.18,    0.318735,     0.0158361
    791,         9,        46,          0.68,      0.64,      0.72,      0.1775,     0.175,        0.18,   0.0750485,    0.00934847
    792,        10,        46,          0.76,      0.72,       0.8,      0.1775,     0.175,        0.18,   0.0151607,    0.00324242
    793,        11,        46,          0.84,       0.8,      0.88,      0.1775,     0.175,        0.18,  0.00767127,    0.00246005
    794,        12,        46,          0.92,      0.88,      0.96,      0.1775,     0.175,        0.18,  0.00535205,    0.00378567
    795,        13,        46,             1,      0.96,      1.04,      0.1775,     0.175,        0.18, 0.000811282,   0.000479641
    796,        14,        46,          1.08,      1.04,      1.12,      0.1775,     0.175,        0.18, 0.000413745,   0.000244055
    797,        15,        46,          1.16,      1.12,       1.2,      0.1775,     0.175,        0.18, 0.000393602,   0.000304306
    800,         1,        47,          0.04,         0,      0.08,      0.1825,      0.18,       0.185,           0,             0
    801,         2,        47,          0.12,      0.08,      0.16,      0.1825,      0.18,       0.185,           0,             0
    802,         3,        47,           0.2,      0.16,      0.24,      0.1825,      0.18,       0.185,           0,             0
    803,         4,        47,          0.28,      0.24,      0.32,      0.1825,      0.18,       0.185,  0.00414533,    0.00314624
    804,         5,        47,          0.36,      0.32,       0.4,      0.1825,      0.18,       0.185,     0.57459,     0.0819501
    805,         6,        47,          0.44,       0.4,      0.48,      0.1825,      0.18,       0.185,     1.34641,      0.124526
    806,         7,        47,          0.52,      0.48,      0.56,      0.1825,      0.18,       0.185,     0.90088,     0.0517292
    807,         8,        47,           0.6,      0.56,      0.64,      0.1825,      0.18,       0.185,    0.307302,     0.0163503
    808,         9,        47,          0.68,      0.64,      0.72,      0.1825,      0.18,       0.185,    0.068335,    0.00738843
    809,        10,        47,          0.76,      0.72,       0.8,      0.1825,      0.18,       0.185,   0.0124242,     0.0027375
    810,        11,        47,          0.84,       0.8,      0.88,      0.1825,      0.18,       0.185,  0.00822238,    0.00210977
    811,        12,        47,          0.92,      0.88,      0.96,      0.1825,      0.18,       0.185,  0.00430398,    0.00259009
    812,        13,        47,             1,      0.96,      1.04,      0.1825,      0.18,       0.185,  0.00401185,    0.00173205
    813,        14,        47,          1.08,      1.04,      1.12,      0.1825,      0.18,       0.185, 0.000887372,   0.000468401
    814,        15,        47,          1.16,      1.12,       1.2,      0.1825,      0.18,       0.185, 0.000265378,     0.0001883
    817,         1,        48,          0.04,         0,      0.08,      0.1875,     0.185,        0.19,           0,             0
    818,         2,        48,          0.12,      0.08,      0.16,      0.1875,     0.185,        0.19,           0,             0
    819,         3,        48,           0.2,      0.16,      0.24,      0.1875,     0.185,        0.19,           0,             0
    820,         4,        48,          0.28,      0.24,      0.32,      0.1875,     0.185,        0.19,  0.00579295,    0.00493036
    821,         5,        48,          0.36,      0.32,       0.4,      0.1875,     0.185,        0.19,    0.524056,      0.110518
    822,         6,        48,          0.44,       0.4,      0.48,      0.1875,     0.185,        0.19,      1.0451,     0.0777402
    823,         7,        48,          0.52,      0.48,      0.56,      0.1875,     0.185,        0.19,    0.827516,     0.0396823
    824,         8,        48,           0.6,      0.56,      0.64,      0.1875,     0.185,        0.19,    0.286352,     0.0166301
    825,         9,        48,          0.68,      0.64,      0.72,      0.1875,     0.185,        0.19,    0.097369,     0.0219009
    826,        10,        48,          0.76,      0.72,       0.8,      0.1875,     0.185,        0.19,   0.0120313,    0.00246673
    827,        11,        48,          0.84,       0.8,      0.88,      0.1875,     0.185,        0.19,  0.00515576,    0.00156474
    828,        12,        48,          0.92,      0.88,      0.96,      0.1875,     0.185,        0.19,  0.00184791,    0.00116738
    829,        13,        48,             1,      0.96,      1.04,      0.1875,     0.185,        0.19, 0.000732509,   0.000563485
    830,        14,        48,          1.08,      1.04,      1.12,      0.1875,     0.185,        0.19,  0.00157022,    0.00135033
    831,        15,        48,          1.16,      1.12,       1.2,      0.1875,     0.185,        0.19,           0,             0
    834,         1,        49,          0.04,         0,      0.08,      0.1925,      0.19,       0.195,           0,             0
    835,         2,        49,          0.12,      0.08,      0.16,      0.1925,      0.19,       0.195,           0,             0
    836,         3,        49,           0.2,      0.16,      0.24,      0.1925,      0.19,       0.195,           0,             0
    837,         4,        49,          0.28,      0.24,      0.32,      0.1925,      0.19,       0.195,           0,             0
    838,         5,        49,          0.36,      0.32,       0.4,      0.1925,      0.19,       0.195,    0.465241,      0.100238
    839,         6,        49,          0.44,       0.4,      0.48,      0.1925,      0.19,       0.195,    0.988219,     0.0735229
    840,         7,        49,          0.52,      0.48,      0.56,      0.1925,      0.19,       0.195,    0.755151,     0.0413052
    841,         8,        49,           0.6,      0.56,      0.64,      0.1925,      0.19,       0.195,    0.316111,     0.0204084
    842,         9,        49,          0.68,      0.64,      0.72,      0.1925,      0.19,       0.195,   0.0855643,    0.00841349
    843,        10,        49,          0.76,      0.72,       0.8,      0.1925,      0.19,       0.195,   0.0192083,    0.00439229
    844,        11,        49,          0.84,       0.8,      0.88,      0.1925,      0.19,       0.195,  0.00449177,    0.00107978
    845,        12,        49,          0.92,      0.88,      0.96,      0.1925,      0.19,       0.195,  0.00240613,    0.00089122
    846,        13,        49,             1,      0.96,      1.04,      0.1925,      0.19,       0.195, 0.000537854,   0.000374112
    847,        14,        49,          1.08,      1.04,      1.12,      0.1925,      0.19,       0.195, 2.07782e-05,   2.07782e-05
    848,        15,        49,          1.16,      1.12,       1.2,      0.1925,      0.19,       0.195,           0,             0
    851,         1,        50,          0.04,         0,      0.08,      0.1975,     0.195,         0.2,           0,             0
    852,         2,        50,          0.12,      0.08,      0.16,      0.1975,     0.195,         0.2,           0,             0
    853,         3,        50,           0.2,      0.16,      0.24,      0.1975,     0.195,         0.2,           0,             0
    854,         4,        50,          0.28,      0.24,      0.32,      0.1975,     0.195,         0.2,           0,             0
    855,         5,        50,          0.36,      0.32,       0.4,      0.1975,     0.195,         0.2,    0.304856,     0.0643805
    856,         6,        50,          0.44,       0.4,      0.48,      0.1975,     0.195,         0.2,     1.10989,       0.10391
    857,         7,        50,          0.52,      0.48,      0.56,      0.1975,     0.195,         0.2,    0.766341,     0.0431967
    858,         8,        50,           0.6,      0.56,      0.64,      0.1975,     0.195,         0.2,    0.317619,     0.0412439
    859,         9,        50,          0.68,      0.64,      0.72,      0.1975,     0.195,         0.2,     0.10211,     0.0181986
    860,        10,        50,          0.76,      0.72,       0.8,      0.1975,     0.195,         0.2,   0.0120751,    0.00212345
    861,        11,        50,          0.84,       0.8,      0.88,      0.1975,     0.195,         0.2,   0.0037189,    0.00158985
    862,        12,        50,          0.92,      0.88,      0.96,      0.1975,     0.195,         0.2,  0.00139165,   0.000474947
    863,        13,        50,             1,      0.96,      1.04,      0.1975,     0.195,         0.2, 0.000854257,   0.000444926
    864,        14,        50,          1.08,      1.04,      1.12,      0.1975,     0.195,         0.2, 0.000293527,   0.000208731
    865,        15,        50,          1.16,      1.12,       1.2,      0.1975,     0.195,         0.2,           0,             0
