# 2D Histogram Bin Extraction 
#                   
# histogram parameters:  
# title      : Em_nuc vs. Pm 
# ybins      : 50 
# ylabel     :  
# xbins      : 15 
# xlabel     :  
# ybin_width : 0.005 
# xbin_width : 0.080 
#                   
# header definitions:
# ib:         (x,y)  bin number 
# xb:         x-axis bin number 
# yb:         y-axis bin number 
# x0:         x-axis central bin value 
# xlow:       x-axis low-edge bin value 
# xup:        x-axis up-edge bin value 
# y0:         y-axis central bin value 
# ylow:       y-axis low-edge bin value 
# yup:        y-axis up-edge bin value 
# zcont:      bin content (z-axis) 
# zcont_err:  bin content error (z-axis) 
#                                        
ib,xb,yb,x0,xlow,xup,y0,ylow,yup,zcont,zcont_err
     18,         1,         1,          0.04,         0,      0.08,     -0.0475,     -0.05,      -0.045,           0,             0
     19,         2,         1,          0.12,      0.08,      0.16,     -0.0475,     -0.05,      -0.045,           0,             0
     20,         3,         1,           0.2,      0.16,      0.24,     -0.0475,     -0.05,      -0.045,           0,             0
     21,         4,         1,          0.28,      0.24,      0.32,     -0.0475,     -0.05,      -0.045,           0,             0
     22,         5,         1,          0.36,      0.32,       0.4,     -0.0475,     -0.05,      -0.045,           0,             0
     23,         6,         1,          0.44,       0.4,      0.48,     -0.0475,     -0.05,      -0.045,           0,             0
     24,         7,         1,          0.52,      0.48,      0.56,     -0.0475,     -0.05,      -0.045,  0.00239601,    0.00173865
     25,         8,         1,           0.6,      0.56,      0.64,     -0.0475,     -0.05,      -0.045,           0,             0
     26,         9,         1,          0.68,      0.64,      0.72,     -0.0475,     -0.05,      -0.045,  0.00284623,    0.00208469
     27,        10,         1,          0.76,      0.72,       0.8,     -0.0475,     -0.05,      -0.045,  0.00215373,    0.00167406
     28,        11,         1,          0.84,       0.8,      0.88,     -0.0475,     -0.05,      -0.045, 0.000104143,   0.000104143
     29,        12,         1,          0.92,      0.88,      0.96,     -0.0475,     -0.05,      -0.045, 6.36931e-05,   6.36931e-05
     30,        13,         1,             1,      0.96,      1.04,     -0.0475,     -0.05,      -0.045,           0,             0
     31,        14,         1,          1.08,      1.04,      1.12,     -0.0475,     -0.05,      -0.045,           0,             0
     32,        15,         1,          1.16,      1.12,       1.2,     -0.0475,     -0.05,      -0.045,           0,             0
     35,         1,         2,          0.04,         0,      0.08,     -0.0425,    -0.045,       -0.04,           0,             0
     36,         2,         2,          0.12,      0.08,      0.16,     -0.0425,    -0.045,       -0.04,           0,             0
     37,         3,         2,           0.2,      0.16,      0.24,     -0.0425,    -0.045,       -0.04,           0,             0
     38,         4,         2,          0.28,      0.24,      0.32,     -0.0425,    -0.045,       -0.04,           0,             0
     39,         5,         2,          0.36,      0.32,       0.4,     -0.0425,    -0.045,       -0.04,    0.022249,     0.0181201
     40,         6,         2,          0.44,       0.4,      0.48,     -0.0425,    -0.045,       -0.04,  0.00745651,    0.00434659
     41,         7,         2,          0.52,      0.48,      0.56,     -0.0425,    -0.045,       -0.04,  0.00540497,    0.00540497
     42,         8,         2,           0.6,      0.56,      0.64,     -0.0425,    -0.045,       -0.04, 0.000509603,   0.000509603
     43,         9,         2,          0.68,      0.64,      0.72,     -0.0425,    -0.045,       -0.04, 0.000527269,   0.000527269
     44,        10,         2,          0.76,      0.72,       0.8,     -0.0425,    -0.045,       -0.04,  0.00065275,   0.000472882
     45,        11,         2,          0.84,       0.8,      0.88,     -0.0425,    -0.045,       -0.04,           0,             0
     46,        12,         2,          0.92,      0.88,      0.96,     -0.0425,    -0.045,       -0.04,           0,             0
     47,        13,         2,             1,      0.96,      1.04,     -0.0425,    -0.045,       -0.04,           0,             0
     48,        14,         2,          1.08,      1.04,      1.12,     -0.0425,    -0.045,       -0.04,           0,             0
     49,        15,         2,          1.16,      1.12,       1.2,     -0.0425,    -0.045,       -0.04,           0,             0
     52,         1,         3,          0.04,         0,      0.08,     -0.0375,     -0.04,      -0.035,           0,             0
     53,         2,         3,          0.12,      0.08,      0.16,     -0.0375,     -0.04,      -0.035,           0,             0
     54,         3,         3,           0.2,      0.16,      0.24,     -0.0375,     -0.04,      -0.035,           0,             0
     55,         4,         3,          0.28,      0.24,      0.32,     -0.0375,     -0.04,      -0.035,           0,             0
     56,         5,         3,          0.36,      0.32,       0.4,     -0.0375,     -0.04,      -0.035,           0,             0
     57,         6,         3,          0.44,       0.4,      0.48,     -0.0375,     -0.04,      -0.035,           0,             0
     58,         7,         3,          0.52,      0.48,      0.56,     -0.0375,     -0.04,      -0.035,  0.00991976,    0.00643865
     59,         8,         3,           0.6,      0.56,      0.64,     -0.0375,     -0.04,      -0.035,           0,             0
     60,         9,         3,          0.68,      0.64,      0.72,     -0.0375,     -0.04,      -0.035,  0.00221411,    0.00200715
     61,        10,         3,          0.76,      0.72,       0.8,     -0.0375,     -0.04,      -0.035, 0.000820016,   0.000820016
     62,        11,         3,          0.84,       0.8,      0.88,     -0.0375,     -0.04,      -0.035, 0.000117745,   0.000117745
     63,        12,         3,          0.92,      0.88,      0.96,     -0.0375,     -0.04,      -0.035,           0,             0
     64,        13,         3,             1,      0.96,      1.04,     -0.0375,     -0.04,      -0.035,           0,             0
     65,        14,         3,          1.08,      1.04,      1.12,     -0.0375,     -0.04,      -0.035,           0,             0
     66,        15,         3,          1.16,      1.12,       1.2,     -0.0375,     -0.04,      -0.035,           0,             0
     69,         1,         4,          0.04,         0,      0.08,     -0.0325,    -0.035,       -0.03,           0,             0
     70,         2,         4,          0.12,      0.08,      0.16,     -0.0325,    -0.035,       -0.03,           0,             0
     71,         3,         4,           0.2,      0.16,      0.24,     -0.0325,    -0.035,       -0.03,           0,             0
     72,         4,         4,          0.28,      0.24,      0.32,     -0.0325,    -0.035,       -0.03,           0,             0
     73,         5,         4,          0.36,      0.32,       0.4,     -0.0325,    -0.035,       -0.03,           0,             0
     74,         6,         4,          0.44,       0.4,      0.48,     -0.0325,    -0.035,       -0.03,  0.00493665,    0.00493665
     75,         7,         4,          0.52,      0.48,      0.56,     -0.0325,    -0.035,       -0.03,  0.00881118,    0.00544112
     76,         8,         4,           0.6,      0.56,      0.64,     -0.0325,    -0.035,       -0.03,   0.0238761,    0.00901773
     77,         9,         4,          0.68,      0.64,      0.72,     -0.0325,    -0.035,       -0.03,  0.00397308,    0.00217628
     78,        10,         4,          0.76,      0.72,       0.8,     -0.0325,    -0.035,       -0.03, 0.000328658,   0.000328658
     79,        11,         4,          0.84,       0.8,      0.88,     -0.0325,    -0.035,       -0.03, 0.000360271,   0.000219355
     80,        12,         4,          0.92,      0.88,      0.96,     -0.0325,    -0.035,       -0.03,           0,             0
     81,        13,         4,             1,      0.96,      1.04,     -0.0325,    -0.035,       -0.03,           0,             0
     82,        14,         4,          1.08,      1.04,      1.12,     -0.0325,    -0.035,       -0.03,           0,             0
     83,        15,         4,          1.16,      1.12,       1.2,     -0.0325,    -0.035,       -0.03,           0,             0
     86,         1,         5,          0.04,         0,      0.08,     -0.0275,     -0.03,      -0.025,           0,             0
     87,         2,         5,          0.12,      0.08,      0.16,     -0.0275,     -0.03,      -0.025,           0,             0
     88,         3,         5,           0.2,      0.16,      0.24,     -0.0275,     -0.03,      -0.025,           0,             0
     89,         4,         5,          0.28,      0.24,      0.32,     -0.0275,     -0.03,      -0.025,   0.0406034,     0.0406034
     90,         5,         5,          0.36,      0.32,       0.4,     -0.0275,     -0.03,      -0.025,   0.0162571,     0.0162571
     91,         6,         5,          0.44,       0.4,      0.48,     -0.0275,     -0.03,      -0.025,   0.0233706,     0.0134385
     92,         7,         5,          0.52,      0.48,      0.56,     -0.0275,     -0.03,      -0.025,   0.0201954,    0.00876581
     93,         8,         5,           0.6,      0.56,      0.64,     -0.0275,     -0.03,      -0.025,    0.029003,     0.0098077
     94,         9,         5,          0.68,      0.64,      0.72,     -0.0275,     -0.03,      -0.025,  0.00574302,    0.00250835
     95,        10,         5,          0.76,      0.72,       0.8,     -0.0275,     -0.03,      -0.025,  0.00105045,   0.000445421
     96,        11,         5,          0.84,       0.8,      0.88,     -0.0275,     -0.03,      -0.025, 0.000132989,   0.000132989
     97,        12,         5,          0.92,      0.88,      0.96,     -0.0275,     -0.03,      -0.025,           0,             0
     98,        13,         5,             1,      0.96,      1.04,     -0.0275,     -0.03,      -0.025,           0,             0
     99,        14,         5,          1.08,      1.04,      1.12,     -0.0275,     -0.03,      -0.025,           0,             0
    100,        15,         5,          1.16,      1.12,       1.2,     -0.0275,     -0.03,      -0.025,           0,             0
    103,         1,         6,          0.04,         0,      0.08,     -0.0225,    -0.025,       -0.02,           0,             0
    104,         2,         6,          0.12,      0.08,      0.16,     -0.0225,    -0.025,       -0.02,           0,             0
    105,         3,         6,           0.2,      0.16,      0.24,     -0.0225,    -0.025,       -0.02,           0,             0
    106,         4,         6,          0.28,      0.24,      0.32,     -0.0225,    -0.025,       -0.02,           0,             0
    107,         5,         6,          0.36,      0.32,       0.4,     -0.0225,    -0.025,       -0.02,   0.0596688,     0.0241671
    108,         6,         6,          0.44,       0.4,      0.48,     -0.0225,    -0.025,       -0.02,   0.0524592,     0.0197837
    109,         7,         6,          0.52,      0.48,      0.56,     -0.0225,    -0.025,       -0.02,   0.0609162,     0.0180042
    110,         8,         6,           0.6,      0.56,      0.64,     -0.0225,    -0.025,       -0.02,   0.0240259,    0.00730231
    111,         9,         6,          0.68,      0.64,      0.72,     -0.0225,    -0.025,       -0.02,  0.00332964,     0.0011936
    112,        10,         6,          0.76,      0.72,       0.8,     -0.0225,    -0.025,       -0.02,  0.00100174,   0.000439332
    113,        11,         6,          0.84,       0.8,      0.88,     -0.0225,    -0.025,       -0.02, 8.62944e-05,   8.62944e-05
    114,        12,         6,          0.92,      0.88,      0.96,     -0.0225,    -0.025,       -0.02,           0,             0
    115,        13,         6,             1,      0.96,      1.04,     -0.0225,    -0.025,       -0.02,           0,             0
    116,        14,         6,          1.08,      1.04,      1.12,     -0.0225,    -0.025,       -0.02,           0,             0
    117,        15,         6,          1.16,      1.12,       1.2,     -0.0225,    -0.025,       -0.02,           0,             0
    120,         1,         7,          0.04,         0,      0.08,     -0.0175,     -0.02,      -0.015,           0,             0
    121,         2,         7,          0.12,      0.08,      0.16,     -0.0175,     -0.02,      -0.015,           0,             0
    122,         3,         7,           0.2,      0.16,      0.24,     -0.0175,     -0.02,      -0.015,           0,             0
    123,         4,         7,          0.28,      0.24,      0.32,     -0.0175,     -0.02,      -0.015,    0.154945,     0.0753045
    124,         5,         7,          0.36,      0.32,       0.4,     -0.0175,     -0.02,      -0.015,   0.0787499,      0.030288
    125,         6,         7,          0.44,       0.4,      0.48,     -0.0175,     -0.02,      -0.015,    0.146979,     0.0333664
    126,         7,         7,          0.52,      0.48,      0.56,     -0.0175,     -0.02,      -0.015,   0.0951031,     0.0199176
    127,         8,         7,           0.6,      0.56,      0.64,     -0.0175,     -0.02,      -0.015,    0.066231,     0.0127913
    128,         9,         7,          0.68,      0.64,      0.72,     -0.0175,     -0.02,      -0.015,   0.0127942,    0.00279904
    129,        10,         7,          0.76,      0.72,       0.8,     -0.0175,     -0.02,      -0.015,  0.00208723,   0.000930183
    130,        11,         7,          0.84,       0.8,      0.88,     -0.0175,     -0.02,      -0.015, 0.000356274,   0.000178441
    131,        12,         7,          0.92,      0.88,      0.96,     -0.0175,     -0.02,      -0.015,           0,             0
    132,        13,         7,             1,      0.96,      1.04,     -0.0175,     -0.02,      -0.015,           0,             0
    133,        14,         7,          1.08,      1.04,      1.12,     -0.0175,     -0.02,      -0.015,           0,             0
    134,        15,         7,          1.16,      1.12,       1.2,     -0.0175,     -0.02,      -0.015,           0,             0
    137,         1,         8,          0.04,         0,      0.08,     -0.0125,    -0.015,       -0.01,           0,             0
    138,         2,         8,          0.12,      0.08,      0.16,     -0.0125,    -0.015,       -0.01,           0,             0
    139,         3,         8,           0.2,      0.16,      0.24,     -0.0125,    -0.015,       -0.01,   0.0434184,     0.0434184
    140,         4,         8,          0.28,      0.24,      0.32,     -0.0125,    -0.015,       -0.01,    0.267353,      0.100369
    141,         5,         8,          0.36,      0.32,       0.4,     -0.0125,    -0.015,       -0.01,    0.424001,     0.0745525
    142,         6,         8,          0.44,       0.4,      0.48,     -0.0125,    -0.015,       -0.01,    0.404207,     0.0523309
    143,         7,         8,          0.52,      0.48,      0.56,     -0.0125,    -0.015,       -0.01,    0.258849,     0.0364922
    144,         8,         8,           0.6,      0.56,      0.64,     -0.0125,    -0.015,       -0.01,    0.131669,     0.0179686
    145,         9,         8,          0.68,      0.64,      0.72,     -0.0125,    -0.015,       -0.01,   0.0224072,    0.00447743
    146,        10,         8,          0.76,      0.72,       0.8,     -0.0125,    -0.015,       -0.01,  0.00272814,   0.000759808
    147,        11,         8,          0.84,       0.8,      0.88,     -0.0125,    -0.015,       -0.01, 0.000480859,   0.000250519
    148,        12,         8,          0.92,      0.88,      0.96,     -0.0125,    -0.015,       -0.01,           0,             0
    149,        13,         8,             1,      0.96,      1.04,     -0.0125,    -0.015,       -0.01,           0,             0
    150,        14,         8,          1.08,      1.04,      1.12,     -0.0125,    -0.015,       -0.01,           0,             0
    151,        15,         8,          1.16,      1.12,       1.2,     -0.0125,    -0.015,       -0.01,           0,             0
    154,         1,         9,          0.04,         0,      0.08,     -0.0075,     -0.01,      -0.005,           0,             0
    155,         2,         9,          0.12,      0.08,      0.16,     -0.0075,     -0.01,      -0.005,           0,             0
    156,         3,         9,           0.2,      0.16,      0.24,     -0.0075,     -0.01,      -0.005,      1.1639,      0.549004
    157,         4,         9,          0.28,      0.24,      0.32,     -0.0075,     -0.01,      -0.005,      1.5068,       0.22927
    158,         5,         9,          0.36,      0.32,       0.4,     -0.0075,     -0.01,      -0.005,     1.39043,      0.129056
    159,         6,         9,          0.44,       0.4,      0.48,     -0.0075,     -0.01,      -0.005,     1.36693,      0.100504
    160,         7,         9,          0.52,      0.48,      0.56,     -0.0075,     -0.01,      -0.005,    0.718245,     0.0539914
    161,         8,         9,           0.6,      0.56,      0.64,     -0.0075,     -0.01,      -0.005,    0.249497,     0.0210806
    162,         9,         9,          0.68,      0.64,      0.72,     -0.0075,     -0.01,      -0.005,   0.0513229,    0.00650579
    163,        10,         9,          0.76,      0.72,       0.8,     -0.0075,     -0.01,      -0.005,  0.00337111,   0.000735899
    164,        11,         9,          0.84,       0.8,      0.88,     -0.0075,     -0.01,      -0.005, 0.000517976,    0.00021551
    165,        12,         9,          0.92,      0.88,      0.96,     -0.0075,     -0.01,      -0.005, 0.000138721,   0.000138721
    166,        13,         9,             1,      0.96,      1.04,     -0.0075,     -0.01,      -0.005,           0,             0
    167,        14,         9,          1.08,      1.04,      1.12,     -0.0075,     -0.01,      -0.005,           0,             0
    168,        15,         9,          1.16,      1.12,       1.2,     -0.0075,     -0.01,      -0.005,           0,             0
    171,         1,        10,          0.04,         0,      0.08,     -0.0025,    -0.005,           0,           0,             0
    172,         2,        10,          0.12,      0.08,      0.16,     -0.0025,    -0.005,           0,     2.09832,       1.21213
    173,         3,        10,           0.2,      0.16,      0.24,     -0.0025,    -0.005,           0,     18.9961,       2.25094
    174,         4,        10,          0.28,      0.24,      0.32,     -0.0025,    -0.005,           0,     18.7928,      0.879634
    175,         5,        10,          0.36,      0.32,       0.4,     -0.0025,    -0.005,           0,     8.25235,      0.304544
    176,         6,        10,          0.44,       0.4,      0.48,     -0.0025,    -0.005,           0,     4.10491,      0.155053
    177,         7,        10,          0.52,      0.48,      0.56,     -0.0025,    -0.005,           0,     1.83121,     0.0775623
    178,         8,        10,           0.6,      0.56,      0.64,     -0.0025,    -0.005,           0,    0.524948,      0.030336
    179,         9,        10,          0.68,      0.64,      0.72,     -0.0025,    -0.005,           0,   0.0767661,    0.00675348
    180,        10,        10,          0.76,      0.72,       0.8,     -0.0025,    -0.005,           0,  0.00420123,   0.000776604
    181,        11,        10,          0.84,       0.8,      0.88,     -0.0025,    -0.005,           0, 0.000221375,   0.000156641
    182,        12,        10,          0.92,      0.88,      0.96,     -0.0025,    -0.005,           0,           0,             0
    183,        13,        10,             1,      0.96,      1.04,     -0.0025,    -0.005,           0,           0,             0
    184,        14,        10,          1.08,      1.04,      1.12,     -0.0025,    -0.005,           0,           0,             0
    185,        15,        10,          1.16,      1.12,       1.2,     -0.0025,    -0.005,           0,           0,             0
    188,         1,        11,          0.04,         0,      0.08,      0.0025,         0,       0.005,           0,             0
    189,         2,        11,          0.12,      0.08,      0.16,      0.0025,         0,       0.005,     17.4453,       4.74545
    190,         3,        11,           0.2,      0.16,      0.24,      0.0025,         0,       0.005,     193.237,       6.98567
    191,         4,        11,          0.28,      0.24,      0.32,      0.0025,         0,       0.005,     104.854,       2.01106
    192,         5,        11,          0.36,      0.32,       0.4,      0.0025,         0,       0.005,      32.131,      0.564941
    193,         6,        11,          0.44,       0.4,      0.48,      0.0025,         0,       0.005,      10.436,      0.221762
    194,         7,        11,          0.52,      0.48,      0.56,      0.0025,         0,       0.005,     3.43186,      0.094119
    195,         8,        11,           0.6,      0.56,      0.64,      0.0025,         0,       0.005,    0.832389,     0.0341823
    196,         9,        11,          0.68,      0.64,      0.72,      0.0025,         0,       0.005,    0.109059,    0.00926885
    197,        10,        11,          0.76,      0.72,       0.8,      0.0025,         0,       0.005,  0.00533702,    0.00103466
    198,        11,        11,          0.84,       0.8,      0.88,      0.0025,         0,       0.005, 0.000154554,   0.000110163
    199,        12,        11,          0.92,      0.88,      0.96,      0.0025,         0,       0.005,           0,             0
    200,        13,        11,             1,      0.96,      1.04,      0.0025,         0,       0.005,           0,             0
    201,        14,        11,          1.08,      1.04,      1.12,      0.0025,         0,       0.005,           0,             0
    202,        15,        11,          1.16,      1.12,       1.2,      0.0025,         0,       0.005,           0,             0
    205,         1,        12,          0.04,         0,      0.08,      0.0075,     0.005,        0.01,           0,             0
    206,         2,        12,          0.12,      0.08,      0.16,      0.0075,     0.005,        0.01,      27.106,        5.6398
    207,         3,        12,           0.2,      0.16,      0.24,      0.0075,     0.005,        0.01,     288.797,       8.91837
    208,         4,        12,          0.28,      0.24,      0.32,      0.0075,     0.005,        0.01,     139.471,        2.3792
    209,         5,        12,          0.36,      0.32,       0.4,      0.0075,     0.005,        0.01,     40.7092,      0.632835
    210,         6,        12,          0.44,       0.4,      0.48,      0.0075,     0.005,        0.01,     12.3086,      0.237116
    211,         7,        12,          0.52,      0.48,      0.56,      0.0075,     0.005,        0.01,     3.63716,      0.092572
    212,         8,        12,           0.6,      0.56,      0.64,      0.0075,     0.005,        0.01,     0.87274,     0.0362838
    213,         9,        12,          0.68,      0.64,      0.72,      0.0075,     0.005,        0.01,   0.0970047,    0.00733918
    214,        10,        12,          0.76,      0.72,       0.8,      0.0075,     0.005,        0.01,  0.00477342,   0.000807581
    215,        11,        12,          0.84,       0.8,      0.88,      0.0075,     0.005,        0.01, 5.48912e-05,   5.48912e-05
    216,        12,        12,          0.92,      0.88,      0.96,      0.0075,     0.005,        0.01,           0,             0
    217,        13,        12,             1,      0.96,      1.04,      0.0075,     0.005,        0.01,           0,             0
    218,        14,        12,          1.08,      1.04,      1.12,      0.0075,     0.005,        0.01,           0,             0
    219,        15,        12,          1.16,      1.12,       1.2,      0.0075,     0.005,        0.01,           0,             0
    222,         1,        13,          0.04,         0,      0.08,      0.0125,      0.01,       0.015,           0,             0
    223,         2,        13,          0.12,      0.08,      0.16,      0.0125,      0.01,       0.015,     4.69991,       2.35505
    224,         3,        13,           0.2,      0.16,      0.24,      0.0125,      0.01,       0.015,     80.1203,       4.97723
    225,         4,        13,          0.28,      0.24,      0.32,      0.0125,      0.01,       0.015,     48.9828,       1.46872
    226,         5,        13,          0.36,      0.32,       0.4,      0.0125,      0.01,       0.015,      18.644,      0.451363
    227,         6,        13,          0.44,       0.4,      0.48,      0.0125,      0.01,       0.015,     7.56283,      0.202388
    228,         7,        13,          0.52,      0.48,      0.56,      0.0125,      0.01,       0.015,     2.44127,     0.0879993
    229,         8,        13,           0.6,      0.56,      0.64,      0.0125,      0.01,       0.015,    0.606358,     0.0322156
    230,         9,        13,          0.68,      0.64,      0.72,      0.0125,      0.01,       0.015,   0.0682201,    0.00621551
    231,        10,        13,          0.76,      0.72,       0.8,      0.0125,      0.01,       0.015,  0.00474423,   0.000962482
    232,        11,        13,          0.84,       0.8,      0.88,      0.0125,      0.01,       0.015, 0.000311236,   0.000244524
    233,        12,        13,          0.92,      0.88,      0.96,      0.0125,      0.01,       0.015,           0,             0
    234,        13,        13,             1,      0.96,      1.04,      0.0125,      0.01,       0.015,           0,             0
    235,        14,        13,          1.08,      1.04,      1.12,      0.0125,      0.01,       0.015,           0,             0
    236,        15,        13,          1.16,      1.12,       1.2,      0.0125,      0.01,       0.015,           0,             0
    239,         1,        14,          0.04,         0,      0.08,      0.0175,     0.015,        0.02,           0,             0
    240,         2,        14,          0.12,      0.08,      0.16,      0.0175,     0.015,        0.02,     1.16667,       1.16667
    241,         3,        14,           0.2,      0.16,      0.24,      0.0175,     0.015,        0.02,     29.8835,       2.89765
    242,         4,        14,          0.28,      0.24,      0.32,      0.0175,     0.015,        0.02,     20.8804,      0.996414
    243,         5,        14,          0.36,      0.32,       0.4,      0.0175,     0.015,        0.02,     8.27486,      0.306833
    244,         6,        14,          0.44,       0.4,      0.48,      0.0175,     0.015,        0.02,     3.63437,      0.149521
    245,         7,        14,          0.52,      0.48,      0.56,      0.0175,     0.015,        0.02,     1.42962,      0.070952
    246,         8,        14,           0.6,      0.56,      0.64,      0.0175,     0.015,        0.02,    0.437643,     0.0339141
    247,         9,        14,          0.68,      0.64,      0.72,      0.0175,     0.015,        0.02,   0.0413807,     0.0054985
    248,        10,        14,          0.76,      0.72,       0.8,      0.0175,     0.015,        0.02,  0.00158418,   0.000446234
    249,        11,        14,          0.84,       0.8,      0.88,      0.0175,     0.015,        0.02,  0.00103836,   0.000699442
    250,        12,        14,          0.92,      0.88,      0.96,      0.0175,     0.015,        0.02,           0,             0
    251,        13,        14,             1,      0.96,      1.04,      0.0175,     0.015,        0.02,           0,             0
    252,        14,        14,          1.08,      1.04,      1.12,      0.0175,     0.015,        0.02,           0,             0
    253,        15,        14,          1.16,      1.12,       1.2,      0.0175,     0.015,        0.02,           0,             0
    256,         1,        15,          0.04,         0,      0.08,      0.0225,      0.02,       0.025,           0,             0
    257,         2,        15,          0.12,      0.08,      0.16,      0.0225,      0.02,       0.025,           0,             0
    258,         3,        15,           0.2,      0.16,      0.24,      0.0225,      0.02,       0.025,     21.8212,       2.97737
    259,         4,        15,          0.28,      0.24,      0.32,      0.0225,      0.02,       0.025,     13.5739,      0.891261
    260,         5,        15,          0.36,      0.32,       0.4,      0.0225,      0.02,       0.025,     5.21634,      0.252229
    261,         6,        15,          0.44,       0.4,      0.48,      0.0225,      0.02,       0.025,     2.32033,      0.115299
    262,         7,        15,          0.52,      0.48,      0.56,      0.0225,      0.02,       0.025,    0.956787,     0.0604629
    263,         8,        15,           0.6,      0.56,      0.64,      0.0225,      0.02,       0.025,    0.253992,     0.0252223
    264,         9,        15,          0.68,      0.64,      0.72,      0.0225,      0.02,       0.025,   0.0242695,     0.0035745
    265,        10,        15,          0.76,      0.72,       0.8,      0.0225,      0.02,       0.025,  0.00103679,   0.000344057
    266,        11,        15,          0.84,       0.8,      0.88,      0.0225,      0.02,       0.025, 0.000248891,   0.000248891
    267,        12,        15,          0.92,      0.88,      0.96,      0.0225,      0.02,       0.025,           0,             0
    268,        13,        15,             1,      0.96,      1.04,      0.0225,      0.02,       0.025,           0,             0
    269,        14,        15,          1.08,      1.04,      1.12,      0.0225,      0.02,       0.025,           0,             0
    270,        15,        15,          1.16,      1.12,       1.2,      0.0225,      0.02,       0.025,           0,             0
    273,         1,        16,          0.04,         0,      0.08,      0.0275,     0.025,        0.03,           0,             0
    274,         2,        16,          0.12,      0.08,      0.16,      0.0275,     0.025,        0.03,           0,             0
    275,         3,        16,           0.2,      0.16,      0.24,      0.0275,     0.025,        0.03,     11.9224,       2.30672
    276,         4,        16,          0.28,      0.24,      0.32,      0.0275,     0.025,        0.03,     11.5343,      0.868851
    277,         5,        16,          0.36,      0.32,       0.4,      0.0275,     0.025,        0.03,     3.70684,       0.21844
    278,         6,        16,          0.44,       0.4,      0.48,      0.0275,     0.025,        0.03,     1.82478,      0.111002
    279,         7,        16,          0.52,      0.48,      0.56,      0.0275,     0.025,        0.03,    0.527248,     0.0420582
    280,         8,        16,           0.6,      0.56,      0.64,      0.0275,     0.025,        0.03,    0.184906,     0.0203457
    281,         9,        16,          0.68,      0.64,      0.72,      0.0275,     0.025,        0.03,   0.0268972,    0.00569132
    282,        10,        16,          0.76,      0.72,       0.8,      0.0275,     0.025,        0.03,  0.00115322,   0.000512057
    283,        11,        16,          0.84,       0.8,      0.88,      0.0275,     0.025,        0.03,  0.00023114,   0.000172317
    284,        12,        16,          0.92,      0.88,      0.96,      0.0275,     0.025,        0.03,           0,             0
    285,        13,        16,             1,      0.96,      1.04,      0.0275,     0.025,        0.03,           0,             0
    286,        14,        16,          1.08,      1.04,      1.12,      0.0275,     0.025,        0.03,           0,             0
    287,        15,        16,          1.16,      1.12,       1.2,      0.0275,     0.025,        0.03,           0,             0
    290,         1,        17,          0.04,         0,      0.08,      0.0325,      0.03,       0.035,           0,             0
    291,         2,        17,          0.12,      0.08,      0.16,      0.0325,      0.03,       0.035,           0,             0
    292,         3,        17,           0.2,      0.16,      0.24,      0.0325,      0.03,       0.035,     8.98107,       1.75929
    293,         4,        17,          0.28,      0.24,      0.32,      0.0325,      0.03,       0.035,     10.0426,      0.871075
    294,         5,        17,          0.36,      0.32,       0.4,      0.0325,      0.03,       0.035,     3.45749,      0.222764
    295,         6,        17,          0.44,       0.4,      0.48,      0.0325,      0.03,       0.035,     1.40544,     0.0954365
    296,         7,        17,          0.52,      0.48,      0.56,      0.0325,      0.03,       0.035,    0.540318,     0.0478725
    297,         8,        17,           0.6,      0.56,      0.64,      0.0325,      0.03,       0.035,    0.139229,     0.0184312
    298,         9,        17,          0.68,      0.64,      0.72,      0.0325,      0.03,       0.035,   0.0336541,    0.00825461
    299,        10,        17,          0.76,      0.72,       0.8,      0.0325,      0.03,       0.035, 0.000229698,   0.000162713
    300,        11,        17,          0.84,       0.8,      0.88,      0.0325,      0.03,       0.035, 0.000106231,   0.000106231
    301,        12,        17,          0.92,      0.88,      0.96,      0.0325,      0.03,       0.035,           0,             0
    302,        13,        17,             1,      0.96,      1.04,      0.0325,      0.03,       0.035,           0,             0
    303,        14,        17,          1.08,      1.04,      1.12,      0.0325,      0.03,       0.035,           0,             0
    304,        15,        17,          1.16,      1.12,       1.2,      0.0325,      0.03,       0.035,           0,             0
    307,         1,        18,          0.04,         0,      0.08,      0.0375,     0.035,        0.04,           0,             0
    308,         2,        18,          0.12,      0.08,      0.16,      0.0375,     0.035,        0.04,           0,             0
    309,         3,        18,           0.2,      0.16,      0.24,      0.0375,     0.035,        0.04,     7.34419,       2.37853
    310,         4,        18,          0.28,      0.24,      0.32,      0.0375,     0.035,        0.04,     8.81763,      0.850964
    311,         5,        18,          0.36,      0.32,       0.4,      0.0375,     0.035,        0.04,     3.12045,      0.223348
    312,         6,        18,          0.44,       0.4,      0.48,      0.0375,     0.035,        0.04,      1.2515,     0.0917075
    313,         7,        18,          0.52,      0.48,      0.56,      0.0375,     0.035,        0.04,     0.40517,     0.0363186
    314,         8,        18,           0.6,      0.56,      0.64,      0.0375,     0.035,        0.04,    0.106575,      0.014594
    315,         9,        18,          0.68,      0.64,      0.72,      0.0375,     0.035,        0.04,   0.0228734,     0.0060378
    316,        10,        18,          0.76,      0.72,       0.8,      0.0375,     0.035,        0.04, 0.000920546,   0.000394969
    317,        11,        18,          0.84,       0.8,      0.88,      0.0375,     0.035,        0.04,           0,             0
    318,        12,        18,          0.92,      0.88,      0.96,      0.0375,     0.035,        0.04,           0,             0
    319,        13,        18,             1,      0.96,      1.04,      0.0375,     0.035,        0.04,           0,             0
    320,        14,        18,          1.08,      1.04,      1.12,      0.0375,     0.035,        0.04,           0,             0
    321,        15,        18,          1.16,      1.12,       1.2,      0.0375,     0.035,        0.04,           0,             0
    324,         1,        19,          0.04,         0,      0.08,      0.0425,      0.04,       0.045,           0,             0
    325,         2,        19,          0.12,      0.08,      0.16,      0.0425,      0.04,       0.045,           0,             0
    326,         3,        19,           0.2,      0.16,      0.24,      0.0425,      0.04,       0.045,     5.75095,       1.51801
    327,         4,        19,          0.28,      0.24,      0.32,      0.0425,      0.04,       0.045,     8.37324,      0.912786
    328,         5,        19,          0.36,      0.32,       0.4,      0.0425,      0.04,       0.045,     2.85325,      0.219236
    329,         6,        19,          0.44,       0.4,      0.48,      0.0425,      0.04,       0.045,     1.11014,     0.0863415
    330,         7,        19,          0.52,      0.48,      0.56,      0.0425,      0.04,       0.045,    0.378846,     0.0407476
    331,         8,        19,           0.6,      0.56,      0.64,      0.0425,      0.04,       0.045,     0.15179,     0.0195384
    332,         9,        19,          0.68,      0.64,      0.72,      0.0425,      0.04,       0.045,   0.0134036,    0.00297469
    333,        10,        19,          0.76,      0.72,       0.8,      0.0425,      0.04,       0.045,  0.00174332,   0.000650864
    334,        11,        19,          0.84,       0.8,      0.88,      0.0425,      0.04,       0.045,           0,             0
    335,        12,        19,          0.92,      0.88,      0.96,      0.0425,      0.04,       0.045,           0,             0
    336,        13,        19,             1,      0.96,      1.04,      0.0425,      0.04,       0.045,           0,             0
    337,        14,        19,          1.08,      1.04,      1.12,      0.0425,      0.04,       0.045,           0,             0
    338,        15,        19,          1.16,      1.12,       1.2,      0.0425,      0.04,       0.045,           0,             0
    341,         1,        20,          0.04,         0,      0.08,      0.0475,     0.045,        0.05,           0,             0
    342,         2,        20,          0.12,      0.08,      0.16,      0.0475,     0.045,        0.05,           0,             0
    343,         3,        20,           0.2,      0.16,      0.24,      0.0475,     0.045,        0.05,     3.78839,       1.52441
    344,         4,        20,          0.28,      0.24,      0.32,      0.0475,     0.045,        0.05,     8.85896,       1.04842
    345,         5,        20,          0.36,      0.32,       0.4,      0.0475,     0.045,        0.05,     2.84009,      0.228606
    346,         6,        20,          0.44,       0.4,      0.48,      0.0475,     0.045,        0.05,      1.0615,     0.0884216
    347,         7,        20,          0.52,      0.48,      0.56,      0.0475,     0.045,        0.05,    0.389908,     0.0423339
    348,         8,        20,           0.6,      0.56,      0.64,      0.0475,     0.045,        0.05,   0.0903633,     0.0153201
    349,         9,        20,          0.68,      0.64,      0.72,      0.0475,     0.045,        0.05,   0.0130421,    0.00227737
    350,        10,        20,          0.76,      0.72,       0.8,      0.0475,     0.045,        0.05,  0.00193778,   0.000644499
    351,        11,        20,          0.84,       0.8,      0.88,      0.0475,     0.045,        0.05, 0.000141278,   0.000141278
    352,        12,        20,          0.92,      0.88,      0.96,      0.0475,     0.045,        0.05,           0,             0
    353,        13,        20,             1,      0.96,      1.04,      0.0475,     0.045,        0.05,           0,             0
    354,        14,        20,          1.08,      1.04,      1.12,      0.0475,     0.045,        0.05,           0,             0
    355,        15,        20,          1.16,      1.12,       1.2,      0.0475,     0.045,        0.05,           0,             0
    358,         1,        21,          0.04,         0,      0.08,      0.0525,      0.05,       0.055,           0,             0
    359,         2,        21,          0.12,      0.08,      0.16,      0.0525,      0.05,       0.055,           0,             0
    360,         3,        21,           0.2,      0.16,      0.24,      0.0525,      0.05,       0.055,     7.43661,       2.03925
    361,         4,        21,          0.28,      0.24,      0.32,      0.0525,      0.05,       0.055,     9.40297,       1.19748
    362,         5,        21,          0.36,      0.32,       0.4,      0.0525,      0.05,       0.055,     2.70828,      0.238441
    363,         6,        21,          0.44,       0.4,      0.48,      0.0525,      0.05,       0.055,     1.10112,      0.092839
    364,         7,        21,          0.52,      0.48,      0.56,      0.0525,      0.05,       0.055,    0.375006,     0.0421627
    365,         8,        21,           0.6,      0.56,      0.64,      0.0525,      0.05,       0.055,    0.129084,      0.018921
    366,         9,        21,          0.68,      0.64,      0.72,      0.0525,      0.05,       0.055,   0.0222188,    0.00812725
    367,        10,        21,          0.76,      0.72,       0.8,      0.0525,      0.05,       0.055,  0.00129742,   0.000692768
    368,        11,        21,          0.84,       0.8,      0.88,      0.0525,      0.05,       0.055, 8.04582e-05,   8.04582e-05
    369,        12,        21,          0.92,      0.88,      0.96,      0.0525,      0.05,       0.055,           0,             0
    370,        13,        21,             1,      0.96,      1.04,      0.0525,      0.05,       0.055,           0,             0
    371,        14,        21,          1.08,      1.04,      1.12,      0.0525,      0.05,       0.055,           0,             0
    372,        15,        21,          1.16,      1.12,       1.2,      0.0525,      0.05,       0.055,           0,             0
    375,         1,        22,          0.04,         0,      0.08,      0.0575,     0.055,        0.06,           0,             0
    376,         2,        22,          0.12,      0.08,      0.16,      0.0575,     0.055,        0.06,           0,             0
    377,         3,        22,           0.2,      0.16,      0.24,      0.0575,     0.055,        0.06,     1.73725,      0.802272
    378,         4,        22,          0.28,      0.24,      0.32,      0.0575,     0.055,        0.06,     7.93707,       1.12462
    379,         5,        22,          0.36,      0.32,       0.4,      0.0575,     0.055,        0.06,     2.94775,      0.263892
    380,         6,        22,          0.44,       0.4,      0.48,      0.0575,     0.055,        0.06,      1.0459,     0.0929107
    381,         7,        22,          0.52,      0.48,      0.56,      0.0575,     0.055,        0.06,    0.341866,     0.0423998
    382,         8,        22,           0.6,      0.56,      0.64,      0.0575,     0.055,        0.06,    0.116061,     0.0178584
    383,         9,        22,          0.68,      0.64,      0.72,      0.0575,     0.055,        0.06,   0.0246505,    0.00705587
    384,        10,        22,          0.76,      0.72,       0.8,      0.0575,     0.055,        0.06,  0.00331413,    0.00222318
    385,        11,        22,          0.84,       0.8,      0.88,      0.0575,     0.055,        0.06,           0,             0
    386,        12,        22,          0.92,      0.88,      0.96,      0.0575,     0.055,        0.06,           0,             0
    387,        13,        22,             1,      0.96,      1.04,      0.0575,     0.055,        0.06,           0,             0
    388,        14,        22,          1.08,      1.04,      1.12,      0.0575,     0.055,        0.06,           0,             0
    389,        15,        22,          1.16,      1.12,       1.2,      0.0575,     0.055,        0.06,           0,             0
    392,         1,        23,          0.04,         0,      0.08,      0.0625,      0.06,       0.065,           0,             0
    393,         2,        23,          0.12,      0.08,      0.16,      0.0625,      0.06,       0.065,           0,             0
    394,         3,        23,           0.2,      0.16,      0.24,      0.0625,      0.06,       0.065,     5.02362,       2.25785
    395,         4,        23,          0.28,      0.24,      0.32,      0.0625,      0.06,       0.065,     7.32256,       1.11886
    396,         5,        23,          0.36,      0.32,       0.4,      0.0625,      0.06,       0.065,     2.54447,      0.262883
    397,         6,        23,          0.44,       0.4,      0.48,      0.0625,      0.06,       0.065,     1.24173,      0.150933
    398,         7,        23,          0.52,      0.48,      0.56,      0.0625,      0.06,       0.065,    0.354282,     0.0413346
    399,         8,        23,           0.6,      0.56,      0.64,      0.0625,      0.06,       0.065,    0.123584,      0.022704
    400,         9,        23,          0.68,      0.64,      0.72,      0.0625,      0.06,       0.065,   0.0154845,    0.00410167
    401,        10,        23,          0.76,      0.72,       0.8,      0.0625,      0.06,       0.065,  0.00402525,    0.00255075
    402,        11,        23,          0.84,       0.8,      0.88,      0.0625,      0.06,       0.065, 0.000231114,   0.000163423
    403,        12,        23,          0.92,      0.88,      0.96,      0.0625,      0.06,       0.065,           0,             0
    404,        13,        23,             1,      0.96,      1.04,      0.0625,      0.06,       0.065, 0.000213717,   0.000213717
    405,        14,        23,          1.08,      1.04,      1.12,      0.0625,      0.06,       0.065,           0,             0
    406,        15,        23,          1.16,      1.12,       1.2,      0.0625,      0.06,       0.065,           0,             0
    409,         1,        24,          0.04,         0,      0.08,      0.0675,     0.065,        0.07,           0,             0
    410,         2,        24,          0.12,      0.08,      0.16,      0.0675,     0.065,        0.07,           0,             0
    411,         3,        24,           0.2,      0.16,      0.24,      0.0675,     0.065,        0.07,     1.13195,       1.13195
    412,         4,        24,          0.28,      0.24,      0.32,      0.0675,     0.065,        0.07,     6.52122,       1.17807
    413,         5,        24,          0.36,      0.32,       0.4,      0.0675,     0.065,        0.07,     2.62064,      0.272227
    414,         6,        24,          0.44,       0.4,      0.48,      0.0675,     0.065,        0.07,      0.9175,      0.084029
    415,         7,        24,          0.52,      0.48,      0.56,      0.0675,     0.065,        0.07,    0.299429,     0.0371962
    416,         8,        24,           0.6,      0.56,      0.64,      0.0675,     0.065,        0.07,    0.159845,     0.0262418
    417,         9,        24,          0.68,      0.64,      0.72,      0.0675,     0.065,        0.07,   0.0176948,    0.00461271
    418,        10,        24,          0.76,      0.72,       0.8,      0.0675,     0.065,        0.07,  0.00114567,   0.000482661
    419,        11,        24,          0.84,       0.8,      0.88,      0.0675,     0.065,        0.07, 6.33256e-05,   6.33256e-05
    420,        12,        24,          0.92,      0.88,      0.96,      0.0675,     0.065,        0.07,           0,             0
    421,        13,        24,             1,      0.96,      1.04,      0.0675,     0.065,        0.07,           0,             0
    422,        14,        24,          1.08,      1.04,      1.12,      0.0675,     0.065,        0.07,           0,             0
    423,        15,        24,          1.16,      1.12,       1.2,      0.0675,     0.065,        0.07,           0,             0
    426,         1,        25,          0.04,         0,      0.08,      0.0725,      0.07,       0.075,           0,             0
    427,         2,        25,          0.12,      0.08,      0.16,      0.0725,      0.07,       0.075,           0,             0
    428,         3,        25,           0.2,      0.16,      0.24,      0.0725,      0.07,       0.075,    0.583786,      0.583786
    429,         4,        25,          0.28,      0.24,      0.32,      0.0725,      0.07,       0.075,     6.06795,       1.10911
    430,         5,        25,          0.36,      0.32,       0.4,      0.0725,      0.07,       0.075,     3.37495,       0.33904
    431,         6,        25,          0.44,       0.4,      0.48,      0.0725,      0.07,       0.075,     1.05769,     0.0953959
    432,         7,        25,          0.52,      0.48,      0.56,      0.0725,      0.07,       0.075,    0.333713,     0.0386739
    433,         8,        25,           0.6,      0.56,      0.64,      0.0725,      0.07,       0.075,    0.117164,     0.0216811
    434,         9,        25,          0.68,      0.64,      0.72,      0.0725,      0.07,       0.075,   0.0210591,    0.00446912
    435,        10,        25,          0.76,      0.72,       0.8,      0.0725,      0.07,       0.075,  0.00201394,   0.000989447
    436,        11,        25,          0.84,       0.8,      0.88,      0.0725,      0.07,       0.075,           0,             0
    437,        12,        25,          0.92,      0.88,      0.96,      0.0725,      0.07,       0.075,           0,             0
    438,        13,        25,             1,      0.96,      1.04,      0.0725,      0.07,       0.075,           0,             0
    439,        14,        25,          1.08,      1.04,      1.12,      0.0725,      0.07,       0.075,           0,             0
    440,        15,        25,          1.16,      1.12,       1.2,      0.0725,      0.07,       0.075,           0,             0
    443,         1,        26,          0.04,         0,      0.08,      0.0775,     0.075,        0.08,           0,             0
    444,         2,        26,          0.12,      0.08,      0.16,      0.0775,     0.075,        0.08,           0,             0
    445,         3,        26,           0.2,      0.16,      0.24,      0.0775,     0.075,        0.08,     2.40076,       1.51027
    446,         4,        26,          0.28,      0.24,      0.32,      0.0775,     0.075,        0.08,     7.89485,       1.54852
    447,         5,        26,          0.36,      0.32,       0.4,      0.0775,     0.075,        0.08,      2.8115,      0.315108
    448,         6,        26,          0.44,       0.4,      0.48,      0.0775,     0.075,        0.08,    0.956816,      0.100875
    449,         7,        26,          0.52,      0.48,      0.56,      0.0775,     0.075,        0.08,    0.383847,     0.0484758
    450,         8,        26,           0.6,      0.56,      0.64,      0.0775,     0.075,        0.08,    0.112805,      0.020673
    451,         9,        26,          0.68,      0.64,      0.72,      0.0775,     0.075,        0.08,   0.0296643,     0.0107043
    452,        10,        26,          0.76,      0.72,       0.8,      0.0775,     0.075,        0.08,  0.00209581,    0.00094929
    453,        11,        26,          0.84,       0.8,      0.88,      0.0775,     0.075,        0.08, 0.000459873,   0.000378918
    454,        12,        26,          0.92,      0.88,      0.96,      0.0775,     0.075,        0.08,           0,             0
    455,        13,        26,             1,      0.96,      1.04,      0.0775,     0.075,        0.08,           0,             0
    456,        14,        26,          1.08,      1.04,      1.12,      0.0775,     0.075,        0.08,           0,             0
    457,        15,        26,          1.16,      1.12,       1.2,      0.0775,     0.075,        0.08,           0,             0
    460,         1,        27,          0.04,         0,      0.08,      0.0825,      0.08,       0.085,           0,             0
    461,         2,        27,          0.12,      0.08,      0.16,      0.0825,      0.08,       0.085,           0,             0
    462,         3,        27,           0.2,      0.16,      0.24,      0.0825,      0.08,       0.085,           0,             0
    463,         4,        27,          0.28,      0.24,      0.32,      0.0825,      0.08,       0.085,     5.17907,       1.15568
    464,         5,        27,          0.36,      0.32,       0.4,      0.0825,      0.08,       0.085,     3.55789,      0.411272
    465,         6,        27,          0.44,       0.4,      0.48,      0.0825,      0.08,       0.085,    0.994619,      0.110617
    466,         7,        27,          0.52,      0.48,      0.56,      0.0825,      0.08,       0.085,    0.397697,     0.0492279
    467,         8,        27,           0.6,      0.56,      0.64,      0.0825,      0.08,       0.085,    0.113928,     0.0188372
    468,         9,        27,          0.68,      0.64,      0.72,      0.0825,      0.08,       0.085,   0.0223337,     0.0060917
    469,        10,        27,          0.76,      0.72,       0.8,      0.0825,      0.08,       0.085,  0.00276903,    0.00161678
    470,        11,        27,          0.84,       0.8,      0.88,      0.0825,      0.08,       0.085, 0.000272938,   0.000194607
    471,        12,        27,          0.92,      0.88,      0.96,      0.0825,      0.08,       0.085,           0,             0
    472,        13,        27,             1,      0.96,      1.04,      0.0825,      0.08,       0.085,           0,             0
    473,        14,        27,          1.08,      1.04,      1.12,      0.0825,      0.08,       0.085,           0,             0
    474,        15,        27,          1.16,      1.12,       1.2,      0.0825,      0.08,       0.085,           0,             0
    477,         1,        28,          0.04,         0,      0.08,      0.0875,     0.085,        0.09,           0,             0
    478,         2,        28,          0.12,      0.08,      0.16,      0.0875,     0.085,        0.09,           0,             0
    479,         3,        28,           0.2,      0.16,      0.24,      0.0875,     0.085,        0.09,           0,             0
    480,         4,        28,          0.28,      0.24,      0.32,      0.0875,     0.085,        0.09,     6.86697,       2.08212
    481,         5,        28,          0.36,      0.32,       0.4,      0.0875,     0.085,        0.09,     3.44448,      0.401491
    482,         6,        28,          0.44,       0.4,      0.48,      0.0875,     0.085,        0.09,    0.869578,     0.0976908
    483,         7,        28,          0.52,      0.48,      0.56,      0.0875,     0.085,        0.09,    0.328597,     0.0394438
    484,         8,        28,           0.6,      0.56,      0.64,      0.0875,     0.085,        0.09,    0.122717,     0.0231596
    485,         9,        28,          0.68,      0.64,      0.72,      0.0875,     0.085,        0.09,   0.0231885,    0.00652612
    486,        10,        28,          0.76,      0.72,       0.8,      0.0875,     0.085,        0.09,  0.00412088,    0.00232501
    487,        11,        28,          0.84,       0.8,      0.88,      0.0875,     0.085,        0.09, 0.000103752,   0.000103752
    488,        12,        28,          0.92,      0.88,      0.96,      0.0875,     0.085,        0.09,           0,             0
    489,        13,        28,             1,      0.96,      1.04,      0.0875,     0.085,        0.09,           0,             0
    490,        14,        28,          1.08,      1.04,      1.12,      0.0875,     0.085,        0.09,           0,             0
    491,        15,        28,          1.16,      1.12,       1.2,      0.0875,     0.085,        0.09,           0,             0
    494,         1,        29,          0.04,         0,      0.08,      0.0925,      0.09,       0.095,           0,             0
    495,         2,        29,          0.12,      0.08,      0.16,      0.0925,      0.09,       0.095,           0,             0
    496,         3,        29,           0.2,      0.16,      0.24,      0.0925,      0.09,       0.095,           0,             0
    497,         4,        29,          0.28,      0.24,      0.32,      0.0925,      0.09,       0.095,     5.22892,       1.35159
    498,         5,        29,          0.36,      0.32,       0.4,      0.0925,      0.09,       0.095,     2.94939,      0.434821
    499,         6,        29,          0.44,       0.4,      0.48,      0.0925,      0.09,       0.095,     0.77249,     0.0952079
    500,         7,        29,          0.52,      0.48,      0.56,      0.0925,      0.09,       0.095,    0.381146,     0.0536107
    501,         8,        29,           0.6,      0.56,      0.64,      0.0925,      0.09,       0.095,   0.0994682,     0.0165537
    502,         9,        29,          0.68,      0.64,      0.72,      0.0925,      0.09,       0.095,   0.0196561,    0.00707086
    503,        10,        29,          0.76,      0.72,       0.8,      0.0925,      0.09,       0.095,  0.00248334,    0.00178364
    504,        11,        29,          0.84,       0.8,      0.88,      0.0925,      0.09,       0.095, 0.000104138,   0.000104138
    505,        12,        29,          0.92,      0.88,      0.96,      0.0925,      0.09,       0.095,           0,             0
    506,        13,        29,             1,      0.96,      1.04,      0.0925,      0.09,       0.095,           0,             0
    507,        14,        29,          1.08,      1.04,      1.12,      0.0925,      0.09,       0.095,           0,             0
    508,        15,        29,          1.16,      1.12,       1.2,      0.0925,      0.09,       0.095,           0,             0
    511,         1,        30,          0.04,         0,      0.08,      0.0975,     0.095,         0.1,           0,             0
    512,         2,        30,          0.12,      0.08,      0.16,      0.0975,     0.095,         0.1,           0,             0
    513,         3,        30,           0.2,      0.16,      0.24,      0.0975,     0.095,         0.1,           0,             0
    514,         4,        30,          0.28,      0.24,      0.32,      0.0975,     0.095,         0.1,     4.72685,       1.34549
    515,         5,        30,          0.36,      0.32,       0.4,      0.0975,     0.095,         0.1,     3.53501,      0.525961
    516,         6,        30,          0.44,       0.4,      0.48,      0.0975,     0.095,         0.1,     1.11027,      0.117276
    517,         7,        30,          0.52,      0.48,      0.56,      0.0975,     0.095,         0.1,    0.463573,     0.0588958
    518,         8,        30,           0.6,      0.56,      0.64,      0.0975,     0.095,         0.1,    0.126543,     0.0219004
    519,         9,        30,          0.68,      0.64,      0.72,      0.0975,     0.095,         0.1,   0.0326691,    0.00886863
    520,        10,        30,          0.76,      0.72,       0.8,      0.0975,     0.095,         0.1,  0.00568355,    0.00288575
    521,        11,        30,          0.84,       0.8,      0.88,      0.0975,     0.095,         0.1,           0,             0
    522,        12,        30,          0.92,      0.88,      0.96,      0.0975,     0.095,         0.1,           0,             0
    523,        13,        30,             1,      0.96,      1.04,      0.0975,     0.095,         0.1,           0,             0
    524,        14,        30,          1.08,      1.04,      1.12,      0.0975,     0.095,         0.1,           0,             0
    525,        15,        30,          1.16,      1.12,       1.2,      0.0975,     0.095,         0.1,           0,             0
    528,         1,        31,          0.04,         0,      0.08,      0.1025,       0.1,       0.105,           0,             0
    529,         2,        31,          0.12,      0.08,      0.16,      0.1025,       0.1,       0.105,           0,             0
    530,         3,        31,           0.2,      0.16,      0.24,      0.1025,       0.1,       0.105,           0,             0
    531,         4,        31,          0.28,      0.24,      0.32,      0.1025,       0.1,       0.105,      6.5236,       2.23902
    532,         5,        31,          0.36,      0.32,       0.4,      0.1025,       0.1,       0.105,      4.1839,      0.594641
    533,         6,        31,          0.44,       0.4,      0.48,      0.1025,       0.1,       0.105,     1.40435,      0.155198
    534,         7,        31,          0.52,      0.48,      0.56,      0.1025,       0.1,       0.105,    0.371989,     0.0484904
    535,         8,        31,           0.6,      0.56,      0.64,      0.1025,       0.1,       0.105,    0.160718,     0.0266353
    536,         9,        31,          0.68,      0.64,      0.72,      0.1025,       0.1,       0.105,   0.0234582,    0.00693264
    537,        10,        31,          0.76,      0.72,       0.8,      0.1025,       0.1,       0.105,   0.0017604,   0.000711923
    538,        11,        31,          0.84,       0.8,      0.88,      0.1025,       0.1,       0.105,           0,             0
    539,        12,        31,          0.92,      0.88,      0.96,      0.1025,       0.1,       0.105,           0,             0
    540,        13,        31,             1,      0.96,      1.04,      0.1025,       0.1,       0.105,           0,             0
    541,        14,        31,          1.08,      1.04,      1.12,      0.1025,       0.1,       0.105,           0,             0
    542,        15,        31,          1.16,      1.12,       1.2,      0.1025,       0.1,       0.105,           0,             0
    545,         1,        32,          0.04,         0,      0.08,      0.1075,     0.105,        0.11,           0,             0
    546,         2,        32,          0.12,      0.08,      0.16,      0.1075,     0.105,        0.11,           0,             0
    547,         3,        32,           0.2,      0.16,      0.24,      0.1075,     0.105,        0.11,           0,             0
    548,         4,        32,          0.28,      0.24,      0.32,      0.1075,     0.105,        0.11,     5.58206,       1.78167
    549,         5,        32,          0.36,      0.32,       0.4,      0.1075,     0.105,        0.11,     2.52732,       0.42636
    550,         6,        32,          0.44,       0.4,      0.48,      0.1075,     0.105,        0.11,     1.29919,      0.147271
    551,         7,        32,          0.52,      0.48,      0.56,      0.1075,     0.105,        0.11,    0.399309,     0.0566954
    552,         8,        32,           0.6,      0.56,      0.64,      0.1075,     0.105,        0.11,    0.117141,     0.0189744
    553,         9,        32,          0.68,      0.64,      0.72,      0.1075,     0.105,        0.11,    0.027746,    0.00948735
    554,        10,        32,          0.76,      0.72,       0.8,      0.1075,     0.105,        0.11,   0.0048604,    0.00211671
    555,        11,        32,          0.84,       0.8,      0.88,      0.1075,     0.105,        0.11,           0,             0
    556,        12,        32,          0.92,      0.88,      0.96,      0.1075,     0.105,        0.11,           0,             0
    557,        13,        32,             1,      0.96,      1.04,      0.1075,     0.105,        0.11,           0,             0
    558,        14,        32,          1.08,      1.04,      1.12,      0.1075,     0.105,        0.11,           0,             0
    559,        15,        32,          1.16,      1.12,       1.2,      0.1075,     0.105,        0.11,           0,             0
    562,         1,        33,          0.04,         0,      0.08,      0.1125,      0.11,       0.115,           0,             0
    563,         2,        33,          0.12,      0.08,      0.16,      0.1125,      0.11,       0.115,           0,             0
    564,         3,        33,           0.2,      0.16,      0.24,      0.1125,      0.11,       0.115,           0,             0
    565,         4,        33,          0.28,      0.24,      0.32,      0.1125,      0.11,       0.115,     4.95499,       1.60141
    566,         5,        33,          0.36,      0.32,       0.4,      0.1125,      0.11,       0.115,     3.30278,      0.633444
    567,         6,        33,          0.44,       0.4,      0.48,      0.1125,      0.11,       0.115,     1.00633,      0.130774
    568,         7,        33,          0.52,      0.48,      0.56,      0.1125,      0.11,       0.115,     0.51291,     0.0637909
    569,         8,        33,           0.6,      0.56,      0.64,      0.1125,      0.11,       0.115,     0.17145,     0.0308515
    570,         9,        33,          0.68,      0.64,      0.72,      0.1125,      0.11,       0.115,   0.0169777,    0.00659382
    571,        10,        33,          0.76,      0.72,       0.8,      0.1125,      0.11,       0.115,  0.00488341,    0.00183412
    572,        11,        33,          0.84,       0.8,      0.88,      0.1125,      0.11,       0.115, 0.000164351,   0.000164351
    573,        12,        33,          0.92,      0.88,      0.96,      0.1125,      0.11,       0.115,           0,             0
    574,        13,        33,             1,      0.96,      1.04,      0.1125,      0.11,       0.115,           0,             0
    575,        14,        33,          1.08,      1.04,      1.12,      0.1125,      0.11,       0.115,           0,             0
    576,        15,        33,          1.16,      1.12,       1.2,      0.1125,      0.11,       0.115,           0,             0
    579,         1,        34,          0.04,         0,      0.08,      0.1175,     0.115,        0.12,           0,             0
    580,         2,        34,          0.12,      0.08,      0.16,      0.1175,     0.115,        0.12,           0,             0
    581,         3,        34,           0.2,      0.16,      0.24,      0.1175,     0.115,        0.12,           0,             0
    582,         4,        34,          0.28,      0.24,      0.32,      0.1175,     0.115,        0.12,     3.31937,       1.29355
    583,         5,        34,          0.36,      0.32,       0.4,      0.1175,     0.115,        0.12,      2.8636,      0.592726
    584,         6,        34,          0.44,       0.4,      0.48,      0.1175,     0.115,        0.12,     1.53709,       0.18575
    585,         7,        34,          0.52,      0.48,      0.56,      0.1175,     0.115,        0.12,    0.488784,     0.0614077
    586,         8,        34,           0.6,      0.56,      0.64,      0.1175,     0.115,        0.12,    0.182089,     0.0287555
    587,         9,        34,          0.68,      0.64,      0.72,      0.1175,     0.115,        0.12,    0.028031,    0.00868106
    588,        10,        34,          0.76,      0.72,       0.8,      0.1175,     0.115,        0.12,  0.00174744,   0.000773022
    589,        11,        34,          0.84,       0.8,      0.88,      0.1175,     0.115,        0.12,           0,             0
    590,        12,        34,          0.92,      0.88,      0.96,      0.1175,     0.115,        0.12,           0,             0
    591,        13,        34,             1,      0.96,      1.04,      0.1175,     0.115,        0.12,           0,             0
    592,        14,        34,          1.08,      1.04,      1.12,      0.1175,     0.115,        0.12,           0,             0
    593,        15,        34,          1.16,      1.12,       1.2,      0.1175,     0.115,        0.12,           0,             0
    596,         1,        35,          0.04,         0,      0.08,      0.1225,      0.12,       0.125,           0,             0
    597,         2,        35,          0.12,      0.08,      0.16,      0.1225,      0.12,       0.125,           0,             0
    598,         3,        35,           0.2,      0.16,      0.24,      0.1225,      0.12,       0.125,           0,             0
    599,         4,        35,          0.28,      0.24,      0.32,      0.1225,      0.12,       0.125,     1.56249,      0.850731
    600,         5,        35,          0.36,      0.32,       0.4,      0.1225,      0.12,       0.125,     3.60729,       0.62993
    601,         6,        35,          0.44,       0.4,      0.48,      0.1225,      0.12,       0.125,     1.18438,      0.190288
    602,         7,        35,          0.52,      0.48,      0.56,      0.1225,      0.12,       0.125,    0.600871,     0.0767545
    603,         8,        35,           0.6,      0.56,      0.64,      0.1225,      0.12,       0.125,    0.173036,     0.0284778
    604,         9,        35,          0.68,      0.64,      0.72,      0.1225,      0.12,       0.125,   0.0455627,     0.0157617
    605,        10,        35,          0.76,      0.72,       0.8,      0.1225,      0.12,       0.125,  0.00393902,    0.00139004
    606,        11,        35,          0.84,       0.8,      0.88,      0.1225,      0.12,       0.125, 0.000645249,   0.000364844
    607,        12,        35,          0.92,      0.88,      0.96,      0.1225,      0.12,       0.125,           0,             0
    608,        13,        35,             1,      0.96,      1.04,      0.1225,      0.12,       0.125,           0,             0
    609,        14,        35,          1.08,      1.04,      1.12,      0.1225,      0.12,       0.125,           0,             0
    610,        15,        35,          1.16,      1.12,       1.2,      0.1225,      0.12,       0.125,           0,             0
    613,         1,        36,          0.04,         0,      0.08,      0.1275,     0.125,        0.13,           0,             0
    614,         2,        36,          0.12,      0.08,      0.16,      0.1275,     0.125,        0.13,           0,             0
    615,         3,        36,           0.2,      0.16,      0.24,      0.1275,     0.125,        0.13,           0,             0
    616,         4,        36,          0.28,      0.24,      0.32,      0.1275,     0.125,        0.13,     2.16818,       1.58486
    617,         5,        36,          0.36,      0.32,       0.4,      0.1275,     0.125,        0.13,     2.80585,      0.596874
    618,         6,        36,          0.44,       0.4,      0.48,      0.1275,     0.125,        0.13,     1.44955,       0.21005
    619,         7,        36,          0.52,      0.48,      0.56,      0.1275,     0.125,        0.13,    0.501995,     0.0673132
    620,         8,        36,           0.6,      0.56,      0.64,      0.1275,     0.125,        0.13,    0.190331,     0.0295498
    621,         9,        36,          0.68,      0.64,      0.72,      0.1275,     0.125,        0.13,   0.0393275,     0.0100339
    622,        10,        36,          0.76,      0.72,       0.8,      0.1275,     0.125,        0.13,  0.00349014,    0.00186632
    623,        11,        36,          0.84,       0.8,      0.88,      0.1275,     0.125,        0.13,  0.00108322,    0.00108322
    624,        12,        36,          0.92,      0.88,      0.96,      0.1275,     0.125,        0.13,           0,             0
    625,        13,        36,             1,      0.96,      1.04,      0.1275,     0.125,        0.13,           0,             0
    626,        14,        36,          1.08,      1.04,      1.12,      0.1275,     0.125,        0.13,           0,             0
    627,        15,        36,          1.16,      1.12,       1.2,      0.1275,     0.125,        0.13,           0,             0
    630,         1,        37,          0.04,         0,      0.08,      0.1325,      0.13,       0.135,           0,             0
    631,         2,        37,          0.12,      0.08,      0.16,      0.1325,      0.13,       0.135,           0,             0
    632,         3,        37,           0.2,      0.16,      0.24,      0.1325,      0.13,       0.135,           0,             0
    633,         4,        37,          0.28,      0.24,      0.32,      0.1325,      0.13,       0.135,    0.826057,      0.720174
    634,         5,        37,          0.36,      0.32,       0.4,      0.1325,      0.13,       0.135,     4.89096,       1.06703
    635,         6,        37,          0.44,       0.4,      0.48,      0.1325,      0.13,       0.135,     2.06727,      0.258998
    636,         7,        37,          0.52,      0.48,      0.56,      0.1325,      0.13,       0.135,    0.627009,     0.0773338
    637,         8,        37,           0.6,      0.56,      0.64,      0.1325,      0.13,       0.135,    0.234353,     0.0369331
    638,         9,        37,          0.68,      0.64,      0.72,      0.1325,      0.13,       0.135,     0.04926,     0.0147101
    639,        10,        37,          0.76,      0.72,       0.8,      0.1325,      0.13,       0.135,  0.00717815,    0.00407702
    640,        11,        37,          0.84,       0.8,      0.88,      0.1325,      0.13,       0.135,           0,             0
    641,        12,        37,          0.92,      0.88,      0.96,      0.1325,      0.13,       0.135,           0,             0
    642,        13,        37,             1,      0.96,      1.04,      0.1325,      0.13,       0.135,           0,             0
    643,        14,        37,          1.08,      1.04,      1.12,      0.1325,      0.13,       0.135,           0,             0
    644,        15,        37,          1.16,      1.12,       1.2,      0.1325,      0.13,       0.135,           0,             0
    647,         1,        38,          0.04,         0,      0.08,      0.1375,     0.135,        0.14,           0,             0
    648,         2,        38,          0.12,      0.08,      0.16,      0.1375,     0.135,        0.14,           0,             0
    649,         3,        38,           0.2,      0.16,      0.24,      0.1375,     0.135,        0.14,           0,             0
    650,         4,        38,          0.28,      0.24,      0.32,      0.1375,     0.135,        0.14,     1.42513,      0.876831
    651,         5,        38,          0.36,      0.32,       0.4,      0.1375,     0.135,        0.14,     2.88212,      0.744833
    652,         6,        38,          0.44,       0.4,      0.48,      0.1375,     0.135,        0.14,     1.49016,      0.221202
    653,         7,        38,          0.52,      0.48,      0.56,      0.1375,     0.135,        0.14,    0.528547,     0.0694488
    654,         8,        38,           0.6,      0.56,      0.64,      0.1375,     0.135,        0.14,    0.239816,     0.0411844
    655,         9,        38,          0.68,      0.64,      0.72,      0.1375,     0.135,        0.14,   0.0596278,     0.0134953
    656,        10,        38,          0.76,      0.72,       0.8,      0.1375,     0.135,        0.14,  0.00610006,    0.00373213
    657,        11,        38,          0.84,       0.8,      0.88,      0.1375,     0.135,        0.14,  0.00113569,   0.000888991
    658,        12,        38,          0.92,      0.88,      0.96,      0.1375,     0.135,        0.14,           0,             0
    659,        13,        38,             1,      0.96,      1.04,      0.1375,     0.135,        0.14,           0,             0
    660,        14,        38,          1.08,      1.04,      1.12,      0.1375,     0.135,        0.14,           0,             0
    661,        15,        38,          1.16,      1.12,       1.2,      0.1375,     0.135,        0.14,           0,             0
    664,         1,        39,          0.04,         0,      0.08,      0.1425,      0.14,       0.145,           0,             0
    665,         2,        39,          0.12,      0.08,      0.16,      0.1425,      0.14,       0.145,           0,             0
    666,         3,        39,           0.2,      0.16,      0.24,      0.1425,      0.14,       0.145,           0,             0
    667,         4,        39,          0.28,      0.24,      0.32,      0.1425,      0.14,       0.145,           0,             0
    668,         5,        39,          0.36,      0.32,       0.4,      0.1425,      0.14,       0.145,     3.70373,      0.931026
    669,         6,        39,          0.44,       0.4,      0.48,      0.1425,      0.14,       0.145,     1.61563,      0.248977
    670,         7,        39,          0.52,      0.48,      0.56,      0.1425,      0.14,       0.145,    0.745531,     0.0959463
    671,         8,        39,           0.6,      0.56,      0.64,      0.1425,      0.14,       0.145,    0.264882,     0.0387596
    672,         9,        39,          0.68,      0.64,      0.72,      0.1425,      0.14,       0.145,   0.0666431,     0.0194706
    673,        10,        39,          0.76,      0.72,       0.8,      0.1425,      0.14,       0.145,   0.0116836,    0.00557295
    674,        11,        39,          0.84,       0.8,      0.88,      0.1425,      0.14,       0.145,  0.00187659,    0.00159091
    675,        12,        39,          0.92,      0.88,      0.96,      0.1425,      0.14,       0.145,           0,             0
    676,        13,        39,             1,      0.96,      1.04,      0.1425,      0.14,       0.145,           0,             0
    677,        14,        39,          1.08,      1.04,      1.12,      0.1425,      0.14,       0.145,           0,             0
    678,        15,        39,          1.16,      1.12,       1.2,      0.1425,      0.14,       0.145,           0,             0
    681,         1,        40,          0.04,         0,      0.08,      0.1475,     0.145,        0.15,           0,             0
    682,         2,        40,          0.12,      0.08,      0.16,      0.1475,     0.145,        0.15,           0,             0
    683,         3,        40,           0.2,      0.16,      0.24,      0.1475,     0.145,        0.15,           0,             0
    684,         4,        40,          0.28,      0.24,      0.32,      0.1475,     0.145,        0.15,           0,             0
    685,         5,        40,          0.36,      0.32,       0.4,      0.1475,     0.145,        0.15,     5.55146,       1.54122
    686,         6,        40,          0.44,       0.4,      0.48,      0.1475,     0.145,        0.15,     1.70268,      0.242533
    687,         7,        40,          0.52,      0.48,      0.56,      0.1475,     0.145,        0.15,    0.668836,     0.0914098
    688,         8,        40,           0.6,      0.56,      0.64,      0.1475,     0.145,        0.15,    0.191215,     0.0335068
    689,         9,        40,          0.68,      0.64,      0.72,      0.1475,     0.145,        0.15,   0.0605096,     0.0144435
    690,        10,        40,          0.76,      0.72,       0.8,      0.1475,     0.145,        0.15,   0.0133141,    0.00656336
    691,        11,        40,          0.84,       0.8,      0.88,      0.1475,     0.145,        0.15, 7.03006e-05,   7.03006e-05
    692,        12,        40,          0.92,      0.88,      0.96,      0.1475,     0.145,        0.15,           0,             0
    693,        13,        40,             1,      0.96,      1.04,      0.1475,     0.145,        0.15,           0,             0
    694,        14,        40,          1.08,      1.04,      1.12,      0.1475,     0.145,        0.15,           0,             0
    695,        15,        40,          1.16,      1.12,       1.2,      0.1475,     0.145,        0.15,           0,             0
    698,         1,        41,          0.04,         0,      0.08,      0.1525,      0.15,       0.155,           0,             0
    699,         2,        41,          0.12,      0.08,      0.16,      0.1525,      0.15,       0.155,           0,             0
    700,         3,        41,           0.2,      0.16,      0.24,      0.1525,      0.15,       0.155,           0,             0
    701,         4,        41,          0.28,      0.24,      0.32,      0.1525,      0.15,       0.155,           0,             0
    702,         5,        41,          0.36,      0.32,       0.4,      0.1525,      0.15,       0.155,     5.51609,        1.6147
    703,         6,        41,          0.44,       0.4,      0.48,      0.1525,      0.15,       0.155,     1.89033,      0.333726
    704,         7,        41,          0.52,      0.48,      0.56,      0.1525,      0.15,       0.155,     0.73365,     0.0978291
    705,         8,        41,           0.6,      0.56,      0.64,      0.1525,      0.15,       0.155,    0.246361,      0.038558
    706,         9,        41,          0.68,      0.64,      0.72,      0.1525,      0.15,       0.155,   0.0438996,     0.0123203
    707,        10,        41,          0.76,      0.72,       0.8,      0.1525,      0.15,       0.155,   0.0118743,    0.00540291
    708,        11,        41,          0.84,       0.8,      0.88,      0.1525,      0.15,       0.155,  0.00105338,   0.000896397
    709,        12,        41,          0.92,      0.88,      0.96,      0.1525,      0.15,       0.155,           0,             0
    710,        13,        41,             1,      0.96,      1.04,      0.1525,      0.15,       0.155,           0,             0
    711,        14,        41,          1.08,      1.04,      1.12,      0.1525,      0.15,       0.155,           0,             0
    712,        15,        41,          1.16,      1.12,       1.2,      0.1525,      0.15,       0.155,           0,             0
    715,         1,        42,          0.04,         0,      0.08,      0.1575,     0.155,        0.16,           0,             0
    716,         2,        42,          0.12,      0.08,      0.16,      0.1575,     0.155,        0.16,           0,             0
    717,         3,        42,           0.2,      0.16,      0.24,      0.1575,     0.155,        0.16,           0,             0
    718,         4,        42,          0.28,      0.24,      0.32,      0.1575,     0.155,        0.16,           0,             0
    719,         5,        42,          0.36,      0.32,       0.4,      0.1575,     0.155,        0.16,     1.86384,      0.602122
    720,         6,        42,          0.44,       0.4,      0.48,      0.1575,     0.155,        0.16,     2.20544,      0.413857
    721,         7,        42,          0.52,      0.48,      0.56,      0.1575,     0.155,        0.16,     1.00173,      0.120624
    722,         8,        42,           0.6,      0.56,      0.64,      0.1575,     0.155,        0.16,    0.288338,     0.0415071
    723,         9,        42,          0.68,      0.64,      0.72,      0.1575,     0.155,        0.16,    0.106518,     0.0246458
    724,        10,        42,          0.76,      0.72,       0.8,      0.1575,     0.155,        0.16,  0.00913479,    0.00473066
    725,        11,        42,          0.84,       0.8,      0.88,      0.1575,     0.155,        0.16, 0.000151064,   0.000151064
    726,        12,        42,          0.92,      0.88,      0.96,      0.1575,     0.155,        0.16,           0,             0
    727,        13,        42,             1,      0.96,      1.04,      0.1575,     0.155,        0.16,           0,             0
    728,        14,        42,          1.08,      1.04,      1.12,      0.1575,     0.155,        0.16,           0,             0
    729,        15,        42,          1.16,      1.12,       1.2,      0.1575,     0.155,        0.16,           0,             0
    732,         1,        43,          0.04,         0,      0.08,      0.1625,      0.16,       0.165,           0,             0
    733,         2,        43,          0.12,      0.08,      0.16,      0.1625,      0.16,       0.165,           0,             0
    734,         3,        43,           0.2,      0.16,      0.24,      0.1625,      0.16,       0.165,           0,             0
    735,         4,        43,          0.28,      0.24,      0.32,      0.1625,      0.16,       0.165,           0,             0
    736,         5,        43,          0.36,      0.32,       0.4,      0.1625,      0.16,       0.165,     2.70371,      0.808426
    737,         6,        43,          0.44,       0.4,      0.48,      0.1625,      0.16,       0.165,     2.71098,      0.490617
    738,         7,        43,          0.52,      0.48,      0.56,      0.1625,      0.16,       0.165,    0.605814,     0.0997024
    739,         8,        43,           0.6,      0.56,      0.64,      0.1625,      0.16,       0.165,    0.268213,     0.0432456
    740,         9,        43,          0.68,      0.64,      0.72,      0.1625,      0.16,       0.165,    0.123668,     0.0268161
    741,        10,        43,          0.76,      0.72,       0.8,      0.1625,      0.16,       0.165,   0.0145167,    0.00513161
    742,        11,        43,          0.84,       0.8,      0.88,      0.1625,      0.16,       0.165, 0.000764089,   0.000484025
    743,        12,        43,          0.92,      0.88,      0.96,      0.1625,      0.16,       0.165, 0.000183681,   0.000183681
    744,        13,        43,             1,      0.96,      1.04,      0.1625,      0.16,       0.165,           0,             0
    745,        14,        43,          1.08,      1.04,      1.12,      0.1625,      0.16,       0.165,           0,             0
    746,        15,        43,          1.16,      1.12,       1.2,      0.1625,      0.16,       0.165,           0,             0
    749,         1,        44,          0.04,         0,      0.08,      0.1675,     0.165,        0.17,           0,             0
    750,         2,        44,          0.12,      0.08,      0.16,      0.1675,     0.165,        0.17,           0,             0
    751,         3,        44,           0.2,      0.16,      0.24,      0.1675,     0.165,        0.17,           0,             0
    752,         4,        44,          0.28,      0.24,      0.32,      0.1675,     0.165,        0.17,           0,             0
    753,         5,        44,          0.36,      0.32,       0.4,      0.1675,     0.165,        0.17,     1.60292,      0.536887
    754,         6,        44,          0.44,       0.4,      0.48,      0.1675,     0.165,        0.17,     2.78731,      0.607647
    755,         7,        44,          0.52,      0.48,      0.56,      0.1675,     0.165,        0.17,    0.856896,      0.118713
    756,         8,        44,           0.6,      0.56,      0.64,      0.1675,     0.165,        0.17,    0.270564,     0.0450995
    757,         9,        44,          0.68,      0.64,      0.72,      0.1675,     0.165,        0.17,   0.0809928,     0.0181262
    758,        10,        44,          0.76,      0.72,       0.8,      0.1675,     0.165,        0.17,  0.00731002,    0.00404649
    759,        11,        44,          0.84,       0.8,      0.88,      0.1675,     0.165,        0.17,   0.0034013,     0.0026759
    760,        12,        44,          0.92,      0.88,      0.96,      0.1675,     0.165,        0.17, 7.64978e-05,   7.64978e-05
    761,        13,        44,             1,      0.96,      1.04,      0.1675,     0.165,        0.17,           0,             0
    762,        14,        44,          1.08,      1.04,      1.12,      0.1675,     0.165,        0.17,           0,             0
    763,        15,        44,          1.16,      1.12,       1.2,      0.1675,     0.165,        0.17,           0,             0
    766,         1,        45,          0.04,         0,      0.08,      0.1725,      0.17,       0.175,           0,             0
    767,         2,        45,          0.12,      0.08,      0.16,      0.1725,      0.17,       0.175,           0,             0
    768,         3,        45,           0.2,      0.16,      0.24,      0.1725,      0.17,       0.175,           0,             0
    769,         4,        45,          0.28,      0.24,      0.32,      0.1725,      0.17,       0.175,           0,             0
    770,         5,        45,          0.36,      0.32,       0.4,      0.1725,      0.17,       0.175,     4.76622,       1.62352
    771,         6,        45,          0.44,       0.4,      0.48,      0.1725,      0.17,       0.175,     3.47163,      0.743741
    772,         7,        45,          0.52,      0.48,      0.56,      0.1725,      0.17,       0.175,     1.00206,      0.143971
    773,         8,        45,           0.6,      0.56,      0.64,      0.1725,      0.17,       0.175,      0.4564,     0.0665072
    774,         9,        45,          0.68,      0.64,      0.72,      0.1725,      0.17,       0.175,   0.0997118,     0.0233657
    775,        10,        45,          0.76,      0.72,       0.8,      0.1725,      0.17,       0.175,   0.0200051,    0.00746616
    776,        11,        45,          0.84,       0.8,      0.88,      0.1725,      0.17,       0.175,  0.00459407,    0.00273851
    777,        12,        45,          0.92,      0.88,      0.96,      0.1725,      0.17,       0.175,           0,             0
    778,        13,        45,             1,      0.96,      1.04,      0.1725,      0.17,       0.175,           0,             0
    779,        14,        45,          1.08,      1.04,      1.12,      0.1725,      0.17,       0.175,           0,             0
    780,        15,        45,          1.16,      1.12,       1.2,      0.1725,      0.17,       0.175,           0,             0
    783,         1,        46,          0.04,         0,      0.08,      0.1775,     0.175,        0.18,           0,             0
    784,         2,        46,          0.12,      0.08,      0.16,      0.1775,     0.175,        0.18,           0,             0
    785,         3,        46,           0.2,      0.16,      0.24,      0.1775,     0.175,        0.18,           0,             0
    786,         4,        46,          0.28,      0.24,      0.32,      0.1775,     0.175,        0.18,           0,             0
    787,         5,        46,          0.36,      0.32,       0.4,      0.1775,     0.175,        0.18,     2.10616,       1.62361
    788,         6,        46,          0.44,       0.4,      0.48,      0.1775,     0.175,        0.18,      2.7254,      0.545048
    789,         7,        46,          0.52,      0.48,      0.56,      0.1775,     0.175,        0.18,     1.12103,      0.169351
    790,         8,        46,           0.6,      0.56,      0.64,      0.1775,     0.175,        0.18,    0.384283,     0.0634112
    791,         9,        46,          0.68,      0.64,      0.72,      0.1775,     0.175,        0.18,    0.096402,     0.0184308
    792,        10,        46,          0.76,      0.72,       0.8,      0.1775,     0.175,        0.18,   0.0184513,    0.00598326
    793,        11,        46,          0.84,       0.8,      0.88,      0.1775,     0.175,        0.18,  0.00356334,    0.00251082
    794,        12,        46,          0.92,      0.88,      0.96,      0.1775,     0.175,        0.18, 9.66324e-05,   9.66324e-05
    795,        13,        46,             1,      0.96,      1.04,      0.1775,     0.175,        0.18,           0,             0
    796,        14,        46,          1.08,      1.04,      1.12,      0.1775,     0.175,        0.18,           0,             0
    797,        15,        46,          1.16,      1.12,       1.2,      0.1775,     0.175,        0.18,           0,             0
    800,         1,        47,          0.04,         0,      0.08,      0.1825,      0.18,       0.185,           0,             0
    801,         2,        47,          0.12,      0.08,      0.16,      0.1825,      0.18,       0.185,           0,             0
    802,         3,        47,           0.2,      0.16,      0.24,      0.1825,      0.18,       0.185,           0,             0
    803,         4,        47,          0.28,      0.24,      0.32,      0.1825,      0.18,       0.185,           0,             0
    804,         5,        47,          0.36,      0.32,       0.4,      0.1825,      0.18,       0.185,     4.64152,       1.80779
    805,         6,        47,          0.44,       0.4,      0.48,      0.1825,      0.18,       0.185,     3.09018,      0.831291
    806,         7,        47,          0.52,      0.48,      0.56,      0.1825,      0.18,       0.185,     1.15052,      0.183461
    807,         8,        47,           0.6,      0.56,      0.64,      0.1825,      0.18,       0.185,    0.375893,     0.0618876
    808,         9,        47,          0.68,      0.64,      0.72,      0.1825,      0.18,       0.185,     0.13271,     0.0284446
    809,        10,        47,          0.76,      0.72,       0.8,      0.1825,      0.18,       0.185,   0.0608521,     0.0209535
    810,        11,        47,          0.84,       0.8,      0.88,      0.1825,      0.18,       0.185,  0.00347866,    0.00190418
    811,        12,        47,          0.92,      0.88,      0.96,      0.1825,      0.18,       0.185,           0,             0
    812,        13,        47,             1,      0.96,      1.04,      0.1825,      0.18,       0.185,           0,             0
    813,        14,        47,          1.08,      1.04,      1.12,      0.1825,      0.18,       0.185,           0,             0
    814,        15,        47,          1.16,      1.12,       1.2,      0.1825,      0.18,       0.185,           0,             0
    817,         1,        48,          0.04,         0,      0.08,      0.1875,     0.185,        0.19,           0,             0
    818,         2,        48,          0.12,      0.08,      0.16,      0.1875,     0.185,        0.19,           0,             0
    819,         3,        48,           0.2,      0.16,      0.24,      0.1875,     0.185,        0.19,           0,             0
    820,         4,        48,          0.28,      0.24,      0.32,      0.1875,     0.185,        0.19,           0,             0
    821,         5,        48,          0.36,      0.32,       0.4,      0.1875,     0.185,        0.19,     1.27281,      0.649259
    822,         6,        48,          0.44,       0.4,      0.48,      0.1875,     0.185,        0.19,     2.29874,      0.632342
    823,         7,        48,          0.52,      0.48,      0.56,      0.1875,     0.185,        0.19,     1.52188,       0.22495
    824,         8,        48,           0.6,      0.56,      0.64,      0.1875,     0.185,        0.19,    0.326184,     0.0597183
    825,         9,        48,          0.68,      0.64,      0.72,      0.1875,     0.185,        0.19,    0.136485,     0.0271873
    826,        10,        48,          0.76,      0.72,       0.8,      0.1875,     0.185,        0.19,   0.0183806,    0.00659261
    827,        11,        48,          0.84,       0.8,      0.88,      0.1875,     0.185,        0.19,   0.0113067,    0.00567807
    828,        12,        48,          0.92,      0.88,      0.96,      0.1875,     0.185,        0.19,  0.00131674,    0.00131674
    829,        13,        48,             1,      0.96,      1.04,      0.1875,     0.185,        0.19,           0,             0
    830,        14,        48,          1.08,      1.04,      1.12,      0.1875,     0.185,        0.19,           0,             0
    831,        15,        48,          1.16,      1.12,       1.2,      0.1875,     0.185,        0.19,           0,             0
    834,         1,        49,          0.04,         0,      0.08,      0.1925,      0.19,       0.195,           0,             0
    835,         2,        49,          0.12,      0.08,      0.16,      0.1925,      0.19,       0.195,           0,             0
    836,         3,        49,           0.2,      0.16,      0.24,      0.1925,      0.19,       0.195,           0,             0
    837,         4,        49,          0.28,      0.24,      0.32,      0.1925,      0.19,       0.195,           0,             0
    838,         5,        49,          0.36,      0.32,       0.4,      0.1925,      0.19,       0.195,   0.0585061,     0.0585061
    839,         6,        49,          0.44,       0.4,      0.48,      0.1925,      0.19,       0.195,     1.42981,      0.390164
    840,         7,        49,          0.52,      0.48,      0.56,      0.1925,      0.19,       0.195,    0.940225,      0.166968
    841,         8,        49,           0.6,      0.56,      0.64,      0.1925,      0.19,       0.195,    0.542683,     0.0796786
    842,         9,        49,          0.68,      0.64,      0.72,      0.1925,      0.19,       0.195,   0.0949548,     0.0226476
    843,        10,        49,          0.76,      0.72,       0.8,      0.1925,      0.19,       0.195,   0.0381638,     0.0146823
    844,        11,        49,          0.84,       0.8,      0.88,      0.1925,      0.19,       0.195,  0.00091193,    0.00091193
    845,        12,        49,          0.92,      0.88,      0.96,      0.1925,      0.19,       0.195,           0,             0
    846,        13,        49,             1,      0.96,      1.04,      0.1925,      0.19,       0.195,           0,             0
    847,        14,        49,          1.08,      1.04,      1.12,      0.1925,      0.19,       0.195,           0,             0
    848,        15,        49,          1.16,      1.12,       1.2,      0.1925,      0.19,       0.195,           0,             0
    851,         1,        50,          0.04,         0,      0.08,      0.1975,     0.195,         0.2,           0,             0
    852,         2,        50,          0.12,      0.08,      0.16,      0.1975,     0.195,         0.2,           0,             0
    853,         3,        50,           0.2,      0.16,      0.24,      0.1975,     0.195,         0.2,           0,             0
    854,         4,        50,          0.28,      0.24,      0.32,      0.1975,     0.195,         0.2,           0,             0
    855,         5,        50,          0.36,      0.32,       0.4,      0.1975,     0.195,         0.2,           0,             0
    856,         6,        50,          0.44,       0.4,      0.48,      0.1975,     0.195,         0.2,     1.86079,       0.43306
    857,         7,        50,          0.52,      0.48,      0.56,      0.1975,     0.195,         0.2,     1.25976,      0.244363
    858,         8,        50,           0.6,      0.56,      0.64,      0.1975,     0.195,         0.2,    0.481991,     0.0695934
    859,         9,        50,          0.68,      0.64,      0.72,      0.1975,     0.195,         0.2,    0.148138,     0.0312728
    860,        10,        50,          0.76,      0.72,       0.8,      0.1975,     0.195,         0.2,   0.0553393,     0.0179695
    861,        11,        50,          0.84,       0.8,      0.88,      0.1975,     0.195,         0.2,  0.00352037,    0.00231734
    862,        12,        50,          0.92,      0.88,      0.96,      0.1975,     0.195,         0.2,           0,             0
    863,        13,        50,             1,      0.96,      1.04,      0.1975,     0.195,         0.2,           0,             0
    864,        14,        50,          1.08,      1.04,      1.12,      0.1975,     0.195,         0.2,           0,             0
    865,        15,        50,          1.16,      1.12,       1.2,      0.1975,     0.195,         0.2,           0,             0
