# 2D Histogram Bin Extraction 
#                   
# histogram parameters:  
# title      : Em_nuc vs. Pm 
# ybins      : 50 
# ylabel     :  
# xbins      : 15 
# xlabel     :  
# ybin_width : 0.005 
# xbin_width : 0.080 
#                   
# header definitions:
# ib:         (x,y)  bin number 
# xb:         x-axis bin number 
# yb:         y-axis bin number 
# x0:         x-axis central bin value 
# xlow:       x-axis low-edge bin value 
# xup:        x-axis up-edge bin value 
# y0:         y-axis central bin value 
# ylow:       y-axis low-edge bin value 
# yup:        y-axis up-edge bin value 
# zcont:      bin content (z-axis) 
# zcont_err:  bin content error (z-axis) 
#                                        
ib,xb,yb,x0,xlow,xup,y0,ylow,yup,zcont,zcont_err
     18,         1,         1,          0.04,         0,      0.08,     -0.0475,     -0.05,      -0.045,           0,             0
     19,         2,         1,          0.12,      0.08,      0.16,     -0.0475,     -0.05,      -0.045,           0,             0
     20,         3,         1,           0.2,      0.16,      0.24,     -0.0475,     -0.05,      -0.045,           0,             0
     21,         4,         1,          0.28,      0.24,      0.32,     -0.0475,     -0.05,      -0.045,    0.175264,      0.175264
     22,         5,         1,          0.36,      0.32,       0.4,     -0.0475,     -0.05,      -0.045,   0.0170264,     0.0170264
     23,         6,         1,          0.44,       0.4,      0.48,     -0.0475,     -0.05,      -0.045,   0.0019175,     0.0019175
     24,         7,         1,          0.52,      0.48,      0.56,     -0.0475,     -0.05,      -0.045,  0.00301125,    0.00247375
     25,         8,         1,           0.6,      0.56,      0.64,     -0.0475,     -0.05,      -0.045,  0.00478712,    0.00468299
     26,         9,         1,          0.68,      0.64,      0.72,     -0.0475,     -0.05,      -0.045,  0.00340922,     0.0016818
     27,        10,         1,          0.76,      0.72,       0.8,     -0.0475,     -0.05,      -0.045, 0.000732286,   0.000477061
     28,        11,         1,          0.84,       0.8,      0.88,     -0.0475,     -0.05,      -0.045, 0.000603675,   0.000298053
     29,        12,         1,          0.92,      0.88,      0.96,     -0.0475,     -0.05,      -0.045,           0,             0
     30,        13,         1,             1,      0.96,      1.04,     -0.0475,     -0.05,      -0.045,           0,             0
     31,        14,         1,          1.08,      1.04,      1.12,     -0.0475,     -0.05,      -0.045,           0,             0
     32,        15,         1,          1.16,      1.12,       1.2,     -0.0475,     -0.05,      -0.045,           0,             0
     35,         1,         2,          0.04,         0,      0.08,     -0.0425,    -0.045,       -0.04,           0,             0
     36,         2,         2,          0.12,      0.08,      0.16,     -0.0425,    -0.045,       -0.04,           0,             0
     37,         3,         2,           0.2,      0.16,      0.24,     -0.0425,    -0.045,       -0.04,           0,             0
     38,         4,         2,          0.28,      0.24,      0.32,     -0.0425,    -0.045,       -0.04,           0,             0
     39,         5,         2,          0.36,      0.32,       0.4,     -0.0425,    -0.045,       -0.04,   0.0115493,    0.00848929
     40,         6,         2,          0.44,       0.4,      0.48,     -0.0425,    -0.045,       -0.04,  0.00139597,    0.00139597
     41,         7,         2,          0.52,      0.48,      0.56,     -0.0425,    -0.045,       -0.04, 0.000707984,   0.000423308
     42,         8,         2,           0.6,      0.56,      0.64,     -0.0425,    -0.045,       -0.04,  0.00780822,    0.00594929
     43,         9,         2,          0.68,      0.64,      0.72,     -0.0425,    -0.045,       -0.04,  0.00705449,    0.00273017
     44,        10,         2,          0.76,      0.72,       0.8,     -0.0425,    -0.045,       -0.04,  0.00275472,    0.00197873
     45,        11,         2,          0.84,       0.8,      0.88,     -0.0425,    -0.045,       -0.04, 0.000126582,   8.95668e-05
     46,        12,         2,          0.92,      0.88,      0.96,     -0.0425,    -0.045,       -0.04,           0,             0
     47,        13,         2,             1,      0.96,      1.04,     -0.0425,    -0.045,       -0.04,           0,             0
     48,        14,         2,          1.08,      1.04,      1.12,     -0.0425,    -0.045,       -0.04,           0,             0
     49,        15,         2,          1.16,      1.12,       1.2,     -0.0425,    -0.045,       -0.04,           0,             0
     52,         1,         3,          0.04,         0,      0.08,     -0.0375,     -0.04,      -0.035,           0,             0
     53,         2,         3,          0.12,      0.08,      0.16,     -0.0375,     -0.04,      -0.035,           0,             0
     54,         3,         3,           0.2,      0.16,      0.24,     -0.0375,     -0.04,      -0.035,   0.0382827,     0.0382827
     55,         4,         3,          0.28,      0.24,      0.32,     -0.0375,     -0.04,      -0.035,   0.0415455,     0.0415455
     56,         5,         3,          0.36,      0.32,       0.4,     -0.0375,     -0.04,      -0.035,   0.0289424,     0.0192193
     57,         6,         3,          0.44,       0.4,      0.48,     -0.0375,     -0.04,      -0.035,  0.00508324,    0.00338815
     58,         7,         3,          0.52,      0.48,      0.56,     -0.0375,     -0.04,      -0.035,  0.00330666,    0.00235477
     59,         8,         3,           0.6,      0.56,      0.64,     -0.0375,     -0.04,      -0.035,  0.00985586,    0.00430147
     60,         9,         3,          0.68,      0.64,      0.72,     -0.0375,     -0.04,      -0.035,  0.00511427,    0.00199591
     61,        10,         3,          0.76,      0.72,       0.8,     -0.0375,     -0.04,      -0.035, 0.000582806,   0.000221412
     62,        11,         3,          0.84,       0.8,      0.88,     -0.0375,     -0.04,      -0.035, 0.000129518,   9.17288e-05
     63,        12,         3,          0.92,      0.88,      0.96,     -0.0375,     -0.04,      -0.035,           0,             0
     64,        13,         3,             1,      0.96,      1.04,     -0.0375,     -0.04,      -0.035,           0,             0
     65,        14,         3,          1.08,      1.04,      1.12,     -0.0375,     -0.04,      -0.035,           0,             0
     66,        15,         3,          1.16,      1.12,       1.2,     -0.0375,     -0.04,      -0.035,           0,             0
     69,         1,         4,          0.04,         0,      0.08,     -0.0325,    -0.035,       -0.03,           0,             0
     70,         2,         4,          0.12,      0.08,      0.16,     -0.0325,    -0.035,       -0.03,           0,             0
     71,         3,         4,           0.2,      0.16,      0.24,     -0.0325,    -0.035,       -0.03,    0.159916,      0.159916
     72,         4,         4,          0.28,      0.24,      0.32,     -0.0325,    -0.035,       -0.03,   0.0130368,     0.0130368
     73,         5,         4,          0.36,      0.32,       0.4,     -0.0325,    -0.035,       -0.03,    0.042481,     0.0196534
     74,         6,         4,          0.44,       0.4,      0.48,     -0.0325,    -0.035,       -0.03,   0.0414587,     0.0139787
     75,         7,         4,          0.52,      0.48,      0.56,     -0.0325,    -0.035,       -0.03,   0.0270938,    0.00953011
     76,         8,         4,           0.6,      0.56,      0.64,     -0.0325,    -0.035,       -0.03,   0.0219717,    0.00745551
     77,         9,         4,          0.68,      0.64,      0.72,     -0.0325,    -0.035,       -0.03,  0.00705858,    0.00233548
     78,        10,         4,          0.76,      0.72,       0.8,     -0.0325,    -0.035,       -0.03,  0.00169736,   0.000537027
     79,        11,         4,          0.84,       0.8,      0.88,     -0.0325,    -0.035,       -0.03, 0.000195492,   9.78993e-05
     80,        12,         4,          0.92,      0.88,      0.96,     -0.0325,    -0.035,       -0.03,           0,             0
     81,        13,         4,             1,      0.96,      1.04,     -0.0325,    -0.035,       -0.03,           0,             0
     82,        14,         4,          1.08,      1.04,      1.12,     -0.0325,    -0.035,       -0.03,           0,             0
     83,        15,         4,          1.16,      1.12,       1.2,     -0.0325,    -0.035,       -0.03,           0,             0
     86,         1,         5,          0.04,         0,      0.08,     -0.0275,     -0.03,      -0.025,           0,             0
     87,         2,         5,          0.12,      0.08,      0.16,     -0.0275,     -0.03,      -0.025,           0,             0
     88,         3,         5,           0.2,      0.16,      0.24,     -0.0275,     -0.03,      -0.025,     0.97464,      0.708612
     89,         4,         5,          0.28,      0.24,      0.32,     -0.0275,     -0.03,      -0.025,    0.117036,     0.0731568
     90,         5,         5,          0.36,      0.32,       0.4,     -0.0275,     -0.03,      -0.025,    0.111257,     0.0228574
     91,         6,         5,          0.44,       0.4,      0.48,     -0.0275,     -0.03,      -0.025,   0.0900145,      0.020904
     92,         7,         5,          0.52,      0.48,      0.56,     -0.0275,     -0.03,      -0.025,   0.0564378,     0.0132749
     93,         8,         5,           0.6,      0.56,      0.64,     -0.0275,     -0.03,      -0.025,   0.0429796,    0.00941967
     94,         9,         5,          0.68,      0.64,      0.72,     -0.0275,     -0.03,      -0.025,   0.0217371,    0.00492484
     95,        10,         5,          0.76,      0.72,       0.8,     -0.0275,     -0.03,      -0.025,  0.00198432,   0.000558127
     96,        11,         5,          0.84,       0.8,      0.88,     -0.0275,     -0.03,      -0.025, 0.000272529,   0.000159937
     97,        12,         5,          0.92,      0.88,      0.96,     -0.0275,     -0.03,      -0.025,           0,             0
     98,        13,         5,             1,      0.96,      1.04,     -0.0275,     -0.03,      -0.025,           0,             0
     99,        14,         5,          1.08,      1.04,      1.12,     -0.0275,     -0.03,      -0.025,           0,             0
    100,        15,         5,          1.16,      1.12,       1.2,     -0.0275,     -0.03,      -0.025,           0,             0
    103,         1,         6,          0.04,         0,      0.08,     -0.0225,    -0.025,       -0.02,     16.5602,       16.5602
    104,         2,         6,          0.12,      0.08,      0.16,     -0.0225,    -0.025,       -0.02,           0,             0
    105,         3,         6,           0.2,      0.16,      0.24,     -0.0225,    -0.025,       -0.02,     3.36885,       1.34726
    106,         4,         6,          0.28,      0.24,      0.32,     -0.0225,    -0.025,       -0.02,    0.394797,     0.0834839
    107,         5,         6,          0.36,      0.32,       0.4,     -0.0225,    -0.025,       -0.02,    0.354153,     0.0429295
    108,         6,         6,          0.44,       0.4,      0.48,     -0.0225,    -0.025,       -0.02,    0.273726,     0.0303645
    109,         7,         6,          0.52,      0.48,      0.56,     -0.0225,    -0.025,       -0.02,    0.222445,     0.0269595
    110,         8,         6,           0.6,      0.56,      0.64,     -0.0225,    -0.025,       -0.02,    0.113246,     0.0151304
    111,         9,         6,          0.68,      0.64,      0.72,     -0.0225,    -0.025,       -0.02,   0.0282617,    0.00503755
    112,        10,         6,          0.76,      0.72,       0.8,     -0.0225,    -0.025,       -0.02,  0.00362457,    0.00117136
    113,        11,         6,          0.84,       0.8,      0.88,     -0.0225,    -0.025,       -0.02, 0.000321294,   0.000236062
    114,        12,         6,          0.92,      0.88,      0.96,     -0.0225,    -0.025,       -0.02,           0,             0
    115,        13,         6,             1,      0.96,      1.04,     -0.0225,    -0.025,       -0.02,           0,             0
    116,        14,         6,          1.08,      1.04,      1.12,     -0.0225,    -0.025,       -0.02,           0,             0
    117,        15,         6,          1.16,      1.12,       1.2,     -0.0225,    -0.025,       -0.02,           0,             0
    120,         1,         7,          0.04,         0,      0.08,     -0.0175,     -0.02,      -0.015,    0.231801,      0.231801
    121,         2,         7,          0.12,      0.08,      0.16,     -0.0175,     -0.02,      -0.015,     21.1925,       11.7011
    122,         3,         7,           0.2,      0.16,      0.24,     -0.0175,     -0.02,      -0.015,     7.83885,       1.74892
    123,         4,         7,          0.28,      0.24,      0.32,     -0.0175,     -0.02,      -0.015,     2.68813,      0.239785
    124,         5,         7,          0.36,      0.32,       0.4,     -0.0175,     -0.02,      -0.015,     1.50495,     0.0907837
    125,         6,         7,          0.44,       0.4,      0.48,     -0.0175,     -0.02,      -0.015,    0.992708,     0.0596046
    126,         7,         7,          0.52,      0.48,      0.56,     -0.0175,     -0.02,      -0.015,    0.539871,     0.0367394
    127,         8,         7,           0.6,      0.56,      0.64,     -0.0175,     -0.02,      -0.015,    0.219925,     0.0192451
    128,         9,         7,          0.68,      0.64,      0.72,     -0.0175,     -0.02,      -0.015,   0.0380358,    0.00537589
    129,        10,         7,          0.76,      0.72,       0.8,     -0.0175,     -0.02,      -0.015,  0.00626999,    0.00172235
    130,        11,         7,          0.84,       0.8,      0.88,     -0.0175,     -0.02,      -0.015,  0.00024134,    0.00014328
    131,        12,         7,          0.92,      0.88,      0.96,     -0.0175,     -0.02,      -0.015, 4.11844e-05,   4.11844e-05
    132,        13,         7,             1,      0.96,      1.04,     -0.0175,     -0.02,      -0.015,           0,             0
    133,        14,         7,          1.08,      1.04,      1.12,     -0.0175,     -0.02,      -0.015,           0,             0
    134,        15,         7,          1.16,      1.12,       1.2,     -0.0175,     -0.02,      -0.015,           0,             0
    137,         1,         8,          0.04,         0,      0.08,     -0.0125,    -0.015,       -0.01,     390.059,       164.997
    138,         2,         8,          0.12,      0.08,      0.16,     -0.0125,    -0.015,       -0.01,     175.256,       23.2994
    139,         3,         8,           0.2,      0.16,      0.24,     -0.0125,    -0.015,       -0.01,     32.8333,        2.5439
    140,         4,         8,          0.28,      0.24,      0.32,     -0.0125,    -0.015,       -0.01,     9.98588,      0.443859
    141,         5,         8,          0.36,      0.32,       0.4,     -0.0125,    -0.015,       -0.01,     4.85444,       0.16411
    142,         6,         8,          0.44,       0.4,      0.48,     -0.0125,    -0.015,       -0.01,     2.88029,      0.101188
    143,         7,         8,          0.52,      0.48,      0.56,     -0.0125,    -0.015,       -0.01,     1.35522,     0.0584284
    144,         8,         8,           0.6,      0.56,      0.64,     -0.0125,    -0.015,       -0.01,    0.454661,     0.0269484
    145,         9,         8,          0.68,      0.64,      0.72,     -0.0125,    -0.015,       -0.01,   0.0779417,    0.00755112
    146,        10,         8,          0.76,      0.72,       0.8,     -0.0125,    -0.015,       -0.01,  0.00557241,    0.00102656
    147,        11,         8,          0.84,       0.8,      0.88,     -0.0125,    -0.015,       -0.01, 0.000156419,   9.19954e-05
    148,        12,         8,          0.92,      0.88,      0.96,     -0.0125,    -0.015,       -0.01,           0,             0
    149,        13,         8,             1,      0.96,      1.04,     -0.0125,    -0.015,       -0.01,           0,             0
    150,        14,         8,          1.08,      1.04,      1.12,     -0.0125,    -0.015,       -0.01,           0,             0
    151,        15,         8,          1.16,      1.12,       1.2,     -0.0125,    -0.015,       -0.01,           0,             0
    154,         1,         9,          0.04,         0,      0.08,     -0.0075,     -0.01,      -0.005,      2965.5,       359.672
    155,         2,         9,          0.12,      0.08,      0.16,     -0.0075,     -0.01,      -0.005,     950.254,       61.1216
    156,         3,         9,           0.2,      0.16,      0.24,     -0.0075,     -0.01,      -0.005,     127.563,       4.59695
    157,         4,         9,          0.28,      0.24,      0.32,     -0.0075,     -0.01,      -0.005,     34.3897,       1.22073
    158,         5,         9,          0.36,      0.32,       0.4,     -0.0075,     -0.01,      -0.005,     14.0163,      0.272796
    159,         6,         9,          0.44,       0.4,      0.48,     -0.0075,     -0.01,      -0.005,      6.5632,      0.149353
    160,         7,         9,          0.52,      0.48,      0.56,     -0.0075,     -0.01,      -0.005,     2.51317,     0.0753366
    161,         8,         9,           0.6,      0.56,      0.64,     -0.0075,     -0.01,      -0.005,    0.719181,     0.0312716
    162,         9,         9,          0.68,      0.64,      0.72,     -0.0075,     -0.01,      -0.005,    0.126432,    0.00983685
    163,        10,         9,          0.76,      0.72,       0.8,     -0.0075,     -0.01,      -0.005,  0.00758752,    0.00132976
    164,        11,         9,          0.84,       0.8,      0.88,     -0.0075,     -0.01,      -0.005, 0.000196557,   9.98842e-05
    165,        12,         9,          0.92,      0.88,      0.96,     -0.0075,     -0.01,      -0.005,           0,             0
    166,        13,         9,             1,      0.96,      1.04,     -0.0075,     -0.01,      -0.005,           0,             0
    167,        14,         9,          1.08,      1.04,      1.12,     -0.0075,     -0.01,      -0.005,           0,             0
    168,        15,         9,          1.16,      1.12,       1.2,     -0.0075,     -0.01,      -0.005,           0,             0
    171,         1,        10,          0.04,         0,      0.08,     -0.0025,    -0.005,           0,     11688.5,       688.675
    172,         2,        10,          0.12,      0.08,      0.16,     -0.0025,    -0.005,           0,     3862.62,       107.587
    173,         3,        10,           0.2,      0.16,      0.24,     -0.0025,    -0.005,           0,     511.781,       9.65779
    174,         4,        10,          0.28,      0.24,      0.32,     -0.0025,    -0.005,           0,     96.1432,       1.41438
    175,         5,        10,          0.36,      0.32,       0.4,     -0.0025,    -0.005,           0,     30.6819,      0.415217
    176,         6,        10,          0.44,       0.4,      0.48,     -0.0025,    -0.005,           0,     12.1397,      0.201997
    177,         7,        10,          0.52,      0.48,      0.56,     -0.0025,    -0.005,           0,     4.10274,      0.096023
    178,         8,        10,           0.6,      0.56,      0.64,     -0.0025,    -0.005,           0,     1.21549,     0.0404286
    179,         9,        10,          0.68,      0.64,      0.72,     -0.0025,    -0.005,           0,    0.203974,     0.0122348
    180,        10,        10,          0.76,      0.72,       0.8,     -0.0025,    -0.005,           0,  0.00927693,    0.00136426
    181,        11,        10,          0.84,       0.8,      0.88,     -0.0025,    -0.005,           0, 0.000505354,   0.000205944
    182,        12,        10,          0.92,      0.88,      0.96,     -0.0025,    -0.005,           0,           0,             0
    183,        13,        10,             1,      0.96,      1.04,     -0.0025,    -0.005,           0,           0,             0
    184,        14,        10,          1.08,      1.04,      1.12,     -0.0025,    -0.005,           0,           0,             0
    185,        15,        10,          1.16,      1.12,       1.2,     -0.0025,    -0.005,           0,           0,             0
    188,         1,        11,          0.04,         0,      0.08,      0.0025,         0,       0.005,     21923.5,       879.265
    189,         2,        11,          0.12,      0.08,      0.16,      0.0025,         0,       0.005,     10912.1,       189.367
    190,         3,        11,           0.2,      0.16,      0.24,      0.0025,         0,       0.005,     1297.36,       15.0927
    191,         4,        11,          0.28,      0.24,      0.32,      0.0025,         0,       0.005,     189.255,       1.99148
    192,         5,        11,          0.36,      0.32,       0.4,      0.0025,         0,       0.005,     47.6678,      0.513764
    193,         6,        11,          0.44,       0.4,      0.48,      0.0025,         0,       0.005,     17.1503,      0.239959
    194,         7,        11,          0.52,      0.48,      0.56,      0.0025,         0,       0.005,     5.52052,      0.107761
    195,         8,        11,           0.6,      0.56,      0.64,      0.0025,         0,       0.005,     1.56037,     0.0450476
    196,         9,        11,          0.68,      0.64,      0.72,      0.0025,         0,       0.005,    0.244356,     0.0129079
    197,        10,        11,          0.76,      0.72,       0.8,      0.0025,         0,       0.005,   0.0115714,    0.00155712
    198,        11,        11,          0.84,       0.8,      0.88,      0.0025,         0,       0.005,           0,             0
    199,        12,        11,          0.92,      0.88,      0.96,      0.0025,         0,       0.005,           0,             0
    200,        13,        11,             1,      0.96,      1.04,      0.0025,         0,       0.005,           0,             0
    201,        14,        11,          1.08,      1.04,      1.12,      0.0025,         0,       0.005,           0,             0
    202,        15,        11,          1.16,      1.12,       1.2,      0.0025,         0,       0.005,           0,             0
    205,         1,        12,          0.04,         0,      0.08,      0.0075,     0.005,        0.01,     27266.6,       983.813
    206,         2,        12,          0.12,      0.08,      0.16,      0.0075,     0.005,        0.01,     16672.2,       247.744
    207,         3,        12,           0.2,      0.16,      0.24,      0.0075,     0.005,        0.01,     1789.43,        17.819
    208,         4,        12,          0.28,      0.24,      0.32,      0.0075,     0.005,        0.01,     223.519,       2.27936
    209,         5,        12,          0.36,      0.32,       0.4,      0.0075,     0.005,        0.01,     50.1084,      0.538029
    210,         6,        12,          0.44,       0.4,      0.48,      0.0075,     0.005,        0.01,     17.6922,      0.241671
    211,         7,        12,          0.52,      0.48,      0.56,      0.0075,     0.005,        0.01,     5.91819,       0.11008
    212,         8,        12,           0.6,      0.56,      0.64,      0.0075,     0.005,        0.01,     1.57903,     0.0437783
    213,         9,        12,          0.68,      0.64,      0.72,      0.0075,     0.005,        0.01,    0.233865,     0.0120682
    214,        10,        12,          0.76,      0.72,       0.8,      0.0075,     0.005,        0.01,   0.0096475,    0.00123632
    215,        11,        12,          0.84,       0.8,      0.88,      0.0075,     0.005,        0.01, 0.000220475,   0.000179763
    216,        12,        12,          0.92,      0.88,      0.96,      0.0075,     0.005,        0.01,           0,             0
    217,        13,        12,             1,      0.96,      1.04,      0.0075,     0.005,        0.01,           0,             0
    218,        14,        12,          1.08,      1.04,      1.12,      0.0075,     0.005,        0.01,           0,             0
    219,        15,        12,          1.16,      1.12,       1.2,      0.0075,     0.005,        0.01,           0,             0
    222,         1,        13,          0.04,         0,      0.08,      0.0125,      0.01,       0.015,     19721.2,       830.602
    223,         2,        13,          0.12,      0.08,      0.16,      0.0125,      0.01,       0.015,     13286.5,       238.408
    224,         3,        13,           0.2,      0.16,      0.24,      0.0125,      0.01,       0.015,     1458.92,       19.2954
    225,         4,        13,          0.28,      0.24,      0.32,      0.0125,      0.01,       0.015,     172.647,       1.96972
    226,         5,        13,          0.36,      0.32,       0.4,      0.0125,      0.01,       0.015,     38.9147,      0.494831
    227,         6,        13,          0.44,       0.4,      0.48,      0.0125,      0.01,       0.015,      13.661,      0.214633
    228,         7,        13,          0.52,      0.48,      0.56,      0.0125,      0.01,       0.015,     4.69361,     0.0984454
    229,         8,        13,           0.6,      0.56,      0.64,      0.0125,      0.01,       0.015,     1.44804,     0.0429503
    230,         9,        13,          0.68,      0.64,      0.72,      0.0125,      0.01,       0.015,     0.22036,     0.0121241
    231,        10,        13,          0.76,      0.72,       0.8,      0.0125,      0.01,       0.015,  0.00735685,    0.00113607
    232,        11,        13,          0.84,       0.8,      0.88,      0.0125,      0.01,       0.015,           0,             0
    233,        12,        13,          0.92,      0.88,      0.96,      0.0125,      0.01,       0.015,           0,             0
    234,        13,        13,             1,      0.96,      1.04,      0.0125,      0.01,       0.015,           0,             0
    235,        14,        13,          1.08,      1.04,      1.12,      0.0125,      0.01,       0.015,           0,             0
    236,        15,        13,          1.16,      1.12,       1.2,      0.0125,      0.01,       0.015,           0,             0
    239,         1,        14,          0.04,         0,      0.08,      0.0175,     0.015,        0.02,     8712.15,       531.601
    240,         2,        14,          0.12,      0.08,      0.16,      0.0175,     0.015,        0.02,     7398.67,       209.812
    241,         3,        14,           0.2,      0.16,      0.24,      0.0175,     0.015,        0.02,     846.501,        14.932
    242,         4,        14,          0.28,      0.24,      0.32,      0.0175,     0.015,        0.02,     102.637,        1.6266
    243,         5,        14,          0.36,      0.32,       0.4,      0.0175,     0.015,        0.02,     24.1608,      0.413735
    244,         6,        14,          0.44,       0.4,      0.48,      0.0175,     0.015,        0.02,     8.87865,      0.173915
    245,         7,        14,          0.52,      0.48,      0.56,      0.0175,     0.015,        0.02,     3.31084,     0.0832489
    246,         8,        14,           0.6,      0.56,      0.64,      0.0175,     0.015,        0.02,      1.0237,     0.0353202
    247,         9,        14,          0.68,      0.64,      0.72,      0.0175,     0.015,        0.02,    0.169743,     0.0102759
    248,        10,        14,          0.76,      0.72,       0.8,      0.0175,     0.015,        0.02,  0.00493195,   0.000959815
    249,        11,        14,          0.84,       0.8,      0.88,      0.0175,     0.015,        0.02,           0,             0
    250,        12,        14,          0.92,      0.88,      0.96,      0.0175,     0.015,        0.02,           0,             0
    251,        13,        14,             1,      0.96,      1.04,      0.0175,     0.015,        0.02,           0,             0
    252,        14,        14,          1.08,      1.04,      1.12,      0.0175,     0.015,        0.02,           0,             0
    253,        15,        14,          1.16,      1.12,       1.2,      0.0175,     0.015,        0.02,           0,             0
    256,         1,        15,          0.04,         0,      0.08,      0.0225,      0.02,       0.025,     4232.54,       403.165
    257,         2,        15,          0.12,      0.08,      0.16,      0.0225,      0.02,       0.025,     3935.86,       163.042
    258,         3,        15,           0.2,      0.16,      0.24,      0.0225,      0.02,       0.025,     446.973,        12.456
    259,         4,        15,          0.28,      0.24,      0.32,      0.0225,      0.02,       0.025,     58.3079,       1.28893
    260,         5,        15,          0.36,      0.32,       0.4,      0.0225,      0.02,       0.025,     13.6316,      0.289759
    261,         6,        15,          0.44,       0.4,      0.48,      0.0225,      0.02,       0.025,     5.36924,      0.143606
    262,         7,        15,          0.52,      0.48,      0.56,      0.0225,      0.02,       0.025,     2.15035,     0.0688938
    263,         8,        15,           0.6,      0.56,      0.64,      0.0225,      0.02,       0.025,    0.715506,     0.0301289
    264,         9,        15,          0.68,      0.64,      0.72,      0.0225,      0.02,       0.025,    0.118211,     0.0089173
    265,        10,        15,          0.76,      0.72,       0.8,      0.0225,      0.02,       0.025,  0.00392911,   0.000796424
    266,        11,        15,          0.84,       0.8,      0.88,      0.0225,      0.02,       0.025,   0.0022247,    0.00207419
    267,        12,        15,          0.92,      0.88,      0.96,      0.0225,      0.02,       0.025,           0,             0
    268,        13,        15,             1,      0.96,      1.04,      0.0225,      0.02,       0.025,           0,             0
    269,        14,        15,          1.08,      1.04,      1.12,      0.0225,      0.02,       0.025,           0,             0
    270,        15,        15,          1.16,      1.12,       1.2,      0.0225,      0.02,       0.025,           0,             0
    273,         1,        16,          0.04,         0,      0.08,      0.0275,     0.025,        0.03,     2250.88,       303.731
    274,         2,        16,          0.12,      0.08,      0.16,      0.0275,     0.025,        0.03,     2833.86,       141.047
    275,         3,        16,           0.2,      0.16,      0.24,      0.0275,     0.025,        0.03,     326.959,       30.4552
    276,         4,        16,          0.28,      0.24,      0.32,      0.0275,     0.025,        0.03,     35.6465,      0.991058
    277,         5,        16,          0.36,      0.32,       0.4,      0.0275,     0.025,        0.03,     7.99776,      0.224533
    278,         6,        16,          0.44,       0.4,      0.48,      0.0275,     0.025,        0.03,     3.40196,      0.109132
    279,         7,        16,          0.52,      0.48,      0.56,      0.0275,     0.025,        0.03,     1.28353,     0.0523526
    280,         8,        16,           0.6,      0.56,      0.64,      0.0275,     0.025,        0.03,    0.464614,     0.0246238
    281,         9,        16,          0.68,      0.64,      0.72,      0.0275,     0.025,        0.03,   0.0728969,    0.00787912
    282,        10,        16,          0.76,      0.72,       0.8,      0.0275,     0.025,        0.03,  0.00339785,   0.000862034
    283,        11,        16,          0.84,       0.8,      0.88,      0.0275,     0.025,        0.03,           0,             0
    284,        12,        16,          0.92,      0.88,      0.96,      0.0275,     0.025,        0.03,           0,             0
    285,        13,        16,             1,      0.96,      1.04,      0.0275,     0.025,        0.03,           0,             0
    286,        14,        16,          1.08,      1.04,      1.12,      0.0275,     0.025,        0.03,           0,             0
    287,        15,        16,          1.16,      1.12,       1.2,      0.0275,     0.025,        0.03,           0,             0
    290,         1,        17,          0.04,         0,      0.08,      0.0325,      0.03,       0.035,     1613.11,       246.276
    291,         2,        17,          0.12,      0.08,      0.16,      0.0325,      0.03,       0.035,     1908.96,       122.283
    292,         3,        17,           0.2,      0.16,      0.24,      0.0325,      0.03,       0.035,     248.336,       9.34429
    293,         4,        17,          0.28,      0.24,      0.32,      0.0325,      0.03,       0.035,     29.5409,       2.92395
    294,         5,        17,          0.36,      0.32,       0.4,      0.0325,      0.03,       0.035,     6.34376,      0.213019
    295,         6,        17,          0.44,       0.4,      0.48,      0.0325,      0.03,       0.035,     2.50469,     0.0961535
    296,         7,        17,          0.52,      0.48,      0.56,      0.0325,      0.03,       0.035,     0.98211,     0.0472351
    297,         8,        17,           0.6,      0.56,      0.64,      0.0325,      0.03,       0.035,    0.294628,     0.0195849
    298,         9,        17,          0.68,      0.64,      0.72,      0.0325,      0.03,       0.035,   0.0487872,     0.0056873
    299,        10,        17,          0.76,      0.72,       0.8,      0.0325,      0.03,       0.035,  0.00195111,   0.000884582
    300,        11,        17,          0.84,       0.8,      0.88,      0.0325,      0.03,       0.035, 0.000129559,   9.16257e-05
    301,        12,        17,          0.92,      0.88,      0.96,      0.0325,      0.03,       0.035,           0,             0
    302,        13,        17,             1,      0.96,      1.04,      0.0325,      0.03,       0.035,           0,             0
    303,        14,        17,          1.08,      1.04,      1.12,      0.0325,      0.03,       0.035,           0,             0
    304,        15,        17,          1.16,      1.12,       1.2,      0.0325,      0.03,       0.035,           0,             0
    307,         1,        18,          0.04,         0,      0.08,      0.0375,     0.035,        0.04,     789.864,       175.866
    308,         2,        18,          0.12,      0.08,      0.16,      0.0375,     0.035,        0.04,     1681.79,       133.693
    309,         3,        18,           0.2,      0.16,      0.24,      0.0375,     0.035,        0.04,      212.62,       8.54466
    310,         4,        18,          0.28,      0.24,      0.32,      0.0375,     0.035,        0.04,     24.3183,      0.900397
    311,         5,        18,          0.36,      0.32,       0.4,      0.0375,     0.035,        0.04,     5.33604,      0.196178
    312,         6,        18,          0.44,       0.4,      0.48,      0.0375,     0.035,        0.04,     2.03035,     0.0871788
    313,         7,        18,          0.52,      0.48,      0.56,      0.0375,     0.035,        0.04,    0.713999,     0.0397131
    314,         8,        18,           0.6,      0.56,      0.64,      0.0375,     0.035,        0.04,    0.259561,     0.0188336
    315,         9,        18,          0.68,      0.64,      0.72,      0.0375,     0.035,        0.04,   0.0487199,    0.00656165
    316,        10,        18,          0.76,      0.72,       0.8,      0.0375,     0.035,        0.04,  0.00411664,    0.00148323
    317,        11,        18,          0.84,       0.8,      0.88,      0.0375,     0.035,        0.04,           0,             0
    318,        12,        18,          0.92,      0.88,      0.96,      0.0375,     0.035,        0.04, 0.000148427,   0.000148427
    319,        13,        18,             1,      0.96,      1.04,      0.0375,     0.035,        0.04,           0,             0
    320,        14,        18,          1.08,      1.04,      1.12,      0.0375,     0.035,        0.04,           0,             0
    321,        15,        18,          1.16,      1.12,       1.2,      0.0375,     0.035,        0.04,           0,             0
    324,         1,        19,          0.04,         0,      0.08,      0.0425,      0.04,       0.045,     748.479,       197.678
    325,         2,        19,          0.12,      0.08,      0.16,      0.0425,      0.04,       0.045,     1539.87,        132.71
    326,         3,        19,           0.2,      0.16,      0.24,      0.0425,      0.04,       0.045,     221.583,       11.7037
    327,         4,        19,          0.28,      0.24,      0.32,      0.0425,      0.04,       0.045,     23.5221,      0.920433
    328,         5,        19,          0.36,      0.32,       0.4,      0.0425,      0.04,       0.045,     5.24852,      0.202614
    329,         6,        19,          0.44,       0.4,      0.48,      0.0425,      0.04,       0.045,     1.80843,     0.0817021
    330,         7,        19,          0.52,      0.48,      0.56,      0.0425,      0.04,       0.045,    0.682983,     0.0408754
    331,         8,        19,           0.6,      0.56,      0.64,      0.0425,      0.04,       0.045,    0.195849,      0.016293
    332,         9,        19,          0.68,      0.64,      0.72,      0.0425,      0.04,       0.045,    0.032462,    0.00505697
    333,        10,        19,          0.76,      0.72,       0.8,      0.0425,      0.04,       0.045,  0.00185424,   0.000498981
    334,        11,        19,          0.84,       0.8,      0.88,      0.0425,      0.04,       0.045,           0,             0
    335,        12,        19,          0.92,      0.88,      0.96,      0.0425,      0.04,       0.045,           0,             0
    336,        13,        19,             1,      0.96,      1.04,      0.0425,      0.04,       0.045,           0,             0
    337,        14,        19,          1.08,      1.04,      1.12,      0.0425,      0.04,       0.045,           0,             0
    338,        15,        19,          1.16,      1.12,       1.2,      0.0425,      0.04,       0.045,           0,             0
    341,         1,        20,          0.04,         0,      0.08,      0.0475,     0.045,        0.05,      542.84,       176.045
    342,         2,        20,          0.12,      0.08,      0.16,      0.0475,     0.045,        0.05,     1520.84,       141.311
    343,         3,        20,           0.2,      0.16,      0.24,      0.0475,     0.045,        0.05,     189.085,       9.25765
    344,         4,        20,          0.28,      0.24,      0.32,      0.0475,     0.045,        0.05,     21.1287,      0.865105
    345,         5,        20,          0.36,      0.32,       0.4,      0.0475,     0.045,        0.05,      4.5309,      0.187648
    346,         6,        20,          0.44,       0.4,      0.48,      0.0475,     0.045,        0.05,     1.58585,     0.0771946
    347,         7,        20,          0.52,      0.48,      0.56,      0.0475,     0.045,        0.05,    0.608826,     0.0397742
    348,         8,        20,           0.6,      0.56,      0.64,      0.0475,     0.045,        0.05,    0.187836,     0.0171214
    349,         9,        20,          0.68,      0.64,      0.72,      0.0475,     0.045,        0.05,   0.0360391,    0.00531763
    350,        10,        20,          0.76,      0.72,       0.8,      0.0475,     0.045,        0.05,   0.0011978,   0.000343676
    351,        11,        20,          0.84,       0.8,      0.88,      0.0475,     0.045,        0.05, 0.000832372,   0.000832372
    352,        12,        20,          0.92,      0.88,      0.96,      0.0475,     0.045,        0.05,           0,             0
    353,        13,        20,             1,      0.96,      1.04,      0.0475,     0.045,        0.05,           0,             0
    354,        14,        20,          1.08,      1.04,      1.12,      0.0475,     0.045,        0.05,           0,             0
    355,        15,        20,          1.16,      1.12,       1.2,      0.0475,     0.045,        0.05,           0,             0
    358,         1,        21,          0.04,         0,      0.08,      0.0525,      0.05,       0.055,      251.18,       114.037
    359,         2,        21,          0.12,      0.08,      0.16,      0.0525,      0.05,       0.055,     1268.14,       143.017
    360,         3,        21,           0.2,      0.16,      0.24,      0.0525,      0.05,       0.055,     231.863,       11.5334
    361,         4,        21,          0.28,      0.24,      0.32,      0.0525,      0.05,       0.055,     24.6501,       1.05987
    362,         5,        21,          0.36,      0.32,       0.4,      0.0525,      0.05,       0.055,     4.33131,      0.189213
    363,         6,        21,          0.44,       0.4,      0.48,      0.0525,      0.05,       0.055,     1.41535,     0.0737207
    364,         7,        21,          0.52,      0.48,      0.56,      0.0525,      0.05,       0.055,    0.575312,     0.0377232
    365,         8,        21,           0.6,      0.56,      0.64,      0.0525,      0.05,       0.055,    0.168468,     0.0160248
    366,         9,        21,          0.68,      0.64,      0.72,      0.0525,      0.05,       0.055,   0.0292031,    0.00442574
    367,        10,        21,          0.76,      0.72,       0.8,      0.0525,      0.05,       0.055,  0.00191386,    0.00054967
    368,        11,        21,          0.84,       0.8,      0.88,      0.0525,      0.05,       0.055,           0,             0
    369,        12,        21,          0.92,      0.88,      0.96,      0.0525,      0.05,       0.055,           0,             0
    370,        13,        21,             1,      0.96,      1.04,      0.0525,      0.05,       0.055,           0,             0
    371,        14,        21,          1.08,      1.04,      1.12,      0.0525,      0.05,       0.055,           0,             0
    372,        15,        21,          1.16,      1.12,       1.2,      0.0525,      0.05,       0.055,           0,             0
    375,         1,        22,          0.04,         0,      0.08,      0.0575,     0.055,        0.06,      226.33,       129.762
    376,         2,        22,          0.12,      0.08,      0.16,      0.0575,     0.055,        0.06,     1616.45,        166.62
    377,         3,        22,           0.2,      0.16,      0.24,      0.0575,     0.055,        0.06,     213.098,        12.451
    378,         4,        22,          0.28,      0.24,      0.32,      0.0575,     0.055,        0.06,     25.7337,       1.36588
    379,         5,        22,          0.36,      0.32,       0.4,      0.0575,     0.055,        0.06,     3.94865,      0.184204
    380,         6,        22,          0.44,       0.4,      0.48,      0.0575,     0.055,        0.06,     1.52245,     0.0795638
    381,         7,        22,          0.52,      0.48,      0.56,      0.0575,     0.055,        0.06,    0.568305,     0.0388903
    382,         8,        22,           0.6,      0.56,      0.64,      0.0575,     0.055,        0.06,    0.164935,     0.0157392
    383,         9,        22,          0.68,      0.64,      0.72,      0.0575,     0.055,        0.06,   0.0367335,    0.00576176
    384,        10,        22,          0.76,      0.72,       0.8,      0.0575,     0.055,        0.06,  0.00361646,    0.00198667
    385,        11,        22,          0.84,       0.8,      0.88,      0.0575,     0.055,        0.06, 4.13978e-05,   4.13978e-05
    386,        12,        22,          0.92,      0.88,      0.96,      0.0575,     0.055,        0.06,           0,             0
    387,        13,        22,             1,      0.96,      1.04,      0.0575,     0.055,        0.06,           0,             0
    388,        14,        22,          1.08,      1.04,      1.12,      0.0575,     0.055,        0.06,           0,             0
    389,        15,        22,          1.16,      1.12,       1.2,      0.0575,     0.055,        0.06,           0,             0
    392,         1,        23,          0.04,         0,      0.08,      0.0625,      0.06,       0.065,     114.901,       91.4648
    393,         2,        23,          0.12,      0.08,      0.16,      0.0625,      0.06,       0.065,     1365.19,        157.15
    394,         3,        23,           0.2,      0.16,      0.24,      0.0625,      0.06,       0.065,     242.034,       16.7358
    395,         4,        23,          0.28,      0.24,      0.32,      0.0625,      0.06,       0.065,     26.4754,       1.21882
    396,         5,        23,          0.36,      0.32,       0.4,      0.0625,      0.06,       0.065,     4.07834,      0.210943
    397,         6,        23,          0.44,       0.4,      0.48,      0.0625,      0.06,       0.065,     1.20553,     0.0696981
    398,         7,        23,          0.52,      0.48,      0.56,      0.0625,      0.06,       0.065,    0.522602,     0.0371457
    399,         8,        23,           0.6,      0.56,      0.64,      0.0625,      0.06,       0.065,    0.139137,     0.0141864
    400,         9,        23,          0.68,      0.64,      0.72,      0.0625,      0.06,       0.065,   0.0337407,    0.00593629
    401,        10,        23,          0.76,      0.72,       0.8,      0.0625,      0.06,       0.065,  0.00263147,   0.000939728
    402,        11,        23,          0.84,       0.8,      0.88,      0.0625,      0.06,       0.065, 0.000991347,   0.000802722
    403,        12,        23,          0.92,      0.88,      0.96,      0.0625,      0.06,       0.065,           0,             0
    404,        13,        23,             1,      0.96,      1.04,      0.0625,      0.06,       0.065,           0,             0
    405,        14,        23,          1.08,      1.04,      1.12,      0.0625,      0.06,       0.065,           0,             0
    406,        15,        23,          1.16,      1.12,       1.2,      0.0625,      0.06,       0.065,           0,             0
    409,         1,        24,          0.04,         0,      0.08,      0.0675,     0.065,        0.07,     131.031,       95.9948
    410,         2,        24,          0.12,      0.08,      0.16,      0.0675,     0.065,        0.07,     1466.66,       183.988
    411,         3,        24,           0.2,      0.16,      0.24,      0.0675,     0.065,        0.07,     262.714,       17.6948
    412,         4,        24,          0.28,      0.24,      0.32,      0.0675,     0.065,        0.07,     23.7274,       1.53438
    413,         5,        24,          0.36,      0.32,       0.4,      0.0675,     0.065,        0.07,     4.27426,      0.203851
    414,         6,        24,          0.44,       0.4,      0.48,      0.0675,     0.065,        0.07,     1.34099,     0.0750683
    415,         7,        24,          0.52,      0.48,      0.56,      0.0675,     0.065,        0.07,     0.53394,     0.0399513
    416,         8,        24,           0.6,      0.56,      0.64,      0.0675,     0.065,        0.07,    0.152336,     0.0165538
    417,         9,        24,          0.68,      0.64,      0.72,      0.0675,     0.065,        0.07,   0.0382774,    0.00641331
    418,        10,        24,          0.76,      0.72,       0.8,      0.0675,     0.065,        0.07,  0.00504467,     0.0016688
    419,        11,        24,          0.84,       0.8,      0.88,      0.0675,     0.065,        0.07, 4.53274e-05,   4.53274e-05
    420,        12,        24,          0.92,      0.88,      0.96,      0.0675,     0.065,        0.07,           0,             0
    421,        13,        24,             1,      0.96,      1.04,      0.0675,     0.065,        0.07,           0,             0
    422,        14,        24,          1.08,      1.04,      1.12,      0.0675,     0.065,        0.07,           0,             0
    423,        15,        24,          1.16,      1.12,       1.2,      0.0675,     0.065,        0.07,           0,             0
    426,         1,        25,          0.04,         0,      0.08,      0.0725,      0.07,       0.075,     315.374,       187.767
    427,         2,        25,          0.12,      0.08,      0.16,      0.0725,      0.07,       0.075,     1472.82,       222.259
    428,         3,        25,           0.2,      0.16,      0.24,      0.0725,      0.07,       0.075,     306.626,       20.1303
    429,         4,        25,          0.28,      0.24,      0.32,      0.0725,      0.07,       0.075,     27.9226,       1.42697
    430,         5,        25,          0.36,      0.32,       0.4,      0.0725,      0.07,       0.075,      4.3393,      0.226259
    431,         6,        25,          0.44,       0.4,      0.48,      0.0725,      0.07,       0.075,     1.21765,     0.0744449
    432,         7,        25,          0.52,      0.48,      0.56,      0.0725,      0.07,       0.075,    0.545932,     0.0381439
    433,         8,        25,           0.6,      0.56,      0.64,      0.0725,      0.07,       0.075,    0.136133,     0.0152368
    434,         9,        25,          0.68,      0.64,      0.72,      0.0725,      0.07,       0.075,   0.0378415,    0.00630253
    435,        10,        25,          0.76,      0.72,       0.8,      0.0725,      0.07,       0.075,  0.00301636,    0.00118163
    436,        11,        25,          0.84,       0.8,      0.88,      0.0725,      0.07,       0.075, 8.66656e-05,   8.66656e-05
    437,        12,        25,          0.92,      0.88,      0.96,      0.0725,      0.07,       0.075,           0,             0
    438,        13,        25,             1,      0.96,      1.04,      0.0725,      0.07,       0.075,           0,             0
    439,        14,        25,          1.08,      1.04,      1.12,      0.0725,      0.07,       0.075,           0,             0
    440,        15,        25,          1.16,      1.12,       1.2,      0.0725,      0.07,       0.075,           0,             0
    443,         1,        26,          0.04,         0,      0.08,      0.0775,     0.075,        0.08,           0,             0
    444,         2,        26,          0.12,      0.08,      0.16,      0.0775,     0.075,        0.08,     1072.37,       140.833
    445,         3,        26,           0.2,      0.16,      0.24,      0.0775,     0.075,        0.08,     286.503,       23.7035
    446,         4,        26,          0.28,      0.24,      0.32,      0.0775,     0.075,        0.08,     35.5741,       3.72218
    447,         5,        26,          0.36,      0.32,       0.4,      0.0775,     0.075,        0.08,     4.25185,      0.210957
    448,         6,        26,          0.44,       0.4,      0.48,      0.0775,     0.075,        0.08,     1.23318,     0.0729634
    449,         7,        26,          0.52,      0.48,      0.56,      0.0775,     0.075,        0.08,    0.523798,     0.0383107
    450,         8,        26,           0.6,      0.56,      0.64,      0.0775,     0.075,        0.08,    0.113892,     0.0137703
    451,         9,        26,          0.68,      0.64,      0.72,      0.0775,     0.075,        0.08,    0.064653,     0.0266821
    452,        10,        26,          0.76,      0.72,       0.8,      0.0775,     0.075,        0.08,  0.00197711,   0.000882199
    453,        11,        26,          0.84,       0.8,      0.88,      0.0775,     0.075,        0.08, 0.000132938,   9.41581e-05
    454,        12,        26,          0.92,      0.88,      0.96,      0.0775,     0.075,        0.08,           0,             0
    455,        13,        26,             1,      0.96,      1.04,      0.0775,     0.075,        0.08,           0,             0
    456,        14,        26,          1.08,      1.04,      1.12,      0.0775,     0.075,        0.08,           0,             0
    457,        15,        26,          1.16,      1.12,       1.2,      0.0775,     0.075,        0.08,           0,             0
    460,         1,        27,          0.04,         0,      0.08,      0.0825,      0.08,       0.085,           0,             0
    461,         2,        27,          0.12,      0.08,      0.16,      0.0825,      0.08,       0.085,     781.678,        157.79
    462,         3,        27,           0.2,      0.16,      0.24,      0.0825,      0.08,       0.085,     328.035,       26.7441
    463,         4,        27,          0.28,      0.24,      0.32,      0.0825,      0.08,       0.085,     30.4163,       1.67497
    464,         5,        27,          0.36,      0.32,       0.4,      0.0825,      0.08,       0.085,     4.75836,      0.265499
    465,         6,        27,          0.44,       0.4,      0.48,      0.0825,      0.08,       0.085,     1.31379,     0.0763474
    466,         7,        27,          0.52,      0.48,      0.56,      0.0825,      0.08,       0.085,    0.444423,     0.0347417
    467,         8,        27,           0.6,      0.56,      0.64,      0.0825,      0.08,       0.085,    0.163225,     0.0166233
    468,         9,        27,          0.68,      0.64,      0.72,      0.0825,      0.08,       0.085,   0.0321907,    0.00608538
    469,        10,        27,          0.76,      0.72,       0.8,      0.0825,      0.08,       0.085,  0.00290879,    0.00130044
    470,        11,        27,          0.84,       0.8,      0.88,      0.0825,      0.08,       0.085, 0.000146257,   0.000103427
    471,        12,        27,          0.92,      0.88,      0.96,      0.0825,      0.08,       0.085,           0,             0
    472,        13,        27,             1,      0.96,      1.04,      0.0825,      0.08,       0.085,           0,             0
    473,        14,        27,          1.08,      1.04,      1.12,      0.0825,      0.08,       0.085,           0,             0
    474,        15,        27,          1.16,      1.12,       1.2,      0.0825,      0.08,       0.085,           0,             0
    477,         1,        28,          0.04,         0,      0.08,      0.0875,     0.085,        0.09,           0,             0
    478,         2,        28,          0.12,      0.08,      0.16,      0.0875,     0.085,        0.09,     1171.17,       201.667
    479,         3,        28,           0.2,      0.16,      0.24,      0.0875,     0.085,        0.09,     373.187,       33.1557
    480,         4,        28,          0.28,      0.24,      0.32,      0.0875,     0.085,        0.09,     34.6223,       2.06685
    481,         5,        28,          0.36,      0.32,       0.4,      0.0875,     0.085,        0.09,     4.79856,      0.272624
    482,         6,        28,          0.44,       0.4,      0.48,      0.0875,     0.085,        0.09,      1.2926,     0.0751657
    483,         7,        28,          0.52,      0.48,      0.56,      0.0875,     0.085,        0.09,    0.432644,     0.0350419
    484,         8,        28,           0.6,      0.56,      0.64,      0.0875,     0.085,        0.09,    0.160325,     0.0162531
    485,         9,        28,          0.68,      0.64,      0.72,      0.0875,     0.085,        0.09,   0.0369883,    0.00727705
    486,        10,        28,          0.76,      0.72,       0.8,      0.0875,     0.085,        0.09,  0.00433998,    0.00127967
    487,        11,        28,          0.84,       0.8,      0.88,      0.0875,     0.085,        0.09, 0.000160931,   0.000124326
    488,        12,        28,          0.92,      0.88,      0.96,      0.0875,     0.085,        0.09,           0,             0
    489,        13,        28,             1,      0.96,      1.04,      0.0875,     0.085,        0.09,           0,             0
    490,        14,        28,          1.08,      1.04,      1.12,      0.0875,     0.085,        0.09,           0,             0
    491,        15,        28,          1.16,      1.12,       1.2,      0.0875,     0.085,        0.09,           0,             0
    494,         1,        29,          0.04,         0,      0.08,      0.0925,      0.09,       0.095,           0,             0
    495,         2,        29,          0.12,      0.08,      0.16,      0.0925,      0.09,       0.095,     928.657,       203.382
    496,         3,        29,           0.2,      0.16,      0.24,      0.0925,      0.09,       0.095,     316.128,       31.9961
    497,         4,        29,          0.28,      0.24,      0.32,      0.0925,      0.09,       0.095,     38.7213,       2.27692
    498,         5,        29,          0.36,      0.32,       0.4,      0.0925,      0.09,       0.095,     4.91957,      0.274231
    499,         6,        29,          0.44,       0.4,      0.48,      0.0925,      0.09,       0.095,      1.1743,     0.0734163
    500,         7,        29,          0.52,      0.48,      0.56,      0.0925,      0.09,       0.095,    0.524509,      0.041203
    501,         8,        29,           0.6,      0.56,      0.64,      0.0925,      0.09,       0.095,     0.17205,     0.0190683
    502,         9,        29,          0.68,      0.64,      0.72,      0.0925,      0.09,       0.095,   0.0375614,    0.00642606
    503,        10,        29,          0.76,      0.72,       0.8,      0.0925,      0.09,       0.095,  0.00741559,    0.00334357
    504,        11,        29,          0.84,       0.8,      0.88,      0.0925,      0.09,       0.095, 4.78902e-05,   4.78902e-05
    505,        12,        29,          0.92,      0.88,      0.96,      0.0925,      0.09,       0.095,           0,             0
    506,        13,        29,             1,      0.96,      1.04,      0.0925,      0.09,       0.095,           0,             0
    507,        14,        29,          1.08,      1.04,      1.12,      0.0925,      0.09,       0.095,           0,             0
    508,        15,        29,          1.16,      1.12,       1.2,      0.0925,      0.09,       0.095,           0,             0
    511,         1,        30,          0.04,         0,      0.08,      0.0975,     0.095,         0.1,           0,             0
    512,         2,        30,          0.12,      0.08,      0.16,      0.0975,     0.095,         0.1,     572.146,       116.327
    513,         3,        30,           0.2,      0.16,      0.24,      0.0975,     0.095,         0.1,     370.571,       42.3013
    514,         4,        30,          0.28,      0.24,      0.32,      0.0975,     0.095,         0.1,     39.6413,       2.55767
    515,         5,        30,          0.36,      0.32,       0.4,      0.0975,     0.095,         0.1,     5.07348,      0.292778
    516,         6,        30,          0.44,       0.4,      0.48,      0.0975,     0.095,         0.1,     1.27542,     0.0806247
    517,         7,        30,          0.52,      0.48,      0.56,      0.0975,     0.095,         0.1,    0.435671,     0.0375085
    518,         8,        30,           0.6,      0.56,      0.64,      0.0975,     0.095,         0.1,    0.142045,     0.0170223
    519,         9,        30,          0.68,      0.64,      0.72,      0.0975,     0.095,         0.1,   0.0256856,    0.00457232
    520,        10,        30,          0.76,      0.72,       0.8,      0.0975,     0.095,         0.1,  0.00573627,    0.00361408
    521,        11,        30,          0.84,       0.8,      0.88,      0.0975,     0.095,         0.1, 0.000160224,   0.000120767
    522,        12,        30,          0.92,      0.88,      0.96,      0.0975,     0.095,         0.1,           0,             0
    523,        13,        30,             1,      0.96,      1.04,      0.0975,     0.095,         0.1,           0,             0
    524,        14,        30,          1.08,      1.04,      1.12,      0.0975,     0.095,         0.1,           0,             0
    525,        15,        30,          1.16,      1.12,       1.2,      0.0975,     0.095,         0.1,           0,             0
    528,         1,        31,          0.04,         0,      0.08,      0.1025,       0.1,       0.105,           0,             0
    529,         2,        31,          0.12,      0.08,      0.16,      0.1025,       0.1,       0.105,     664.504,       140.613
    530,         3,        31,           0.2,      0.16,      0.24,      0.1025,       0.1,       0.105,     442.569,       52.2211
    531,         4,        31,          0.28,      0.24,      0.32,      0.1025,       0.1,       0.105,     44.3825,       3.02002
    532,         5,        31,          0.36,      0.32,       0.4,      0.1025,       0.1,       0.105,     4.84299,      0.266446
    533,         6,        31,          0.44,       0.4,      0.48,      0.1025,       0.1,       0.105,     1.25023,     0.0817111
    534,         7,        31,          0.52,      0.48,      0.56,      0.1025,       0.1,       0.105,    0.528093,     0.0421932
    535,         8,        31,           0.6,      0.56,      0.64,      0.1025,       0.1,       0.105,    0.165995,     0.0202432
    536,         9,        31,          0.68,      0.64,      0.72,      0.1025,       0.1,       0.105,   0.0398331,     0.0062847
    537,        10,        31,          0.76,      0.72,       0.8,      0.1025,       0.1,       0.105,  0.00617645,    0.00199876
    538,        11,        31,          0.84,       0.8,      0.88,      0.1025,       0.1,       0.105, 0.000126193,   0.000126193
    539,        12,        31,          0.92,      0.88,      0.96,      0.1025,       0.1,       0.105,           0,             0
    540,        13,        31,             1,      0.96,      1.04,      0.1025,       0.1,       0.105,           0,             0
    541,        14,        31,          1.08,      1.04,      1.12,      0.1025,       0.1,       0.105,           0,             0
    542,        15,        31,          1.16,      1.12,       1.2,      0.1025,       0.1,       0.105,           0,             0
    545,         1,        32,          0.04,         0,      0.08,      0.1075,     0.105,        0.11,           0,             0
    546,         2,        32,          0.12,      0.08,      0.16,      0.1075,     0.105,        0.11,     470.462,        130.99
    547,         3,        32,           0.2,      0.16,      0.24,      0.1075,     0.105,        0.11,     569.799,       79.0782
    548,         4,        32,          0.28,      0.24,      0.32,      0.1075,     0.105,        0.11,     54.0543,       4.11469
    549,         5,        32,          0.36,      0.32,       0.4,      0.1075,     0.105,        0.11,     5.84962,      0.357411
    550,         6,        32,          0.44,       0.4,      0.48,      0.1075,     0.105,        0.11,     1.40045,      0.086847
    551,         7,        32,          0.52,      0.48,      0.56,      0.1075,     0.105,        0.11,    0.468706,      0.038378
    552,         8,        32,           0.6,      0.56,      0.64,      0.1075,     0.105,        0.11,    0.145247,     0.0159198
    553,         9,        32,          0.68,      0.64,      0.72,      0.1075,     0.105,        0.11,   0.0399825,    0.00646954
    554,        10,        32,          0.76,      0.72,       0.8,      0.1075,     0.105,        0.11,  0.00740126,    0.00212509
    555,        11,        32,          0.84,       0.8,      0.88,      0.1075,     0.105,        0.11, 0.000101586,   0.000101586
    556,        12,        32,          0.92,      0.88,      0.96,      0.1075,     0.105,        0.11,           0,             0
    557,        13,        32,             1,      0.96,      1.04,      0.1075,     0.105,        0.11,           0,             0
    558,        14,        32,          1.08,      1.04,      1.12,      0.1075,     0.105,        0.11,           0,             0
    559,        15,        32,          1.16,      1.12,       1.2,      0.1075,     0.105,        0.11,           0,             0
    562,         1,        33,          0.04,         0,      0.08,      0.1125,      0.11,       0.115,           0,             0
    563,         2,        33,          0.12,      0.08,      0.16,      0.1125,      0.11,       0.115,     805.361,       228.847
    564,         3,        33,           0.2,      0.16,      0.24,      0.1125,      0.11,       0.115,     496.371,       55.9945
    565,         4,        33,          0.28,      0.24,      0.32,      0.1125,      0.11,       0.115,     60.0273,       4.55459
    566,         5,        33,          0.36,      0.32,       0.4,      0.1125,      0.11,       0.115,     6.01589,       0.37842
    567,         6,        33,          0.44,       0.4,      0.48,      0.1125,      0.11,       0.115,     1.40796,     0.0966659
    568,         7,        33,          0.52,      0.48,      0.56,      0.1125,      0.11,       0.115,    0.480811,      0.038683
    569,         8,        33,           0.6,      0.56,      0.64,      0.1125,      0.11,       0.115,    0.123458,     0.0146624
    570,         9,        33,          0.68,      0.64,      0.72,      0.1125,      0.11,       0.115,   0.0643894,     0.0130496
    571,        10,        33,          0.76,      0.72,       0.8,      0.1125,      0.11,       0.115,  0.00451886,    0.00139569
    572,        11,        33,          0.84,       0.8,      0.88,      0.1125,      0.11,       0.115, 0.000172766,   0.000125039
    573,        12,        33,          0.92,      0.88,      0.96,      0.1125,      0.11,       0.115,           0,             0
    574,        13,        33,             1,      0.96,      1.04,      0.1125,      0.11,       0.115,           0,             0
    575,        14,        33,          1.08,      1.04,      1.12,      0.1125,      0.11,       0.115,           0,             0
    576,        15,        33,          1.16,      1.12,       1.2,      0.1125,      0.11,       0.115,           0,             0
    579,         1,        34,          0.04,         0,      0.08,      0.1175,     0.115,        0.12,           0,             0
    580,         2,        34,          0.12,      0.08,      0.16,      0.1175,     0.115,        0.12,     437.502,       145.766
    581,         3,        34,           0.2,      0.16,      0.24,      0.1175,     0.115,        0.12,     482.844,       70.7157
    582,         4,        34,          0.28,      0.24,      0.32,      0.1175,     0.115,        0.12,      66.546,       5.48329
    583,         5,        34,          0.36,      0.32,       0.4,      0.1175,     0.115,        0.12,     7.10391,      0.492803
    584,         6,        34,          0.44,       0.4,      0.48,      0.1175,     0.115,        0.12,     1.37089,     0.0928071
    585,         7,        34,          0.52,      0.48,      0.56,      0.1175,     0.115,        0.12,    0.526423,     0.0420005
    586,         8,        34,           0.6,      0.56,      0.64,      0.1175,     0.115,        0.12,    0.187531,     0.0208534
    587,         9,        34,          0.68,      0.64,      0.72,      0.1175,     0.115,        0.12,   0.0546682,    0.00836319
    588,        10,        34,          0.76,      0.72,       0.8,      0.1175,     0.115,        0.12,   0.0152156,    0.00699779
    589,        11,        34,          0.84,       0.8,      0.88,      0.1175,     0.115,        0.12, 0.000102386,    7.2595e-05
    590,        12,        34,          0.92,      0.88,      0.96,      0.1175,     0.115,        0.12,           0,             0
    591,        13,        34,             1,      0.96,      1.04,      0.1175,     0.115,        0.12,           0,             0
    592,        14,        34,          1.08,      1.04,      1.12,      0.1175,     0.115,        0.12,           0,             0
    593,        15,        34,          1.16,      1.12,       1.2,      0.1175,     0.115,        0.12,           0,             0
    596,         1,        35,          0.04,         0,      0.08,      0.1225,      0.12,       0.125,           0,             0
    597,         2,        35,          0.12,      0.08,      0.16,      0.1225,      0.12,       0.125,     138.178,       65.7485
    598,         3,        35,           0.2,      0.16,      0.24,      0.1225,      0.12,       0.125,     567.539,       80.0796
    599,         4,        35,          0.28,      0.24,      0.32,      0.1225,      0.12,       0.125,      73.219,        6.3638
    600,         5,        35,          0.36,      0.32,       0.4,      0.1225,      0.12,       0.125,     7.32007,      0.475518
    601,         6,        35,          0.44,       0.4,      0.48,      0.1225,      0.12,       0.125,     1.67408,      0.132613
    602,         7,        35,          0.52,      0.48,      0.56,      0.1225,      0.12,       0.125,    0.467907,      0.038297
    603,         8,        35,           0.6,      0.56,      0.64,      0.1225,      0.12,       0.125,     0.13162,     0.0161125
    604,         9,        35,          0.68,      0.64,      0.72,      0.1225,      0.12,       0.125,   0.0477341,    0.00803727
    605,        10,        35,          0.76,      0.72,       0.8,      0.1225,      0.12,       0.125,  0.00647335,    0.00252764
    606,        11,        35,          0.84,       0.8,      0.88,      0.1225,      0.12,       0.125, 5.22535e-05,   5.22535e-05
    607,        12,        35,          0.92,      0.88,      0.96,      0.1225,      0.12,       0.125,           0,             0
    608,        13,        35,             1,      0.96,      1.04,      0.1225,      0.12,       0.125,           0,             0
    609,        14,        35,          1.08,      1.04,      1.12,      0.1225,      0.12,       0.125,           0,             0
    610,        15,        35,          1.16,      1.12,       1.2,      0.1225,      0.12,       0.125,           0,             0
    613,         1,        36,          0.04,         0,      0.08,      0.1275,     0.125,        0.13,           0,             0
    614,         2,        36,          0.12,      0.08,      0.16,      0.1275,     0.125,        0.13,     182.158,        104.54
    615,         3,        36,           0.2,      0.16,      0.24,      0.1275,     0.125,        0.13,     810.572,       120.422
    616,         4,        36,          0.28,      0.24,      0.32,      0.1275,     0.125,        0.13,       72.84,       6.37974
    617,         5,        36,          0.36,      0.32,       0.4,      0.1275,     0.125,        0.13,     7.25928,      0.507099
    618,         6,        36,          0.44,       0.4,      0.48,      0.1275,     0.125,        0.13,      1.6039,      0.113102
    619,         7,        36,          0.52,      0.48,      0.56,      0.1275,     0.125,        0.13,    0.504418,     0.0416709
    620,         8,        36,           0.6,      0.56,      0.64,      0.1275,     0.125,        0.13,    0.142264,     0.0177545
    621,         9,        36,          0.68,      0.64,      0.72,      0.1275,     0.125,        0.13,    0.037043,    0.00666968
    622,        10,        36,          0.76,      0.72,       0.8,      0.1275,     0.125,        0.13,  0.00371951,     0.0018122
    623,        11,        36,          0.84,       0.8,      0.88,      0.1275,     0.125,        0.13, 4.95067e-05,   4.95067e-05
    624,        12,        36,          0.92,      0.88,      0.96,      0.1275,     0.125,        0.13,           0,             0
    625,        13,        36,             1,      0.96,      1.04,      0.1275,     0.125,        0.13,           0,             0
    626,        14,        36,          1.08,      1.04,      1.12,      0.1275,     0.125,        0.13,           0,             0
    627,        15,        36,          1.16,      1.12,       1.2,      0.1275,     0.125,        0.13,           0,             0
    630,         1,        37,          0.04,         0,      0.08,      0.1325,      0.13,       0.135,           0,             0
    631,         2,        37,          0.12,      0.08,      0.16,      0.1325,      0.13,       0.135,     193.158,       94.5516
    632,         3,        37,           0.2,      0.16,      0.24,      0.1325,      0.13,       0.135,      554.85,       117.163
    633,         4,        37,          0.28,      0.24,      0.32,      0.1325,      0.13,       0.135,     101.486,       9.73014
    634,         5,        37,          0.36,      0.32,       0.4,      0.1325,      0.13,       0.135,     7.97509,       0.55866
    635,         6,        37,          0.44,       0.4,      0.48,      0.1325,      0.13,       0.135,     1.45519,      0.101103
    636,         7,        37,          0.52,      0.48,      0.56,      0.1325,      0.13,       0.135,    0.516245,     0.0427967
    637,         8,        37,           0.6,      0.56,      0.64,      0.1325,      0.13,       0.135,    0.198889,     0.0217355
    638,         9,        37,          0.68,      0.64,      0.72,      0.1325,      0.13,       0.135,   0.0389689,    0.00654053
    639,        10,        37,          0.76,      0.72,       0.8,      0.1325,      0.13,       0.135,  0.00699699,    0.00230346
    640,        11,        37,          0.84,       0.8,      0.88,      0.1325,      0.13,       0.135,  0.00078613,   0.000432681
    641,        12,        37,          0.92,      0.88,      0.96,      0.1325,      0.13,       0.135,           0,             0
    642,        13,        37,             1,      0.96,      1.04,      0.1325,      0.13,       0.135,           0,             0
    643,        14,        37,          1.08,      1.04,      1.12,      0.1325,      0.13,       0.135,           0,             0
    644,        15,        37,          1.16,      1.12,       1.2,      0.1325,      0.13,       0.135,           0,             0
    647,         1,        38,          0.04,         0,      0.08,      0.1375,     0.135,        0.14,           0,             0
    648,         2,        38,          0.12,      0.08,      0.16,      0.1375,     0.135,        0.14,     230.447,       114.738
    649,         3,        38,           0.2,      0.16,      0.24,      0.1375,     0.135,        0.14,     565.358,       90.7312
    650,         4,        38,          0.28,      0.24,      0.32,      0.1375,     0.135,        0.14,     98.9976,        8.4825
    651,         5,        38,          0.36,      0.32,       0.4,      0.1375,     0.135,        0.14,     10.4638,      0.793135
    652,         6,        38,          0.44,       0.4,      0.48,      0.1375,     0.135,        0.14,     1.73553,       0.13434
    653,         7,        38,          0.52,      0.48,      0.56,      0.1375,     0.135,        0.14,    0.533706,     0.0461894
    654,         8,        38,           0.6,      0.56,      0.64,      0.1375,     0.135,        0.14,    0.182089,     0.0200857
    655,         9,        38,          0.68,      0.64,      0.72,      0.1375,     0.135,        0.14,    0.057222,    0.00849997
    656,        10,        38,          0.76,      0.72,       0.8,      0.1375,     0.135,        0.14,   0.0134942,    0.00766384
    657,        11,        38,          0.84,       0.8,      0.88,      0.1375,     0.135,        0.14,  0.00044759,   0.000314058
    658,        12,        38,          0.92,      0.88,      0.96,      0.1375,     0.135,        0.14,           0,             0
    659,        13,        38,             1,      0.96,      1.04,      0.1375,     0.135,        0.14,           0,             0
    660,        14,        38,          1.08,      1.04,      1.12,      0.1375,     0.135,        0.14,           0,             0
    661,        15,        38,          1.16,      1.12,       1.2,      0.1375,     0.135,        0.14,           0,             0
    664,         1,        39,          0.04,         0,      0.08,      0.1425,      0.14,       0.145,           0,             0
    665,         2,        39,          0.12,      0.08,      0.16,      0.1425,      0.14,       0.145,     4.22104,       4.22104
    666,         3,        39,           0.2,      0.16,      0.24,      0.1425,      0.14,       0.145,     745.274,       172.011
    667,         4,        39,          0.28,      0.24,      0.32,      0.1425,      0.14,       0.145,     165.852,       15.7238
    668,         5,        39,          0.36,      0.32,       0.4,      0.1425,      0.14,       0.145,     11.9218,      0.930241
    669,         6,        39,          0.44,       0.4,      0.48,      0.1425,      0.14,       0.145,     1.84795,      0.122918
    670,         7,        39,          0.52,      0.48,      0.56,      0.1425,      0.14,       0.145,     0.54562,     0.0455127
    671,         8,        39,           0.6,      0.56,      0.64,      0.1425,      0.14,       0.145,     0.32237,      0.115616
    672,         9,        39,          0.68,      0.64,      0.72,      0.1425,      0.14,       0.145,   0.0550654,     0.0090262
    673,        10,        39,          0.76,      0.72,       0.8,      0.1425,      0.14,       0.145,  0.00443828,    0.00143955
    674,        11,        39,          0.84,       0.8,      0.88,      0.1425,      0.14,       0.145, 0.000541987,   0.000387394
    675,        12,        39,          0.92,      0.88,      0.96,      0.1425,      0.14,       0.145,           0,             0
    676,        13,        39,             1,      0.96,      1.04,      0.1425,      0.14,       0.145,           0,             0
    677,        14,        39,          1.08,      1.04,      1.12,      0.1425,      0.14,       0.145,           0,             0
    678,        15,        39,          1.16,      1.12,       1.2,      0.1425,      0.14,       0.145,           0,             0
    681,         1,        40,          0.04,         0,      0.08,      0.1475,     0.145,        0.15,           0,             0
    682,         2,        40,          0.12,      0.08,      0.16,      0.1475,     0.145,        0.15,     93.8777,       88.1549
    683,         3,        40,           0.2,      0.16,      0.24,      0.1475,     0.145,        0.15,     742.978,       177.368
    684,         4,        40,          0.28,      0.24,      0.32,      0.1475,     0.145,        0.15,     172.963,       16.7715
    685,         5,        40,          0.36,      0.32,       0.4,      0.1475,     0.145,        0.15,     16.0505,       1.17577
    686,         6,        40,          0.44,       0.4,      0.48,      0.1475,     0.145,        0.15,     2.67662,      0.325523
    687,         7,        40,          0.52,      0.48,      0.56,      0.1475,     0.145,        0.15,    0.567292,     0.0505278
    688,         8,        40,           0.6,      0.56,      0.64,      0.1475,     0.145,        0.15,    0.172103,     0.0201587
    689,         9,        40,          0.68,      0.64,      0.72,      0.1475,     0.145,        0.15,   0.0532411,     0.0083948
    690,        10,        40,          0.76,      0.72,       0.8,      0.1475,     0.145,        0.15,   0.0114927,     0.0031327
    691,        11,        40,          0.84,       0.8,      0.88,      0.1475,     0.145,        0.15,  0.00087897,   0.000527932
    692,        12,        40,          0.92,      0.88,      0.96,      0.1475,     0.145,        0.15,           0,             0
    693,        13,        40,             1,      0.96,      1.04,      0.1475,     0.145,        0.15,           0,             0
    694,        14,        40,          1.08,      1.04,      1.12,      0.1475,     0.145,        0.15,           0,             0
    695,        15,        40,          1.16,      1.12,       1.2,      0.1475,     0.145,        0.15,           0,             0
    698,         1,        41,          0.04,         0,      0.08,      0.1525,      0.15,       0.155,           0,             0
    699,         2,        41,          0.12,      0.08,      0.16,      0.1525,      0.15,       0.155,      120.71,       107.983
    700,         3,        41,           0.2,      0.16,      0.24,      0.1525,      0.15,       0.155,     696.058,       140.836
    701,         4,        41,          0.28,      0.24,      0.32,      0.1525,      0.15,       0.155,     138.057,       18.0832
    702,         5,        41,          0.36,      0.32,       0.4,      0.1525,      0.15,       0.155,     17.0848,       1.42728
    703,         6,        41,          0.44,       0.4,      0.48,      0.1525,      0.15,       0.155,     2.37259,      0.173695
    704,         7,        41,          0.52,      0.48,      0.56,      0.1525,      0.15,       0.155,    0.660087,     0.0530084
    705,         8,        41,           0.6,      0.56,      0.64,      0.1525,      0.15,       0.155,    0.184783,     0.0211709
    706,         9,        41,          0.68,      0.64,      0.72,      0.1525,      0.15,       0.155,   0.0468108,    0.00890882
    707,        10,        41,          0.76,      0.72,       0.8,      0.1525,      0.15,       0.155,   0.0104635,    0.00298577
    708,        11,        41,          0.84,       0.8,      0.88,      0.1525,      0.15,       0.155,  0.00158276,   0.000915833
    709,        12,        41,          0.92,      0.88,      0.96,      0.1525,      0.15,       0.155,           0,             0
    710,        13,        41,             1,      0.96,      1.04,      0.1525,      0.15,       0.155,           0,             0
    711,        14,        41,          1.08,      1.04,      1.12,      0.1525,      0.15,       0.155,           0,             0
    712,        15,        41,          1.16,      1.12,       1.2,      0.1525,      0.15,       0.155,           0,             0
    715,         1,        42,          0.04,         0,      0.08,      0.1575,     0.155,        0.16,           0,             0
    716,         2,        42,          0.12,      0.08,      0.16,      0.1575,     0.155,        0.16,     108.708,       102.433
    717,         3,        42,           0.2,      0.16,      0.24,      0.1575,     0.155,        0.16,     801.899,       198.392
    718,         4,        42,          0.28,      0.24,      0.32,      0.1575,     0.155,        0.16,     206.947,       25.3452
    719,         5,        42,          0.36,      0.32,       0.4,      0.1575,     0.155,        0.16,     20.9271,       1.80437
    720,         6,        42,          0.44,       0.4,      0.48,      0.1575,     0.155,        0.16,     1.99989,      0.141856
    721,         7,        42,          0.52,      0.48,      0.56,      0.1575,     0.155,        0.16,    0.676662,     0.0581594
    722,         8,        42,           0.6,      0.56,      0.64,      0.1575,     0.155,        0.16,    0.217702,     0.0240663
    723,         9,        42,          0.68,      0.64,      0.72,      0.1575,     0.155,        0.16,    0.053177,    0.00906583
    724,        10,        42,          0.76,      0.72,       0.8,      0.1575,     0.155,        0.16,  0.00856335,    0.00273122
    725,        11,        42,          0.84,       0.8,      0.88,      0.1575,     0.155,        0.16, 0.000250424,   0.000250424
    726,        12,        42,          0.92,      0.88,      0.96,      0.1575,     0.155,        0.16,           0,             0
    727,        13,        42,             1,      0.96,      1.04,      0.1575,     0.155,        0.16,           0,             0
    728,        14,        42,          1.08,      1.04,      1.12,      0.1575,     0.155,        0.16,           0,             0
    729,        15,        42,          1.16,      1.12,       1.2,      0.1575,     0.155,        0.16,           0,             0
    732,         1,        43,          0.04,         0,      0.08,      0.1625,      0.16,       0.165,           0,             0
    733,         2,        43,          0.12,      0.08,      0.16,      0.1625,      0.16,       0.165,           0,             0
    734,         3,        43,           0.2,      0.16,      0.24,      0.1625,      0.16,       0.165,     493.176,       113.204
    735,         4,        43,          0.28,      0.24,      0.32,      0.1625,      0.16,       0.165,      224.11,       24.3643
    736,         5,        43,          0.36,      0.32,       0.4,      0.1625,      0.16,       0.165,     22.3405,       1.96999
    737,         6,        43,          0.44,       0.4,      0.48,      0.1625,      0.16,       0.165,     2.69075,      0.219715
    738,         7,        43,          0.52,      0.48,      0.56,      0.1625,      0.16,       0.165,    0.640913,     0.0560958
    739,         8,        43,           0.6,      0.56,      0.64,      0.1625,      0.16,       0.165,    0.228169,     0.0250432
    740,         9,        43,          0.68,      0.64,      0.72,      0.1625,      0.16,       0.165,   0.0626449,     0.0124056
    741,        10,        43,          0.76,      0.72,       0.8,      0.1625,      0.16,       0.165,   0.0132756,    0.00372813
    742,        11,        43,          0.84,       0.8,      0.88,      0.1625,      0.16,       0.165, 8.45382e-05,   8.45382e-05
    743,        12,        43,          0.92,      0.88,      0.96,      0.1625,      0.16,       0.165, 0.000131569,   0.000131569
    744,        13,        43,             1,      0.96,      1.04,      0.1625,      0.16,       0.165,           0,             0
    745,        14,        43,          1.08,      1.04,      1.12,      0.1625,      0.16,       0.165,           0,             0
    746,        15,        43,          1.16,      1.12,       1.2,      0.1625,      0.16,       0.165,           0,             0
    749,         1,        44,          0.04,         0,      0.08,      0.1675,     0.165,        0.17,           0,             0
    750,         2,        44,          0.12,      0.08,      0.16,      0.1675,     0.165,        0.17,           0,             0
    751,         3,        44,           0.2,      0.16,      0.24,      0.1675,     0.165,        0.17,      703.96,       182.737
    752,         4,        44,          0.28,      0.24,      0.32,      0.1675,     0.165,        0.17,     262.407,       37.7948
    753,         5,        44,          0.36,      0.32,       0.4,      0.1675,     0.165,        0.17,     23.7512,       2.19443
    754,         6,        44,          0.44,       0.4,      0.48,      0.1675,     0.165,        0.17,     2.85692,      0.223149
    755,         7,        44,          0.52,      0.48,      0.56,      0.1675,     0.165,        0.17,    0.791136,     0.0632724
    756,         8,        44,           0.6,      0.56,      0.64,      0.1675,     0.165,        0.17,     0.18521,     0.0212502
    757,         9,        44,          0.68,      0.64,      0.72,      0.1675,     0.165,        0.17,   0.0604896,     0.0116628
    758,        10,        44,          0.76,      0.72,       0.8,      0.1675,     0.165,        0.17,   0.0147084,    0.00393246
    759,        11,        44,          0.84,       0.8,      0.88,      0.1675,     0.165,        0.17,  0.00145393,   0.000916952
    760,        12,        44,          0.92,      0.88,      0.96,      0.1675,     0.165,        0.17,           0,             0
    761,        13,        44,             1,      0.96,      1.04,      0.1675,     0.165,        0.17,           0,             0
    762,        14,        44,          1.08,      1.04,      1.12,      0.1675,     0.165,        0.17,           0,             0
    763,        15,        44,          1.16,      1.12,       1.2,      0.1675,     0.165,        0.17,           0,             0
    766,         1,        45,          0.04,         0,      0.08,      0.1725,      0.17,       0.175,           0,             0
    767,         2,        45,          0.12,      0.08,      0.16,      0.1725,      0.17,       0.175,           0,             0
    768,         3,        45,           0.2,      0.16,      0.24,      0.1725,      0.17,       0.175,     481.317,       121.294
    769,         4,        45,          0.28,      0.24,      0.32,      0.1725,      0.17,       0.175,     202.384,       29.6724
    770,         5,        45,          0.36,      0.32,       0.4,      0.1725,      0.17,       0.175,     28.3556,       2.67286
    771,         6,        45,          0.44,       0.4,      0.48,      0.1725,      0.17,       0.175,     3.71557,      0.291827
    772,         7,        45,          0.52,      0.48,      0.56,      0.1725,      0.17,       0.175,    0.631739,     0.0509764
    773,         8,        45,           0.6,      0.56,      0.64,      0.1725,      0.17,       0.175,    0.197269,      0.023723
    774,         9,        45,          0.68,      0.64,      0.72,      0.1725,      0.17,       0.175,   0.0609372,     0.0108154
    775,        10,        45,          0.76,      0.72,       0.8,      0.1725,      0.17,       0.175,   0.0168733,    0.00426288
    776,        11,        45,          0.84,       0.8,      0.88,      0.1725,      0.17,       0.175, 0.000347529,   0.000219515
    777,        12,        45,          0.92,      0.88,      0.96,      0.1725,      0.17,       0.175,           0,             0
    778,        13,        45,             1,      0.96,      1.04,      0.1725,      0.17,       0.175,           0,             0
    779,        14,        45,          1.08,      1.04,      1.12,      0.1725,      0.17,       0.175,           0,             0
    780,        15,        45,          1.16,      1.12,       1.2,      0.1725,      0.17,       0.175,           0,             0
    783,         1,        46,          0.04,         0,      0.08,      0.1775,     0.175,        0.18,           0,             0
    784,         2,        46,          0.12,      0.08,      0.16,      0.1775,     0.175,        0.18,           0,             0
    785,         3,        46,           0.2,      0.16,      0.24,      0.1775,     0.175,        0.18,     478.139,        138.48
    786,         4,        46,          0.28,      0.24,      0.32,      0.1775,     0.175,        0.18,      347.94,       59.6688
    787,         5,        46,          0.36,      0.32,       0.4,      0.1775,     0.175,        0.18,      36.077,       3.28581
    788,         6,        46,          0.44,       0.4,      0.48,      0.1775,     0.175,        0.18,     3.26476,      0.256596
    789,         7,        46,          0.52,      0.48,      0.56,      0.1775,     0.175,        0.18,    0.853805,     0.0620431
    790,         8,        46,           0.6,      0.56,      0.64,      0.1775,     0.175,        0.18,    0.234811,     0.0253808
    791,         9,        46,          0.68,      0.64,      0.72,      0.1775,     0.175,        0.18,   0.0745056,     0.0118258
    792,        10,        46,          0.76,      0.72,       0.8,      0.1775,     0.175,        0.18,   0.0181249,     0.0044531
    793,        11,        46,          0.84,       0.8,      0.88,      0.1775,     0.175,        0.18,  0.00125453,   0.000562024
    794,        12,        46,          0.92,      0.88,      0.96,      0.1775,     0.175,        0.18,           0,             0
    795,        13,        46,             1,      0.96,      1.04,      0.1775,     0.175,        0.18,           0,             0
    796,        14,        46,          1.08,      1.04,      1.12,      0.1775,     0.175,        0.18,           0,             0
    797,        15,        46,          1.16,      1.12,       1.2,      0.1775,     0.175,        0.18,           0,             0
    800,         1,        47,          0.04,         0,      0.08,      0.1825,      0.18,       0.185,           0,             0
    801,         2,        47,          0.12,      0.08,      0.16,      0.1825,      0.18,       0.185,           0,             0
    802,         3,        47,           0.2,      0.16,      0.24,      0.1825,      0.18,       0.185,     451.826,         174.9
    803,         4,        47,          0.28,      0.24,      0.32,      0.1825,      0.18,       0.185,     376.567,       70.0148
    804,         5,        47,          0.36,      0.32,       0.4,      0.1825,      0.18,       0.185,     41.3449,       4.11593
    805,         6,        47,          0.44,       0.4,      0.48,      0.1825,      0.18,       0.185,     3.87906,      0.310578
    806,         7,        47,          0.52,      0.48,      0.56,      0.1825,      0.18,       0.185,    0.684653,     0.0609511
    807,         8,        47,           0.6,      0.56,      0.64,      0.1825,      0.18,       0.185,     0.29321,     0.0299776
    808,         9,        47,          0.68,      0.64,      0.72,      0.1825,      0.18,       0.185,   0.0795921,     0.0116883
    809,        10,        47,          0.76,      0.72,       0.8,      0.1825,      0.18,       0.185,   0.0159161,    0.00381389
    810,        11,        47,          0.84,       0.8,      0.88,      0.1825,      0.18,       0.185,  0.00225649,    0.00109071
    811,        12,        47,          0.92,      0.88,      0.96,      0.1825,      0.18,       0.185,           0,             0
    812,        13,        47,             1,      0.96,      1.04,      0.1825,      0.18,       0.185,           0,             0
    813,        14,        47,          1.08,      1.04,      1.12,      0.1825,      0.18,       0.185,           0,             0
    814,        15,        47,          1.16,      1.12,       1.2,      0.1825,      0.18,       0.185,           0,             0
    817,         1,        48,          0.04,         0,      0.08,      0.1875,     0.185,        0.19,           0,             0
    818,         2,        48,          0.12,      0.08,      0.16,      0.1875,     0.185,        0.19,           0,             0
    819,         3,        48,           0.2,      0.16,      0.24,      0.1875,     0.185,        0.19,     379.492,       135.336
    820,         4,        48,          0.28,      0.24,      0.32,      0.1875,     0.185,        0.19,     323.796,        71.455
    821,         5,        48,          0.36,      0.32,       0.4,      0.1875,     0.185,        0.19,     45.2613,       4.90199
    822,         6,        48,          0.44,       0.4,      0.48,      0.1875,     0.185,        0.19,      4.5694,       0.37852
    823,         7,        48,          0.52,      0.48,      0.56,      0.1875,     0.185,        0.19,    0.962272,     0.0847564
    824,         8,        48,           0.6,      0.56,      0.64,      0.1875,     0.185,        0.19,    0.279172,     0.0306544
    825,         9,        48,          0.68,      0.64,      0.72,      0.1875,     0.185,        0.19,    0.081509,     0.0127911
    826,        10,        48,          0.76,      0.72,       0.8,      0.1875,     0.185,        0.19,   0.0129358,    0.00357903
    827,        11,        48,          0.84,       0.8,      0.88,      0.1875,     0.185,        0.19, 0.000430391,   0.000356225
    828,        12,        48,          0.92,      0.88,      0.96,      0.1875,     0.185,        0.19,           0,             0
    829,        13,        48,             1,      0.96,      1.04,      0.1875,     0.185,        0.19,           0,             0
    830,        14,        48,          1.08,      1.04,      1.12,      0.1875,     0.185,        0.19,           0,             0
    831,        15,        48,          1.16,      1.12,       1.2,      0.1875,     0.185,        0.19,           0,             0
    834,         1,        49,          0.04,         0,      0.08,      0.1925,      0.19,       0.195,           0,             0
    835,         2,        49,          0.12,      0.08,      0.16,      0.1925,      0.19,       0.195,           0,             0
    836,         3,        49,           0.2,      0.16,      0.24,      0.1925,      0.19,       0.195,     228.288,       116.829
    837,         4,        49,          0.28,      0.24,      0.32,      0.1925,      0.19,       0.195,     359.395,        67.637
    838,         5,        49,          0.36,      0.32,       0.4,      0.1925,      0.19,       0.195,     53.1583,        5.2165
    839,         6,        49,          0.44,       0.4,      0.48,      0.1925,      0.19,       0.195,      4.9552,      0.416733
    840,         7,        49,          0.52,      0.48,      0.56,      0.1925,      0.19,       0.195,    0.859476,     0.0720312
    841,         8,        49,           0.6,      0.56,      0.64,      0.1925,      0.19,       0.195,    0.302112,     0.0312649
    842,         9,        49,          0.68,      0.64,      0.72,      0.1925,      0.19,       0.195,   0.0799485,     0.0114432
    843,        10,        49,          0.76,      0.72,       0.8,      0.1925,      0.19,       0.195,   0.0239813,    0.00511616
    844,        11,        49,          0.84,       0.8,      0.88,      0.1925,      0.19,       0.195,  0.00099891,   0.000785573
    845,        12,        49,          0.92,      0.88,      0.96,      0.1925,      0.19,       0.195,           0,             0
    846,        13,        49,             1,      0.96,      1.04,      0.1925,      0.19,       0.195,           0,             0
    847,        14,        49,          1.08,      1.04,      1.12,      0.1925,      0.19,       0.195,           0,             0
    848,        15,        49,          1.16,      1.12,       1.2,      0.1925,      0.19,       0.195,           0,             0
    851,         1,        50,          0.04,         0,      0.08,      0.1975,     0.195,         0.2,           0,             0
    852,         2,        50,          0.12,      0.08,      0.16,      0.1975,     0.195,         0.2,           0,             0
    853,         3,        50,           0.2,      0.16,      0.24,      0.1975,     0.195,         0.2,     349.781,       143.454
    854,         4,        50,          0.28,      0.24,      0.32,      0.1975,     0.195,         0.2,     416.934,       72.9489
    855,         5,        50,          0.36,      0.32,       0.4,      0.1975,     0.195,         0.2,     73.1065,       8.78202
    856,         6,        50,          0.44,       0.4,      0.48,      0.1975,     0.195,         0.2,     6.20011,       0.59812
    857,         7,        50,          0.52,      0.48,      0.56,      0.1975,     0.195,         0.2,     1.01688,     0.0801216
    858,         8,        50,           0.6,      0.56,      0.64,      0.1975,     0.195,         0.2,    0.372785,     0.0384681
    859,         9,        50,          0.68,      0.64,      0.72,      0.1975,     0.195,         0.2,   0.0585451,    0.00878049
    860,        10,        50,          0.76,      0.72,       0.8,      0.1975,     0.195,         0.2,   0.0228179,    0.00497201
    861,        11,        50,          0.84,       0.8,      0.88,      0.1975,     0.195,         0.2,  0.00143181,   0.000852719
    862,        12,        50,          0.92,      0.88,      0.96,      0.1975,     0.195,         0.2,           0,             0
    863,        13,        50,             1,      0.96,      1.04,      0.1975,     0.195,         0.2,           0,             0
    864,        14,        50,          1.08,      1.04,      1.12,      0.1975,     0.195,         0.2,           0,             0
    865,        15,        50,          1.16,      1.12,       1.2,      0.1975,     0.195,         0.2,           0,             0
