# 2D Histogram Bin Extraction 
#                   
# histogram parameters:  
# title      : Pm vs. $\theta_{rq}$ (phase space) 
# ybins      : 30 
# ylabel     :  missing momentum, P_{m} [GeV/c] 
# xbins      : 19 
# xlabel     :  in-plane angle, $\theta_{rq}$ [deg] 
# ybin_width : 0.040 
# xbin_width : 10.000 
#                   
# header definitions:
# ib:         (x,y)  bin number 
# xb:         x-axis bin number 
# yb:         y-axis bin number 
# x0:         x-axis central bin value 
# xlow:       x-axis low-edge bin value 
# xup:        x-axis up-edge bin value 
# y0:         y-axis central bin value 
# ylow:       y-axis low-edge bin value 
# yup:        y-axis up-edge bin value 
# zcont:      bin content (z-axis) 
# zcont_err:  bin content error (z-axis) 
#                                        
ib,xb,yb,x0,xlow,xup,y0,ylow,yup,zcont,zcont_err
     22,         1,         1,             5,         0,        10,        0.02,         0,        0.04,           0,             0
     23,         2,         1,            15,        10,        20,        0.02,         0,        0.04,           0,             0
     24,         3,         1,            25,        20,        30,        0.02,         0,        0.04,           0,             0
     25,         4,         1,            35,        30,        40,        0.02,         0,        0.04,           0,             0
     26,         5,         1,            45,        40,        50,        0.02,         0,        0.04,           0,             0
     27,         6,         1,            55,        50,        60,        0.02,         0,        0.04,           0,             0
     28,         7,         1,            65,        60,        70,        0.02,         0,        0.04,           0,             0
     29,         8,         1,            75,        70,        80,        0.02,         0,        0.04,           0,             0
     30,         9,         1,            85,        80,        90,        0.02,         0,        0.04,           0,             0
     31,        10,         1,            95,        90,       100,        0.02,         0,        0.04,           0,             0
     32,        11,         1,           105,       100,       110,        0.02,         0,        0.04,           0,             0
     33,        12,         1,           115,       110,       120,        0.02,         0,        0.04,           0,             0
     34,        13,         1,           125,       120,       130,        0.02,         0,        0.04,           0,             0
     35,        14,         1,           135,       130,       140,        0.02,         0,        0.04,           0,             0
     36,        15,         1,           145,       140,       150,        0.02,         0,        0.04,           0,             0
     37,        16,         1,           155,       150,       160,        0.02,         0,        0.04,           0,             0
     38,        17,         1,           165,       160,       170,        0.02,         0,        0.04,           0,             0
     39,        18,         1,           175,       170,       180,        0.02,         0,        0.04,           0,             0
     40,        19,         1,           185,       180,       190,        0.02,         0,        0.04,           0,             0
     43,         1,         2,             5,         0,        10,        0.06,      0.04,        0.08,     2974.06,       2102.98
     44,         2,         2,            15,        10,        20,        0.06,      0.04,        0.08,     8933.66,       3647.15
     45,         3,         2,            25,        20,        30,        0.06,      0.04,        0.08,     13398.1,       4466.05
     46,         4,         2,            35,        30,        40,        0.06,      0.04,        0.08,     14893.9,       4709.87
     47,         5,         2,            45,        40,        50,        0.06,      0.04,        0.08,     7439.24,       3326.93
     48,         6,         2,            55,        50,        60,        0.06,      0.04,        0.08,     8934.26,        3647.4
     49,         7,         2,            65,        60,        70,        0.06,      0.04,        0.08,     1489.76,       1489.76
     50,         8,         2,            75,        70,        80,        0.06,      0.04,        0.08,      1488.2,        1488.2
     51,         9,         2,            85,        80,        90,        0.06,      0.04,        0.08,           0,             0
     52,        10,         2,            95,        90,       100,        0.06,      0.04,        0.08,           0,             0
     53,        11,         2,           105,       100,       110,        0.06,      0.04,        0.08,           0,             0
     54,        12,         2,           115,       110,       120,        0.06,      0.04,        0.08,           0,             0
     55,        13,         2,           125,       120,       130,        0.06,      0.04,        0.08,           0,             0
     56,        14,         2,           135,       130,       140,        0.06,      0.04,        0.08,           0,             0
     57,        15,         2,           145,       140,       150,        0.06,      0.04,        0.08,           0,             0
     58,        16,         2,           155,       150,       160,        0.06,      0.04,        0.08,           0,             0
     59,        17,         2,           165,       160,       170,        0.06,      0.04,        0.08,           0,             0
     60,        18,         2,           175,       170,       180,        0.06,      0.04,        0.08,           0,             0
     61,        19,         2,           185,       180,       190,        0.06,      0.04,        0.08,           0,             0
     64,         1,         3,             5,         0,        10,         0.1,      0.08,        0.12,     95274.9,       11909.4
     65,         2,         3,            15,        10,        20,         0.1,      0.08,        0.12,      212828,       17797.6
     66,         3,         3,            25,        20,        30,         0.1,      0.08,        0.12,      336376,       22375.4
     67,         4,         3,            35,        30,        40,         0.1,      0.08,        0.12,      412264,       24770.6
     68,         5,         3,            45,        40,        50,         0.1,      0.08,        0.12,      442098,       25653.1
     69,         6,         3,            55,        50,        60,         0.1,      0.08,        0.12,      300747,       21160.5
     70,         7,         3,            65,        60,        70,         0.1,      0.08,        0.12,      163728,       15610.9
     71,         8,         3,            75,        70,        80,         0.1,      0.08,        0.12,     46154.6,       8289.61
     72,         9,         3,            85,        80,        90,         0.1,      0.08,        0.12,     5953.69,       2976.85
     73,        10,         3,            95,        90,       100,         0.1,      0.08,        0.12,           0,             0
     74,        11,         3,           105,       100,       110,         0.1,      0.08,        0.12,           0,             0
     75,        12,         3,           115,       110,       120,         0.1,      0.08,        0.12,           0,             0
     76,        13,         3,           125,       120,       130,         0.1,      0.08,        0.12,           0,             0
     77,        14,         3,           135,       130,       140,         0.1,      0.08,        0.12,           0,             0
     78,        15,         3,           145,       140,       150,         0.1,      0.08,        0.12,           0,             0
     79,        16,         3,           155,       150,       160,         0.1,      0.08,        0.12,           0,             0
     80,        17,         3,           165,       160,       170,         0.1,      0.08,        0.12,           0,             0
     81,        18,         3,           175,       170,       180,         0.1,      0.08,        0.12,           0,             0
     82,        19,         3,           185,       180,       190,         0.1,      0.08,        0.12,           0,             0
     85,         1,         4,             5,         0,        10,        0.14,      0.12,        0.16,      285772,       20623.9
     86,         2,         4,            15,        10,        20,        0.14,      0.12,        0.16,      863335,       35848.1
     87,         3,         4,            25,        20,        30,        0.14,      0.12,        0.16, 1.32485e+06,       44409.2
     88,         4,         4,            35,        30,        40,        0.14,      0.12,        0.16, 1.69834e+06,       50278.5
     89,         5,         4,            45,        40,        50,        0.14,      0.12,        0.16, 1.83956e+06,       52324.5
     90,         6,         4,            55,        50,        60,        0.14,      0.12,        0.16, 1.72795e+06,       50712.7
     91,         7,         4,            65,        60,        70,        0.14,      0.12,        0.16,  1.1788e+06,         41887
     92,         8,         4,            75,        70,        80,        0.14,      0.12,        0.16,      605847,       30030.8
     93,         9,         4,            85,        80,        90,        0.14,      0.12,        0.16,      110154,       12805.2
     94,        10,         4,            95,        90,       100,        0.14,      0.12,        0.16,           0,             0
     95,        11,         4,           105,       100,       110,        0.14,      0.12,        0.16,           0,             0
     96,        12,         4,           115,       110,       120,        0.14,      0.12,        0.16,           0,             0
     97,        13,         4,           125,       120,       130,        0.14,      0.12,        0.16,           0,             0
     98,        14,         4,           135,       130,       140,        0.14,      0.12,        0.16,           0,             0
     99,        15,         4,           145,       140,       150,        0.14,      0.12,        0.16,           0,             0
    100,        16,         4,           155,       150,       160,        0.14,      0.12,        0.16,           0,             0
    101,        17,         4,           165,       160,       170,        0.14,      0.12,        0.16,           0,             0
    102,        18,         4,           175,       170,       180,        0.14,      0.12,        0.16,           0,             0
    103,        19,         4,           185,       180,       190,        0.14,      0.12,        0.16,           0,             0
    106,         1,         5,             5,         0,        10,        0.18,      0.16,         0.2,      714784,       32625.4
    107,         2,         5,            15,        10,        20,        0.18,      0.16,         0.2, 1.85496e+06,       52550.4
    108,         3,         5,            25,        20,        30,        0.18,      0.16,         0.2, 2.90903e+06,       65809.1
    109,         4,         5,            35,        30,        40,        0.18,      0.16,         0.2, 3.68455e+06,       74062.5
    110,         5,         5,            45,        40,        50,        0.18,      0.16,         0.2, 4.30617e+06,       80060.5
    111,         6,         5,            55,        50,        60,        0.18,      0.16,         0.2, 4.22741e+06,         79326
    112,         7,         5,            65,        60,        70,        0.18,      0.16,         0.2,  3.4588e+06,       71747.7
    113,         8,         5,            75,        70,        80,        0.18,      0.16,         0.2, 2.06127e+06,       55387.5
    114,         9,         5,            85,        80,        90,        0.18,      0.16,         0.2,      565641,       29016.8
    115,        10,         5,            95,        90,       100,        0.18,      0.16,         0.2,     19357.2,       5368.71
    116,        11,         5,           105,       100,       110,        0.18,      0.16,         0.2,           0,             0
    117,        12,         5,           115,       110,       120,        0.18,      0.16,         0.2,           0,             0
    118,        13,         5,           125,       120,       130,        0.18,      0.16,         0.2,           0,             0
    119,        14,         5,           135,       130,       140,        0.18,      0.16,         0.2,           0,             0
    120,        15,         5,           145,       140,       150,        0.18,      0.16,         0.2,           0,             0
    121,        16,         5,           155,       150,       160,        0.18,      0.16,         0.2,           0,             0
    122,        17,         5,           165,       160,       170,        0.18,      0.16,         0.2,           0,             0
    123,        18,         5,           175,       170,       180,        0.18,      0.16,         0.2,           0,             0
    124,        19,         5,           185,       180,       190,        0.18,      0.16,         0.2,           0,             0
    127,         1,         6,             5,         0,        10,        0.22,       0.2,        0.24, 1.20163e+06,       42299.4
    128,         2,         6,            15,        10,        20,        0.22,       0.2,        0.24, 3.31436e+06,       70248.7
    129,         3,         6,            25,        20,        30,        0.22,       0.2,        0.24, 4.73449e+06,       83957.7
    130,         4,         6,            35,        30,        40,        0.22,       0.2,        0.24, 5.75076e+06,         92526
    131,         5,         6,            45,        40,        50,        0.22,       0.2,        0.24, 6.66989e+06,       99639.6
    132,         6,         6,            55,        50,        60,        0.22,       0.2,        0.24, 7.02220e+06,        102234
    133,         7,         6,            65,        60,        70,        0.22,       0.2,        0.24, 6.34189e+06,         97155
    134,         8,         6,            75,        70,        80,        0.22,       0.2,        0.24, 4.22967e+06,       79340.5
    135,         9,         6,            85,        80,        90,        0.22,       0.2,        0.24, 1.54506e+06,       47956.5
    136,        10,         6,            95,        90,       100,        0.22,       0.2,        0.24,     93771.6,       11814.1
    137,        11,         6,           105,       100,       110,        0.22,       0.2,        0.24,           0,             0
    138,        12,         6,           115,       110,       120,        0.22,       0.2,        0.24,           0,             0
    139,        13,         6,           125,       120,       130,        0.22,       0.2,        0.24,           0,             0
    140,        14,         6,           135,       130,       140,        0.22,       0.2,        0.24,           0,             0
    141,        15,         6,           145,       140,       150,        0.22,       0.2,        0.24,           0,             0
    142,        16,         6,           155,       150,       160,        0.22,       0.2,        0.24,           0,             0
    143,        17,         6,           165,       160,       170,        0.22,       0.2,        0.24,           0,             0
    144,        18,         6,           175,       170,       180,        0.22,       0.2,        0.24,           0,             0
    145,        19,         6,           185,       180,       190,        0.22,       0.2,        0.24,           0,             0
    148,         1,         7,             5,         0,        10,        0.26,      0.24,        0.28, 1.87167e+06,       52791.3
    149,         2,         7,            15,        10,        20,        0.26,      0.24,        0.28, 4.70168e+06,       83665.7
    150,         3,         7,            25,        20,        30,        0.26,      0.24,        0.28, 6.52605e+06,       98563.4
    151,         4,         7,            35,        30,        40,        0.26,      0.24,        0.28, 8.05683e+06,        109508
    152,         5,         7,            45,        40,        50,        0.26,      0.24,        0.28, 9.49155e+06,        118858
    153,         6,         7,            55,        50,        60,        0.26,      0.24,        0.28, 1.01579e+07,        122957
    154,         7,         7,            65,        60,        70,        0.26,      0.24,        0.28, 9.37821e+06,        118145
    155,         8,         7,            75,        70,        80,        0.26,      0.24,        0.28, 7.12711e+06,        102989
    156,         9,         7,            85,        80,        90,        0.26,      0.24,        0.28, 2.98421e+06,       66645.9
    157,        10,         7,            95,        90,       100,        0.26,      0.24,        0.28,      186102,       16645.5
    158,        11,         7,           105,       100,       110,        0.26,      0.24,        0.28,           0,             0
    159,        12,         7,           115,       110,       120,        0.26,      0.24,        0.28,           0,             0
    160,        13,         7,           125,       120,       130,        0.26,      0.24,        0.28,           0,             0
    161,        14,         7,           135,       130,       140,        0.26,      0.24,        0.28,           0,             0
    162,        15,         7,           145,       140,       150,        0.26,      0.24,        0.28,           0,             0
    163,        16,         7,           155,       150,       160,        0.26,      0.24,        0.28,           0,             0
    164,        17,         7,           165,       160,       170,        0.26,      0.24,        0.28,           0,             0
    165,        18,         7,           175,       170,       180,        0.26,      0.24,        0.28,           0,             0
    166,        19,         7,           185,       180,       190,        0.26,      0.24,        0.28,           0,             0
    169,         1,         8,             5,         0,        10,         0.3,      0.28,        0.32, 2.45922e+06,       60505.4
    170,         2,         8,            15,        10,        20,         0.3,      0.28,        0.32, 5.86979e+06,         93478
    171,         3,         8,            25,        20,        30,         0.3,      0.28,        0.32, 8.03692e+06,        109369
    172,         4,         8,            35,        30,        40,         0.3,      0.28,        0.32, 9.92751e+06,        121547
    173,         5,         8,            45,        40,        50,         0.3,      0.28,        0.32, 1.17188e+07,        132056
    174,         6,         8,            55,        50,        60,         0.3,      0.28,        0.32, 1.26537e+07,        137225
    175,         7,         8,            65,        60,        70,         0.3,      0.28,        0.32, 1.23304e+07,        135458
    176,         8,         8,            75,        70,        80,         0.3,      0.28,        0.32, 9.96792e+06,        121796
    177,         9,         8,            85,        80,        90,         0.3,      0.28,        0.32, 4.60944e+06,       82828.2
    178,        10,         8,            95,        90,       100,         0.3,      0.28,        0.32,      264977,       19860.9
    179,        11,         8,           105,       100,       110,         0.3,      0.28,        0.32,           0,             0
    180,        12,         8,           115,       110,       120,         0.3,      0.28,        0.32,           0,             0
    181,        13,         8,           125,       120,       130,         0.3,      0.28,        0.32,           0,             0
    182,        14,         8,           135,       130,       140,         0.3,      0.28,        0.32,           0,             0
    183,        15,         8,           145,       140,       150,         0.3,      0.28,        0.32,           0,             0
    184,        16,         8,           155,       150,       160,         0.3,      0.28,        0.32,           0,             0
    185,        17,         8,           165,       160,       170,         0.3,      0.28,        0.32,           0,             0
    186,        18,         8,           175,       170,       180,         0.3,      0.28,        0.32,           0,             0
    187,        19,         8,           185,       180,       190,         0.3,      0.28,        0.32,           0,             0
    190,         1,         9,             5,         0,        10,        0.34,      0.32,        0.36, 2.98432e+06,       66648.2
    191,         2,         9,            15,        10,        20,        0.34,      0.32,        0.36, 6.57419e+06,       98918.9
    192,         3,         9,            25,        20,        30,        0.34,      0.32,        0.36, 7.94045e+06,        108702
    193,         4,         9,            35,        30,        40,        0.34,      0.32,        0.36, 1.06231e+07,        125720
    194,         5,         9,            45,        40,        50,        0.34,      0.32,        0.36, 1.32307e+07,        140301
    195,         6,         9,            55,        50,        60,        0.34,      0.32,        0.36, 1.48238e+07,        148513
    196,         7,         9,            65,        60,        70,        0.34,      0.32,        0.36, 1.44315e+07,        146537
    197,         8,         9,            75,        70,        80,        0.34,      0.32,        0.36, 1.25835e+07,        136842
    198,         9,         9,            85,        80,        90,        0.34,      0.32,        0.36, 6.23117e+06,       96298.4
    199,        10,         9,            95,        90,       100,        0.34,      0.32,        0.36,      369109,       23438.5
    200,        11,         9,           105,       100,       110,        0.34,      0.32,        0.36,           0,             0
    201,        12,         9,           115,       110,       120,        0.34,      0.32,        0.36,           0,             0
    202,        13,         9,           125,       120,       130,        0.34,      0.32,        0.36,           0,             0
    203,        14,         9,           135,       130,       140,        0.34,      0.32,        0.36,           0,             0
    204,        15,         9,           145,       140,       150,        0.34,      0.32,        0.36,           0,             0
    205,        16,         9,           155,       150,       160,        0.34,      0.32,        0.36,           0,             0
    206,        17,         9,           165,       160,       170,        0.34,      0.32,        0.36,           0,             0
    207,        18,         9,           175,       170,       180,        0.34,      0.32,        0.36,           0,             0
    208,        19,         9,           185,       180,       190,        0.34,      0.32,        0.36,           0,             0
    211,         1,        10,             5,         0,        10,        0.38,      0.36,         0.4, 2.85468e+06,       65182.9
    212,         2,        10,            15,        10,        20,        0.38,      0.36,         0.4, 6.08206e+06,         95137
    213,         3,        10,            25,        20,        30,        0.38,      0.36,         0.4, 6.99277e+06,        102000
    214,         4,        10,            35,        30,        40,        0.38,      0.36,         0.4, 8.97936e+06,        115577
    215,         5,        10,            45,        40,        50,        0.38,      0.36,         0.4, 1.26777e+07,        137331
    216,         6,        10,            55,        50,        60,        0.38,      0.36,         0.4, 1.58834e+07,        153717
    217,         7,        10,            65,        60,        70,        0.38,      0.36,         0.4, 1.58981e+07,        153793
    218,         8,        10,            75,        70,        80,        0.38,      0.36,         0.4, 1.45016e+07,        146894
    219,         9,        10,            85,        80,        90,        0.38,      0.36,         0.4, 7.83961e+06,        108012
    220,        10,        10,            95,        90,       100,        0.38,      0.36,         0.4,      346874,       22724.5
    221,        11,        10,           105,       100,       110,        0.38,      0.36,         0.4,           0,             0
    222,        12,        10,           115,       110,       120,        0.38,      0.36,         0.4,           0,             0
    223,        13,        10,           125,       120,       130,        0.38,      0.36,         0.4,           0,             0
    224,        14,        10,           135,       130,       140,        0.38,      0.36,         0.4,           0,             0
    225,        15,        10,           145,       140,       150,        0.38,      0.36,         0.4,           0,             0
    226,        16,        10,           155,       150,       160,        0.38,      0.36,         0.4,           0,             0
    227,        17,        10,           165,       160,       170,        0.38,      0.36,         0.4,           0,             0
    228,        18,        10,           175,       170,       180,        0.38,      0.36,         0.4,           0,             0
    229,        19,        10,           185,       180,       190,        0.38,      0.36,         0.4,           0,             0
    232,         1,        11,             5,         0,        10,        0.42,       0.4,        0.44, 2.41646e+06,       59963.7
    233,         2,        11,            15,        10,        20,        0.42,       0.4,        0.44, 4.76878e+06,       84235.2
    234,         3,        11,            25,        20,        30,        0.42,       0.4,        0.44, 5.72141e+06,         92257
    235,         4,        11,            35,        30,        40,        0.42,       0.4,        0.44, 7.37218e+06,        104720
    236,         5,        11,            45,        40,        50,        0.42,       0.4,        0.44, 1.07111e+07,        126223
    237,         6,        11,            55,        50,        60,        0.42,       0.4,        0.44, 1.47509e+07,        148125
    238,         7,        11,            65,        60,        70,        0.42,       0.4,        0.44, 1.57095e+07,        152865
    239,         8,        11,            75,        70,        80,        0.42,       0.4,        0.44, 1.54263e+07,        151493
    240,         9,        11,            85,        80,        90,        0.42,       0.4,        0.44, 8.46372e+06,        112223
    241,        10,        11,            95,        90,       100,        0.42,       0.4,        0.44,      229199,       18469.4
    242,        11,        11,           105,       100,       110,        0.42,       0.4,        0.44,           0,             0
    243,        12,        11,           115,       110,       120,        0.42,       0.4,        0.44,           0,             0
    244,        13,        11,           125,       120,       130,        0.42,       0.4,        0.44,           0,             0
    245,        14,        11,           135,       130,       140,        0.42,       0.4,        0.44,           0,             0
    246,        15,        11,           145,       140,       150,        0.42,       0.4,        0.44,           0,             0
    247,        16,        11,           155,       150,       160,        0.42,       0.4,        0.44,           0,             0
    248,        17,        11,           165,       160,       170,        0.42,       0.4,        0.44,           0,             0
    249,        18,        11,           175,       170,       180,        0.42,       0.4,        0.44,           0,             0
    250,        19,        11,           185,       180,       190,        0.42,       0.4,        0.44,           0,             0
    253,         1,        12,             5,         0,        10,        0.46,      0.44,        0.48, 1.61599e+06,       49037.2
    254,         2,        12,            15,        10,        20,        0.46,      0.44,        0.48, 3.69873e+06,       74182.8
    255,         3,        12,            25,        20,        30,        0.46,      0.44,        0.48, 4.30033e+06,       79979.4
    256,         4,        12,            35,        30,        40,        0.46,      0.44,        0.48, 5.99578e+06,       94436.4
    257,         5,        12,            45,        40,        50,        0.46,      0.44,        0.48, 8.67296e+06,        113569
    258,         6,        12,            55,        50,        60,        0.46,      0.44,        0.48, 1.30982e+07,        139565
    259,         7,        12,            65,        60,        70,        0.46,      0.44,        0.48, 1.50622e+07,        149674
    260,         8,        12,            75,        70,        80,        0.46,      0.44,        0.48, 1.53076e+07,        150903
    261,         9,        12,            85,        80,        90,        0.46,      0.44,        0.48, 8.13298e+06,        110006
    262,        10,        12,            95,        90,       100,        0.46,      0.44,        0.48,       90780,       11623.2
    263,        11,        12,           105,       100,       110,        0.46,      0.44,        0.48,           0,             0
    264,        12,        12,           115,       110,       120,        0.46,      0.44,        0.48,           0,             0
    265,        13,        12,           125,       120,       130,        0.46,      0.44,        0.48,           0,             0
    266,        14,        12,           135,       130,       140,        0.46,      0.44,        0.48,           0,             0
    267,        15,        12,           145,       140,       150,        0.46,      0.44,        0.48,           0,             0
    268,        16,        12,           155,       150,       160,        0.46,      0.44,        0.48,           0,             0
    269,        17,        12,           165,       160,       170,        0.46,      0.44,        0.48,           0,             0
    270,        18,        12,           175,       170,       180,        0.46,      0.44,        0.48,           0,             0
    271,        19,        12,           185,       180,       190,        0.46,      0.44,        0.48,           0,             0
    274,         1,        13,             5,         0,        10,         0.5,      0.48,        0.52, 1.02364e+06,       39025.8
    275,         2,        13,            15,        10,        20,         0.5,      0.48,        0.52, 2.53063e+06,       61358.9
    276,         3,        13,            25,        20,        30,         0.5,      0.48,        0.52, 3.24091e+06,       69428.8
    277,         4,        13,            35,        30,        40,         0.5,      0.48,        0.52, 4.63378e+06,       83011.3
    278,         5,        13,            45,        40,        50,         0.5,      0.48,        0.52, 6.78208e+06,        100412
    279,         6,        13,            55,        50,        60,         0.5,      0.48,        0.52, 1.12654e+07,        129410
    280,         7,        13,            65,        60,        70,         0.5,      0.48,        0.52,  1.3033e+07,        139209
    281,         8,        13,            75,        70,        80,         0.5,      0.48,        0.52, 1.47868e+07,        148306
    282,         9,        13,            85,        80,        90,         0.5,      0.48,        0.52, 7.10143e+06,        102790
    283,        10,        13,            95,        90,       100,         0.5,      0.48,        0.52,     23807.6,       5951.91
    284,        11,        13,           105,       100,       110,         0.5,      0.48,        0.52,           0,             0
    285,        12,        13,           115,       110,       120,         0.5,      0.48,        0.52,           0,             0
    286,        13,        13,           125,       120,       130,         0.5,      0.48,        0.52,           0,             0
    287,        14,        13,           135,       130,       140,         0.5,      0.48,        0.52,           0,             0
    288,        15,        13,           145,       140,       150,         0.5,      0.48,        0.52,           0,             0
    289,        16,        13,           155,       150,       160,         0.5,      0.48,        0.52,           0,             0
    290,        17,        13,           165,       160,       170,         0.5,      0.48,        0.52,           0,             0
    291,        18,        13,           175,       170,       180,         0.5,      0.48,        0.52,           0,             0
    292,        19,        13,           185,       180,       190,         0.5,      0.48,        0.52,           0,             0
    295,         1,        14,             5,         0,        10,        0.54,      0.52,        0.56,      339282,       22469.5
    296,         2,        14,            15,        10,        20,        0.54,      0.52,        0.56, 1.31673e+06,       44261.4
    297,         3,        14,            25,        20,        30,        0.54,      0.52,        0.56, 2.15499e+06,       56612.3
    298,         4,        14,            35,        30,        40,        0.54,      0.52,        0.56, 3.48904e+06,       72019.4
    299,         5,        14,            45,        40,        50,        0.54,      0.52,        0.56, 5.41908e+06,       89734.2
    300,         6,        14,            55,        50,        60,        0.54,      0.52,        0.56, 9.36822e+06,        117982
    301,         7,        14,            65,        60,        70,        0.54,      0.52,        0.56, 1.12038e+07,        129053
    302,         8,        14,            75,        70,        80,        0.54,      0.52,        0.56, 1.31455e+07,        139823
    303,         9,        14,            85,        80,        90,        0.54,      0.52,        0.56, 5.41239e+06,       89734.4
    304,        10,        14,            95,        90,       100,        0.54,      0.52,        0.56,      1488.9,        1488.9
    305,        11,        14,           105,       100,       110,        0.54,      0.52,        0.56,           0,             0
    306,        12,        14,           115,       110,       120,        0.54,      0.52,        0.56,           0,             0
    307,        13,        14,           125,       120,       130,        0.54,      0.52,        0.56,           0,             0
    308,        14,        14,           135,       130,       140,        0.54,      0.52,        0.56,           0,             0
    309,        15,        14,           145,       140,       150,        0.54,      0.52,        0.56,           0,             0
    310,        16,        14,           155,       150,       160,        0.54,      0.52,        0.56,           0,             0
    311,        17,        14,           165,       160,       170,        0.54,      0.52,        0.56,           0,             0
    312,        18,        14,           175,       170,       180,        0.54,      0.52,        0.56,           0,             0
    313,        19,        14,           185,       180,       190,        0.54,      0.52,        0.56,           0,             0
    316,         1,        15,             5,         0,        10,        0.58,      0.56,         0.6,     25295.9,       6135.17
    317,         2,        15,            15,        10,        20,        0.58,      0.56,         0.6,      263368,       19795.9
    318,         3,        15,            25,        20,        30,        0.58,      0.56,         0.6, 1.16582e+06,       41636.5
    319,         4,        15,            35,        30,        40,        0.58,      0.56,         0.6, 2.40575e+06,       59789.8
    320,         5,        15,            45,        40,        50,        0.58,      0.56,         0.6, 4.06116e+06,       77655.5
    321,         6,        15,            55,        50,        60,        0.58,      0.56,         0.6, 7.32781e+06,        104311
    322,         7,        15,            65,        60,        70,        0.58,      0.56,         0.6,    9.47e+06,        118625
    323,         8,        15,            75,        70,        80,        0.58,      0.56,         0.6, 1.10947e+07,        128445
    324,         9,        15,            85,        80,        90,        0.58,      0.56,         0.6, 3.49741e+06,       72130.8
    325,        10,        15,            95,        90,       100,        0.58,      0.56,         0.6,           0,             0
    326,        11,        15,           105,       100,       110,        0.58,      0.56,         0.6,           0,             0
    327,        12,        15,           115,       110,       120,        0.58,      0.56,         0.6,           0,             0
    328,        13,        15,           125,       120,       130,        0.58,      0.56,         0.6,           0,             0
    329,        14,        15,           135,       130,       140,        0.58,      0.56,         0.6,           0,             0
    330,        15,        15,           145,       140,       150,        0.58,      0.56,         0.6,           0,             0
    331,        16,        15,           155,       150,       160,        0.58,      0.56,         0.6,           0,             0
    332,        17,        15,           165,       160,       170,        0.58,      0.56,         0.6,           0,             0
    333,        18,        15,           175,       170,       180,        0.58,      0.56,         0.6,           0,             0
    334,        19,        15,           185,       180,       190,        0.58,      0.56,         0.6,           0,             0
    337,         1,        16,             5,         0,        10,        0.62,       0.6,        0.64,           0,             0
    338,         2,        16,            15,        10,        20,        0.62,       0.6,        0.64,     11896.2,       4205.94
    339,         3,        16,            25,        20,        30,        0.62,       0.6,        0.64,      414619,       24822.6
    340,         4,        16,            35,        30,        40,        0.62,       0.6,        0.64, 1.67212e+06,       49830.9
    341,         5,        16,            45,        40,        50,        0.62,       0.6,        0.64,  2.7788e+06,       64207.9
    342,         6,        16,            55,        50,        60,        0.62,       0.6,        0.64, 5.46665e+06,       90066.1
    343,         7,        16,            65,        60,        70,        0.62,       0.6,        0.64, 7.93879e+06,        108588
    344,         8,        16,            75,        70,        80,        0.62,       0.6,        0.64, 8.85809e+06,        114760
    345,         9,        16,            85,        80,        90,        0.62,       0.6,        0.64, 1.77033e+06,       51319.5
    346,        10,        16,            95,        90,       100,        0.62,       0.6,        0.64,           0,             0
    347,        11,        16,           105,       100,       110,        0.62,       0.6,        0.64,           0,             0
    348,        12,        16,           115,       110,       120,        0.62,       0.6,        0.64,           0,             0
    349,        13,        16,           125,       120,       130,        0.62,       0.6,        0.64,           0,             0
    350,        14,        16,           135,       130,       140,        0.62,       0.6,        0.64,           0,             0
    351,        15,        16,           145,       140,       150,        0.62,       0.6,        0.64,           0,             0
    352,        16,        16,           155,       150,       160,        0.62,       0.6,        0.64,           0,             0
    353,        17,        16,           165,       160,       170,        0.62,       0.6,        0.64,           0,             0
    354,        18,        16,           175,       170,       180,        0.62,       0.6,        0.64,           0,             0
    355,        19,        16,           185,       180,       190,        0.62,       0.6,        0.64,           0,             0
    358,         1,        17,             5,         0,        10,        0.66,      0.64,        0.68,           0,             0
    359,         2,        17,            15,        10,        20,        0.66,      0.64,        0.68,           0,             0
    360,         3,        17,            25,        20,        30,        0.66,      0.64,        0.68,     63840.6,       9735.61
    361,         4,        17,            35,        30,        40,        0.66,      0.64,        0.68,      911018,       36765.7
    362,         5,        17,            45,        40,        50,        0.66,      0.64,        0.68, 1.73994e+06,       50780.8
    363,         6,        17,            55,        50,        60,        0.66,      0.64,        0.68, 3.76628e+06,       74730.3
    364,         7,        17,            65,        60,        70,        0.66,      0.64,        0.68, 6.29315e+06,       96657.9
    365,         8,        17,            75,        70,        80,        0.66,      0.64,        0.68, 6.72291e+06,       99964.4
    366,         9,        17,            85,        80,        90,        0.66,      0.64,        0.68,      721320,       32753.5
    367,        10,        17,            95,        90,       100,        0.66,      0.64,        0.68,           0,             0
    368,        11,        17,           105,       100,       110,        0.66,      0.64,        0.68,           0,             0
    369,        12,        17,           115,       110,       120,        0.66,      0.64,        0.68,           0,             0
    370,        13,        17,           125,       120,       130,        0.66,      0.64,        0.68,           0,             0
    371,        14,        17,           135,       130,       140,        0.66,      0.64,        0.68,           0,             0
    372,        15,        17,           145,       140,       150,        0.66,      0.64,        0.68,           0,             0
    373,        16,        17,           155,       150,       160,        0.66,      0.64,        0.68,           0,             0
    374,        17,        17,           165,       160,       170,        0.66,      0.64,        0.68,           0,             0
    375,        18,        17,           175,       170,       180,        0.66,      0.64,        0.68,           0,             0
    376,        19,        17,           185,       180,       190,        0.66,      0.64,        0.68,           0,             0
    379,         1,        18,             5,         0,        10,         0.7,      0.68,        0.72,           0,             0
    380,         2,        18,            15,        10,        20,         0.7,      0.68,        0.72,           0,             0
    381,         3,        18,            25,        20,        30,         0.7,      0.68,        0.72,     7418.13,       3317.49
    382,         4,        18,            35,        30,        40,         0.7,      0.68,        0.72,      338006,         22385
    383,         5,        18,            45,        40,        50,         0.7,      0.68,        0.72,      913491,       36775.8
    384,         6,        18,            55,        50,        60,         0.7,      0.68,        0.72, 2.16362e+06,       56624.5
    385,         7,        18,            65,        60,        70,         0.7,      0.68,        0.72, 4.65658e+06,         83127
    386,         8,        18,            75,        70,        80,         0.7,      0.68,        0.72,  4.4119e+06,       80969.6
    387,         9,        18,            85,        80,        90,         0.7,      0.68,        0.72,      120460,       13384.5
    388,        10,        18,            95,        90,       100,         0.7,      0.68,        0.72,           0,             0
    389,        11,        18,           105,       100,       110,         0.7,      0.68,        0.72,           0,             0
    390,        12,        18,           115,       110,       120,         0.7,      0.68,        0.72,           0,             0
    391,        13,        18,           125,       120,       130,         0.7,      0.68,        0.72,           0,             0
    392,        14,        18,           135,       130,       140,         0.7,      0.68,        0.72,           0,             0
    393,        15,        18,           145,       140,       150,         0.7,      0.68,        0.72,           0,             0
    394,        16,        18,           155,       150,       160,         0.7,      0.68,        0.72,           0,             0
    395,        17,        18,           165,       160,       170,         0.7,      0.68,        0.72,           0,             0
    396,        18,        18,           175,       170,       180,         0.7,      0.68,        0.72,           0,             0
    397,        19,        18,           185,       180,       190,         0.7,      0.68,        0.72,           0,             0
    400,         1,        19,             5,         0,        10,        0.74,      0.72,        0.76,           0,             0
    401,         2,        19,            15,        10,        20,        0.74,      0.72,        0.76,           0,             0
    402,         3,        19,            25,        20,        30,        0.74,      0.72,        0.76,           0,             0
    403,         4,        19,            35,        30,        40,        0.74,      0.72,        0.76,      119920,       13324.5
    404,         5,        19,            45,        40,        50,        0.74,      0.72,        0.76,      238164,         18770
    405,         6,        19,            55,        50,        60,        0.74,      0.72,        0.76, 1.04568e+06,       39354.8
    406,         7,        19,            65,        60,        70,        0.74,      0.72,        0.76, 3.37883e+06,         70793
    407,         8,        19,            75,        70,        80,        0.74,      0.72,        0.76, 2.69445e+06,       63263.4
    408,         9,        19,            85,        80,        90,        0.74,      0.72,        0.76,           0,             0
    409,        10,        19,            95,        90,       100,        0.74,      0.72,        0.76,           0,             0
    410,        11,        19,           105,       100,       110,        0.74,      0.72,        0.76,           0,             0
    411,        12,        19,           115,       110,       120,        0.74,      0.72,        0.76,           0,             0
    412,        13,        19,           125,       120,       130,        0.74,      0.72,        0.76,           0,             0
    413,        14,        19,           135,       130,       140,        0.74,      0.72,        0.76,           0,             0
    414,        15,        19,           145,       140,       150,        0.74,      0.72,        0.76,           0,             0
    415,        16,        19,           155,       150,       160,        0.74,      0.72,        0.76,           0,             0
    416,        17,        19,           165,       160,       170,        0.74,      0.72,        0.76,           0,             0
    417,        18,        19,           175,       170,       180,        0.74,      0.72,        0.76,           0,             0
    418,        19,        19,           185,       180,       190,        0.74,      0.72,        0.76,           0,             0
    421,         1,        20,             5,         0,        10,        0.78,      0.76,         0.8,           0,             0
    422,         2,        20,            15,        10,        20,        0.78,      0.76,         0.8,           0,             0
    423,         3,        20,            25,        20,        30,        0.78,      0.76,         0.8,           0,             0
    424,         4,        20,            35,        30,        40,        0.78,      0.76,         0.8,     17743.6,       5122.13
    425,         5,        20,            45,        40,        50,        0.78,      0.76,         0.8,       28096,       6445.66
    426,         6,        20,            55,        50,        60,        0.78,      0.76,         0.8,      534549,       28134.2
    427,         7,        20,            65,        60,        70,        0.78,      0.76,         0.8, 2.23311e+06,       57543.7
    428,         8,        20,            75,        70,        80,        0.78,      0.76,         0.8, 1.30937e+06,         44089
    429,         9,        20,            85,        80,        90,        0.78,      0.76,         0.8,           0,             0
    430,        10,        20,            95,        90,       100,        0.78,      0.76,         0.8,           0,             0
    431,        11,        20,           105,       100,       110,        0.78,      0.76,         0.8,           0,             0
    432,        12,        20,           115,       110,       120,        0.78,      0.76,         0.8,           0,             0
    433,        13,        20,           125,       120,       130,        0.78,      0.76,         0.8,           0,             0
    434,        14,        20,           135,       130,       140,        0.78,      0.76,         0.8,           0,             0
    435,        15,        20,           145,       140,       150,        0.78,      0.76,         0.8,           0,             0
    436,        16,        20,           155,       150,       160,        0.78,      0.76,         0.8,           0,             0
    437,        17,        20,           165,       160,       170,        0.78,      0.76,         0.8,           0,             0
    438,        18,        20,           175,       170,       180,        0.78,      0.76,         0.8,           0,             0
    439,        19,        20,           185,       180,       190,        0.78,      0.76,         0.8,           0,             0
    442,         1,        21,             5,         0,        10,        0.82,       0.8,        0.84,           0,             0
    443,         2,        21,            15,        10,        20,        0.82,       0.8,        0.84,           0,             0
    444,         3,        21,            25,        20,        30,        0.82,       0.8,        0.84,           0,             0
    445,         4,        21,            35,        30,        40,        0.82,       0.8,        0.84,           0,             0
    446,         5,        21,            45,        40,        50,        0.82,       0.8,        0.84,     1477.52,       1477.52
    447,         6,        21,            55,        50,        60,        0.82,       0.8,        0.84,      171686,       15940.7
    448,         7,        21,            65,        60,        70,        0.82,       0.8,        0.84, 1.32354e+06,       44290.6
    449,         8,        21,            75,        70,        80,        0.82,       0.8,        0.84,      526723,       27955.6
    450,         9,        21,            85,        80,        90,        0.82,       0.8,        0.84,           0,             0
    451,        10,        21,            95,        90,       100,        0.82,       0.8,        0.84,           0,             0
    452,        11,        21,           105,       100,       110,        0.82,       0.8,        0.84,           0,             0
    453,        12,        21,           115,       110,       120,        0.82,       0.8,        0.84,           0,             0
    454,        13,        21,           125,       120,       130,        0.82,       0.8,        0.84,           0,             0
    455,        14,        21,           135,       130,       140,        0.82,       0.8,        0.84,           0,             0
    456,        15,        21,           145,       140,       150,        0.82,       0.8,        0.84,           0,             0
    457,        16,        21,           155,       150,       160,        0.82,       0.8,        0.84,           0,             0
    458,        17,        21,           165,       160,       170,        0.82,       0.8,        0.84,           0,             0
    459,        18,        21,           175,       170,       180,        0.82,       0.8,        0.84,           0,             0
    460,        19,        21,           185,       180,       190,        0.82,       0.8,        0.84,           0,             0
    463,         1,        22,             5,         0,        10,        0.86,      0.84,        0.88,           0,             0
    464,         2,        22,            15,        10,        20,        0.86,      0.84,        0.88,           0,             0
    465,         3,        22,            25,        20,        30,        0.86,      0.84,        0.88,           0,             0
    466,         4,        22,            35,        30,        40,        0.86,      0.84,        0.88,           0,             0
    467,         5,        22,            45,        40,        50,        0.86,      0.84,        0.88,           0,             0
    468,         6,        22,            55,        50,        60,        0.86,      0.84,        0.88,     51802.2,       8756.17
    469,         7,        22,            65,        60,        70,        0.86,      0.84,        0.88,      777932,       33951.8
    470,         8,        22,            75,        70,        80,        0.86,      0.84,        0.88,      182350,         16442
    471,         9,        22,            85,        80,        90,        0.86,      0.84,        0.88,           0,             0
    472,        10,        22,            95,        90,       100,        0.86,      0.84,        0.88,           0,             0
    473,        11,        22,           105,       100,       110,        0.86,      0.84,        0.88,           0,             0
    474,        12,        22,           115,       110,       120,        0.86,      0.84,        0.88,           0,             0
    475,        13,        22,           125,       120,       130,        0.86,      0.84,        0.88,           0,             0
    476,        14,        22,           135,       130,       140,        0.86,      0.84,        0.88,           0,             0
    477,        15,        22,           145,       140,       150,        0.86,      0.84,        0.88,           0,             0
    478,        16,        22,           155,       150,       160,        0.86,      0.84,        0.88,           0,             0
    479,        17,        22,           165,       160,       170,        0.86,      0.84,        0.88,           0,             0
    480,        18,        22,           175,       170,       180,        0.86,      0.84,        0.88,           0,             0
    481,        19,        22,           185,       180,       190,        0.86,      0.84,        0.88,           0,             0
    484,         1,        23,             5,         0,        10,         0.9,      0.88,        0.92,           0,             0
    485,         2,        23,            15,        10,        20,         0.9,      0.88,        0.92,           0,             0
    486,         3,        23,            25,        20,        30,         0.9,      0.88,        0.92,           0,             0
    487,         4,        23,            35,        30,        40,         0.9,      0.88,        0.92,           0,             0
    488,         5,        23,            45,        40,        50,         0.9,      0.88,        0.92,           0,             0
    489,         6,        23,            55,        50,        60,         0.9,      0.88,        0.92,       11837,       4185.01
    490,         7,        23,            65,        60,        70,         0.9,      0.88,        0.92,      334721,       22265.3
    491,         8,        23,            75,        70,        80,         0.9,      0.88,        0.92,     32595.5,       6949.39
    492,         9,        23,            85,        80,        90,         0.9,      0.88,        0.92,           0,             0
    493,        10,        23,            95,        90,       100,         0.9,      0.88,        0.92,           0,             0
    494,        11,        23,           105,       100,       110,         0.9,      0.88,        0.92,           0,             0
    495,        12,        23,           115,       110,       120,         0.9,      0.88,        0.92,           0,             0
    496,        13,        23,           125,       120,       130,         0.9,      0.88,        0.92,           0,             0
    497,        14,        23,           135,       130,       140,         0.9,      0.88,        0.92,           0,             0
    498,        15,        23,           145,       140,       150,         0.9,      0.88,        0.92,           0,             0
    499,        16,        23,           155,       150,       160,         0.9,      0.88,        0.92,           0,             0
    500,        17,        23,           165,       160,       170,         0.9,      0.88,        0.92,           0,             0
    501,        18,        23,           175,       170,       180,         0.9,      0.88,        0.92,           0,             0
    502,        19,        23,           185,       180,       190,         0.9,      0.88,        0.92,           0,             0
    505,         1,        24,             5,         0,        10,        0.94,      0.92,        0.96,           0,             0
    506,         2,        24,            15,        10,        20,        0.94,      0.92,        0.96,           0,             0
    507,         3,        24,            25,        20,        30,        0.94,      0.92,        0.96,           0,             0
    508,         4,        24,            35,        30,        40,        0.94,      0.92,        0.96,           0,             0
    509,         5,        24,            45,        40,        50,        0.94,      0.92,        0.96,           0,             0
    510,         6,        24,            55,        50,        60,        0.94,      0.92,        0.96,     5919.99,          2960
    511,         7,        24,            65,        60,        70,        0.94,      0.92,        0.96,      133266,       14047.5
    512,         8,        24,            75,        70,        80,        0.94,      0.92,        0.96,     1484.55,       1484.55
    513,         9,        24,            85,        80,        90,        0.94,      0.92,        0.96,           0,             0
    514,        10,        24,            95,        90,       100,        0.94,      0.92,        0.96,           0,             0
    515,        11,        24,           105,       100,       110,        0.94,      0.92,        0.96,           0,             0
    516,        12,        24,           115,       110,       120,        0.94,      0.92,        0.96,           0,             0
    517,        13,        24,           125,       120,       130,        0.94,      0.92,        0.96,           0,             0
    518,        14,        24,           135,       130,       140,        0.94,      0.92,        0.96,           0,             0
    519,        15,        24,           145,       140,       150,        0.94,      0.92,        0.96,           0,             0
    520,        16,        24,           155,       150,       160,        0.94,      0.92,        0.96,           0,             0
    521,        17,        24,           165,       160,       170,        0.94,      0.92,        0.96,           0,             0
    522,        18,        24,           175,       170,       180,        0.94,      0.92,        0.96,           0,             0
    523,        19,        24,           185,       180,       190,        0.94,      0.92,        0.96,           0,             0
    526,         1,        25,             5,         0,        10,        0.98,      0.96,           1,           0,             0
    527,         2,        25,            15,        10,        20,        0.98,      0.96,           1,           0,             0
    528,         3,        25,            25,        20,        30,        0.98,      0.96,           1,           0,             0
    529,         4,        25,            35,        30,        40,        0.98,      0.96,           1,           0,             0
    530,         5,        25,            45,        40,        50,        0.98,      0.96,           1,           0,             0
    531,         6,        25,            55,        50,        60,        0.98,      0.96,           1,           0,             0
    532,         7,        25,            65,        60,        70,        0.98,      0.96,           1,     17769.1,       5129.51
    533,         8,        25,            75,        70,        80,        0.98,      0.96,           1,           0,             0
    534,         9,        25,            85,        80,        90,        0.98,      0.96,           1,           0,             0
    535,        10,        25,            95,        90,       100,        0.98,      0.96,           1,           0,             0
    536,        11,        25,           105,       100,       110,        0.98,      0.96,           1,           0,             0
    537,        12,        25,           115,       110,       120,        0.98,      0.96,           1,           0,             0
    538,        13,        25,           125,       120,       130,        0.98,      0.96,           1,           0,             0
    539,        14,        25,           135,       130,       140,        0.98,      0.96,           1,           0,             0
    540,        15,        25,           145,       140,       150,        0.98,      0.96,           1,           0,             0
    541,        16,        25,           155,       150,       160,        0.98,      0.96,           1,           0,             0
    542,        17,        25,           165,       160,       170,        0.98,      0.96,           1,           0,             0
    543,        18,        25,           175,       170,       180,        0.98,      0.96,           1,           0,             0
    544,        19,        25,           185,       180,       190,        0.98,      0.96,           1,           0,             0
    547,         1,        26,             5,         0,        10,        1.02,         1,        1.04,           0,             0
    548,         2,        26,            15,        10,        20,        1.02,         1,        1.04,           0,             0
    549,         3,        26,            25,        20,        30,        1.02,         1,        1.04,           0,             0
    550,         4,        26,            35,        30,        40,        1.02,         1,        1.04,           0,             0
    551,         5,        26,            45,        40,        50,        1.02,         1,        1.04,           0,             0
    552,         6,        26,            55,        50,        60,        1.02,         1,        1.04,           0,             0
    553,         7,        26,            65,        60,        70,        1.02,         1,        1.04,     4437.02,       2561.72
    554,         8,        26,            75,        70,        80,        1.02,         1,        1.04,           0,             0
    555,         9,        26,            85,        80,        90,        1.02,         1,        1.04,           0,             0
    556,        10,        26,            95,        90,       100,        1.02,         1,        1.04,           0,             0
    557,        11,        26,           105,       100,       110,        1.02,         1,        1.04,           0,             0
    558,        12,        26,           115,       110,       120,        1.02,         1,        1.04,           0,             0
    559,        13,        26,           125,       120,       130,        1.02,         1,        1.04,           0,             0
    560,        14,        26,           135,       130,       140,        1.02,         1,        1.04,           0,             0
    561,        15,        26,           145,       140,       150,        1.02,         1,        1.04,           0,             0
    562,        16,        26,           155,       150,       160,        1.02,         1,        1.04,           0,             0
    563,        17,        26,           165,       160,       170,        1.02,         1,        1.04,           0,             0
    564,        18,        26,           175,       170,       180,        1.02,         1,        1.04,           0,             0
    565,        19,        26,           185,       180,       190,        1.02,         1,        1.04,           0,             0
    568,         1,        27,             5,         0,        10,        1.06,      1.04,        1.08,           0,             0
    569,         2,        27,            15,        10,        20,        1.06,      1.04,        1.08,           0,             0
    570,         3,        27,            25,        20,        30,        1.06,      1.04,        1.08,           0,             0
    571,         4,        27,            35,        30,        40,        1.06,      1.04,        1.08,           0,             0
    572,         5,        27,            45,        40,        50,        1.06,      1.04,        1.08,           0,             0
    573,         6,        27,            55,        50,        60,        1.06,      1.04,        1.08,           0,             0
    574,         7,        27,            65,        60,        70,        1.06,      1.04,        1.08,     1477.48,       1477.48
    575,         8,        27,            75,        70,        80,        1.06,      1.04,        1.08,           0,             0
    576,         9,        27,            85,        80,        90,        1.06,      1.04,        1.08,           0,             0
    577,        10,        27,            95,        90,       100,        1.06,      1.04,        1.08,           0,             0
    578,        11,        27,           105,       100,       110,        1.06,      1.04,        1.08,           0,             0
    579,        12,        27,           115,       110,       120,        1.06,      1.04,        1.08,           0,             0
    580,        13,        27,           125,       120,       130,        1.06,      1.04,        1.08,           0,             0
    581,        14,        27,           135,       130,       140,        1.06,      1.04,        1.08,           0,             0
    582,        15,        27,           145,       140,       150,        1.06,      1.04,        1.08,           0,             0
    583,        16,        27,           155,       150,       160,        1.06,      1.04,        1.08,           0,             0
    584,        17,        27,           165,       160,       170,        1.06,      1.04,        1.08,           0,             0
    585,        18,        27,           175,       170,       180,        1.06,      1.04,        1.08,           0,             0
    586,        19,        27,           185,       180,       190,        1.06,      1.04,        1.08,           0,             0
    589,         1,        28,             5,         0,        10,         1.1,      1.08,        1.12,           0,             0
    590,         2,        28,            15,        10,        20,         1.1,      1.08,        1.12,           0,             0
    591,         3,        28,            25,        20,        30,         1.1,      1.08,        1.12,           0,             0
    592,         4,        28,            35,        30,        40,         1.1,      1.08,        1.12,           0,             0
    593,         5,        28,            45,        40,        50,         1.1,      1.08,        1.12,           0,             0
    594,         6,        28,            55,        50,        60,         1.1,      1.08,        1.12,           0,             0
    595,         7,        28,            65,        60,        70,         1.1,      1.08,        1.12,           0,             0
    596,         8,        28,            75,        70,        80,         1.1,      1.08,        1.12,           0,             0
    597,         9,        28,            85,        80,        90,         1.1,      1.08,        1.12,           0,             0
    598,        10,        28,            95,        90,       100,         1.1,      1.08,        1.12,           0,             0
    599,        11,        28,           105,       100,       110,         1.1,      1.08,        1.12,           0,             0
    600,        12,        28,           115,       110,       120,         1.1,      1.08,        1.12,           0,             0
    601,        13,        28,           125,       120,       130,         1.1,      1.08,        1.12,           0,             0
    602,        14,        28,           135,       130,       140,         1.1,      1.08,        1.12,           0,             0
    603,        15,        28,           145,       140,       150,         1.1,      1.08,        1.12,           0,             0
    604,        16,        28,           155,       150,       160,         1.1,      1.08,        1.12,           0,             0
    605,        17,        28,           165,       160,       170,         1.1,      1.08,        1.12,           0,             0
    606,        18,        28,           175,       170,       180,         1.1,      1.08,        1.12,           0,             0
    607,        19,        28,           185,       180,       190,         1.1,      1.08,        1.12,           0,             0
    610,         1,        29,             5,         0,        10,        1.14,      1.12,        1.16,           0,             0
    611,         2,        29,            15,        10,        20,        1.14,      1.12,        1.16,           0,             0
    612,         3,        29,            25,        20,        30,        1.14,      1.12,        1.16,           0,             0
    613,         4,        29,            35,        30,        40,        1.14,      1.12,        1.16,           0,             0
    614,         5,        29,            45,        40,        50,        1.14,      1.12,        1.16,           0,             0
    615,         6,        29,            55,        50,        60,        1.14,      1.12,        1.16,           0,             0
    616,         7,        29,            65,        60,        70,        1.14,      1.12,        1.16,           0,             0
    617,         8,        29,            75,        70,        80,        1.14,      1.12,        1.16,           0,             0
    618,         9,        29,            85,        80,        90,        1.14,      1.12,        1.16,           0,             0
    619,        10,        29,            95,        90,       100,        1.14,      1.12,        1.16,           0,             0
    620,        11,        29,           105,       100,       110,        1.14,      1.12,        1.16,           0,             0
    621,        12,        29,           115,       110,       120,        1.14,      1.12,        1.16,           0,             0
    622,        13,        29,           125,       120,       130,        1.14,      1.12,        1.16,           0,             0
    623,        14,        29,           135,       130,       140,        1.14,      1.12,        1.16,           0,             0
    624,        15,        29,           145,       140,       150,        1.14,      1.12,        1.16,           0,             0
    625,        16,        29,           155,       150,       160,        1.14,      1.12,        1.16,           0,             0
    626,        17,        29,           165,       160,       170,        1.14,      1.12,        1.16,           0,             0
    627,        18,        29,           175,       170,       180,        1.14,      1.12,        1.16,           0,             0
    628,        19,        29,           185,       180,       190,        1.14,      1.12,        1.16,           0,             0
    631,         1,        30,             5,         0,        10,        1.18,      1.16,         1.2,           0,             0
    632,         2,        30,            15,        10,        20,        1.18,      1.16,         1.2,           0,             0
    633,         3,        30,            25,        20,        30,        1.18,      1.16,         1.2,           0,             0
    634,         4,        30,            35,        30,        40,        1.18,      1.16,         1.2,           0,             0
    635,         5,        30,            45,        40,        50,        1.18,      1.16,         1.2,           0,             0
    636,         6,        30,            55,        50,        60,        1.18,      1.16,         1.2,           0,             0
    637,         7,        30,            65,        60,        70,        1.18,      1.16,         1.2,           0,             0
    638,         8,        30,            75,        70,        80,        1.18,      1.16,         1.2,           0,             0
    639,         9,        30,            85,        80,        90,        1.18,      1.16,         1.2,           0,             0
    640,        10,        30,            95,        90,       100,        1.18,      1.16,         1.2,           0,             0
    641,        11,        30,           105,       100,       110,        1.18,      1.16,         1.2,           0,             0
    642,        12,        30,           115,       110,       120,        1.18,      1.16,         1.2,           0,             0
    643,        13,        30,           125,       120,       130,        1.18,      1.16,         1.2,           0,             0
    644,        14,        30,           135,       130,       140,        1.18,      1.16,         1.2,           0,             0
    645,        15,        30,           145,       140,       150,        1.18,      1.16,         1.2,           0,             0
    646,        16,        30,           155,       150,       160,        1.18,      1.16,         1.2,           0,             0
    647,        17,        30,           165,       160,       170,        1.18,      1.16,         1.2,           0,             0
    648,        18,        30,           175,       170,       180,        1.18,      1.16,         1.2,           0,             0
    649,        19,        30,           185,       180,       190,        1.18,      1.16,         1.2,           0,             0
