# 2D Histogram Bin Extraction 
#                   
# histogram parameters:  
# title      : Em_nuc vs. Pm 
# ybins      : 50 
# ylabel     :  
# xbins      : 15 
# xlabel     :  
# ybin_width : 0.005 
# xbin_width : 0.080 
#                   
# header definitions:
# ib:         (x,y)  bin number 
# xb:         x-axis bin number 
# yb:         y-axis bin number 
# x0:         x-axis central bin value 
# xlow:       x-axis low-edge bin value 
# xup:        x-axis up-edge bin value 
# y0:         y-axis central bin value 
# ylow:       y-axis low-edge bin value 
# yup:        y-axis up-edge bin value 
# zcont:      bin content (z-axis) 
# zcont_err:  bin content error (z-axis) 
#                                        
ib,xb,yb,x0,xlow,xup,y0,ylow,yup,zcont,zcont_err
     18,         1,         1,          0.04,         0,      0.08,     -0.0475,     -0.05,      -0.045,     199.593,       84.3798
     19,         2,         1,          0.12,      0.08,      0.16,     -0.0475,     -0.05,      -0.045,     1742.85,       173.348
     20,         3,         1,           0.2,      0.16,      0.24,     -0.0475,     -0.05,      -0.045,     583.091,       30.7511
     21,         4,         1,          0.28,      0.24,      0.32,     -0.0475,     -0.05,      -0.045,     64.0363,       3.22098
     22,         5,         1,          0.36,      0.32,       0.4,     -0.0475,     -0.05,      -0.045,      6.7092,      0.358821
     23,         6,         1,          0.44,       0.4,      0.48,     -0.0475,     -0.05,      -0.045,    0.892592,     0.0651782
     24,         7,         1,          0.52,      0.48,      0.56,     -0.0475,     -0.05,      -0.045,     0.11362,     0.0187831
     25,         8,         1,           0.6,      0.56,      0.64,     -0.0475,     -0.05,      -0.045,   0.0181145,    0.00678047
     26,         9,         1,          0.68,      0.64,      0.72,     -0.0475,     -0.05,      -0.045,  0.00439228,     0.0037177
     27,        10,         1,          0.76,      0.72,       0.8,     -0.0475,     -0.05,      -0.045,           0,             0
     28,        11,         1,          0.84,       0.8,      0.88,     -0.0475,     -0.05,      -0.045,           0,             0
     29,        12,         1,          0.92,      0.88,      0.96,     -0.0475,     -0.05,      -0.045,           0,             0
     30,        13,         1,             1,      0.96,      1.04,     -0.0475,     -0.05,      -0.045,           0,             0
     31,        14,         1,          1.08,      1.04,      1.12,     -0.0475,     -0.05,      -0.045,           0,             0
     32,        15,         1,          1.16,      1.12,       1.2,     -0.0475,     -0.05,      -0.045,           0,             0
     35,         1,         2,          0.04,         0,      0.08,     -0.0425,    -0.045,       -0.04,     793.683,       169.341
     36,         2,         2,          0.12,      0.08,      0.16,     -0.0425,    -0.045,       -0.04,     3763.22,       289.357
     37,         3,         2,           0.2,      0.16,      0.24,     -0.0425,    -0.045,       -0.04,      627.72,       32.6596
     38,         4,         2,          0.28,      0.24,      0.32,     -0.0425,    -0.045,       -0.04,     62.9763,       3.29796
     39,         5,         2,          0.36,      0.32,       0.4,     -0.0425,    -0.045,       -0.04,     6.72789,      0.322416
     40,         6,         2,          0.44,       0.4,      0.48,     -0.0425,    -0.045,       -0.04,     1.14888,      0.157084
     41,         7,         2,          0.52,      0.48,      0.56,     -0.0425,    -0.045,       -0.04,   0.0906862,     0.0105319
     42,         8,         2,           0.6,      0.56,      0.64,     -0.0425,    -0.045,       -0.04,   0.0329521,     0.0113702
     43,         9,         2,          0.68,      0.64,      0.72,     -0.0425,    -0.045,       -0.04,   0.0112106,    0.00679404
     44,        10,         2,          0.76,      0.72,       0.8,     -0.0425,    -0.045,       -0.04,           0,             0
     45,        11,         2,          0.84,       0.8,      0.88,     -0.0425,    -0.045,       -0.04,           0,             0
     46,        12,         2,          0.92,      0.88,      0.96,     -0.0425,    -0.045,       -0.04,           0,             0
     47,        13,         2,             1,      0.96,      1.04,     -0.0425,    -0.045,       -0.04,           0,             0
     48,        14,         2,          1.08,      1.04,      1.12,     -0.0425,    -0.045,       -0.04,           0,             0
     49,        15,         2,          1.16,      1.12,       1.2,     -0.0425,    -0.045,       -0.04,           0,             0
     52,         1,         3,          0.04,         0,      0.08,     -0.0375,     -0.04,      -0.035,     2129.39,       331.825
     53,         2,         3,          0.12,      0.08,      0.16,     -0.0375,     -0.04,      -0.035,     4878.43,       321.292
     54,         3,         3,           0.2,      0.16,      0.24,     -0.0375,     -0.04,      -0.035,     721.165,       36.3584
     55,         4,         3,          0.28,      0.24,      0.32,     -0.0375,     -0.04,      -0.035,     59.4836,       2.91753
     56,         5,         3,          0.36,      0.32,       0.4,     -0.0375,     -0.04,      -0.035,     6.70993,      0.311841
     57,         6,         3,          0.44,       0.4,      0.48,     -0.0375,     -0.04,      -0.035,    0.880765,     0.0645844
     58,         7,         3,          0.52,      0.48,      0.56,     -0.0375,     -0.04,      -0.035,    0.171931,     0.0234107
     59,         8,         3,           0.6,      0.56,      0.64,     -0.0375,     -0.04,      -0.035,   0.0417878,      0.013757
     60,         9,         3,          0.68,      0.64,      0.72,     -0.0375,     -0.04,      -0.035,  0.00748171,    0.00444968
     61,        10,         3,          0.76,      0.72,       0.8,     -0.0375,     -0.04,      -0.035,  0.00058151,    0.00058151
     62,        11,         3,          0.84,       0.8,      0.88,     -0.0375,     -0.04,      -0.035,           0,             0
     63,        12,         3,          0.92,      0.88,      0.96,     -0.0375,     -0.04,      -0.035,           0,             0
     64,        13,         3,             1,      0.96,      1.04,     -0.0375,     -0.04,      -0.035,           0,             0
     65,        14,         3,          1.08,      1.04,      1.12,     -0.0375,     -0.04,      -0.035,           0,             0
     66,        15,         3,          1.16,      1.12,       1.2,     -0.0375,     -0.04,      -0.035,           0,             0
     69,         1,         4,          0.04,         0,      0.08,     -0.0325,    -0.035,       -0.03,     4799.99,       512.062
     70,         2,         4,          0.12,      0.08,      0.16,     -0.0325,    -0.035,       -0.03,     6918.15,       435.587
     71,         3,         4,           0.2,      0.16,      0.24,     -0.0325,    -0.035,       -0.03,     701.585,       33.4255
     72,         4,         4,          0.28,      0.24,      0.32,     -0.0325,    -0.035,       -0.03,     55.8282,       2.65031
     73,         5,         4,          0.36,      0.32,       0.4,     -0.0325,    -0.035,       -0.03,     7.02237,      0.324281
     74,         6,         4,          0.44,       0.4,      0.48,     -0.0325,    -0.035,       -0.03,     1.19143,     0.0798268
     75,         7,         4,          0.52,      0.48,      0.56,     -0.0325,    -0.035,       -0.03,    0.221525,     0.0323992
     76,         8,         4,           0.6,      0.56,      0.64,     -0.0325,    -0.035,       -0.03,    0.114798,     0.0230535
     77,         9,         4,          0.68,      0.64,      0.72,     -0.0325,    -0.035,       -0.03,   0.0116374,    0.00610773
     78,        10,         4,          0.76,      0.72,       0.8,     -0.0325,    -0.035,       -0.03,  0.00028511,    0.00028511
     79,        11,         4,          0.84,       0.8,      0.88,     -0.0325,    -0.035,       -0.03,           0,             0
     80,        12,         4,          0.92,      0.88,      0.96,     -0.0325,    -0.035,       -0.03,           0,             0
     81,        13,         4,             1,      0.96,      1.04,     -0.0325,    -0.035,       -0.03,           0,             0
     82,        14,         4,          1.08,      1.04,      1.12,     -0.0325,    -0.035,       -0.03,           0,             0
     83,        15,         4,          1.16,      1.12,       1.2,     -0.0325,    -0.035,       -0.03,           0,             0
     86,         1,         5,          0.04,         0,      0.08,     -0.0275,     -0.03,      -0.025,     7785.91,       656.571
     87,         2,         5,          0.12,      0.08,      0.16,     -0.0275,     -0.03,      -0.025,     8656.93,       491.115
     88,         3,         5,           0.2,      0.16,      0.24,     -0.0275,     -0.03,      -0.025,     688.569,       30.7421
     89,         4,         5,          0.28,      0.24,      0.32,     -0.0275,     -0.03,      -0.025,     57.4903,       2.70902
     90,         5,         5,          0.36,      0.32,       0.4,     -0.0275,     -0.03,      -0.025,     8.09465,       1.02124
     91,         6,         5,          0.44,       0.4,      0.48,     -0.0275,     -0.03,      -0.025,      1.2907,     0.0920906
     92,         7,         5,          0.52,      0.48,      0.56,     -0.0275,     -0.03,      -0.025,     0.43494,     0.0501223
     93,         8,         5,           0.6,      0.56,      0.64,     -0.0275,     -0.03,      -0.025,    0.157241,     0.0242376
     94,         9,         5,          0.68,      0.64,      0.72,     -0.0275,     -0.03,      -0.025,   0.0127716,    0.00728281
     95,        10,         5,          0.76,      0.72,       0.8,     -0.0275,     -0.03,      -0.025, 0.000759406,   0.000593087
     96,        11,         5,          0.84,       0.8,      0.88,     -0.0275,     -0.03,      -0.025,           0,             0
     97,        12,         5,          0.92,      0.88,      0.96,     -0.0275,     -0.03,      -0.025,           0,             0
     98,        13,         5,             1,      0.96,      1.04,     -0.0275,     -0.03,      -0.025,           0,             0
     99,        14,         5,          1.08,      1.04,      1.12,     -0.0275,     -0.03,      -0.025,           0,             0
    100,        15,         5,          1.16,      1.12,       1.2,     -0.0275,     -0.03,      -0.025,           0,             0
    103,         1,         6,          0.04,         0,      0.08,     -0.0225,    -0.025,       -0.02,     12384.3,       860.651
    104,         2,         6,          0.12,      0.08,      0.16,     -0.0225,    -0.025,       -0.02,     9626.29,       480.942
    105,         3,         6,           0.2,      0.16,      0.24,     -0.0225,    -0.025,       -0.02,     748.136,        31.499
    106,         4,         6,          0.28,      0.24,      0.32,     -0.0225,    -0.025,       -0.02,     57.9781,       2.67397
    107,         5,         6,          0.36,      0.32,       0.4,     -0.0225,    -0.025,       -0.02,     8.10583,      0.348691
    108,         6,         6,          0.44,       0.4,      0.48,     -0.0225,    -0.025,       -0.02,     1.96868,       0.11072
    109,         7,         6,          0.52,      0.48,      0.56,     -0.0225,    -0.025,       -0.02,    0.579954,     0.0529853
    110,         8,         6,           0.6,      0.56,      0.64,     -0.0225,    -0.025,       -0.02,     0.17301,     0.0291474
    111,         9,         6,          0.68,      0.64,      0.72,     -0.0225,    -0.025,       -0.02,   0.0158885,    0.00599651
    112,        10,         6,          0.76,      0.72,       0.8,     -0.0225,    -0.025,       -0.02, 0.000231312,   0.000231312
    113,        11,         6,          0.84,       0.8,      0.88,     -0.0225,    -0.025,       -0.02,           0,             0
    114,        12,         6,          0.92,      0.88,      0.96,     -0.0225,    -0.025,       -0.02,           0,             0
    115,        13,         6,             1,      0.96,      1.04,     -0.0225,    -0.025,       -0.02,           0,             0
    116,        14,         6,          1.08,      1.04,      1.12,     -0.0225,    -0.025,       -0.02,           0,             0
    117,        15,         6,          1.16,      1.12,       1.2,     -0.0225,    -0.025,       -0.02,           0,             0
    120,         1,         7,          0.04,         0,      0.08,     -0.0175,     -0.02,      -0.015,     21030.2,       1134.64
    121,         2,         7,          0.12,      0.08,      0.16,     -0.0175,     -0.02,      -0.015,     11233.1,        503.03
    122,         3,         7,           0.2,      0.16,      0.24,     -0.0175,     -0.02,      -0.015,     758.194,       29.5985
    123,         4,         7,          0.28,      0.24,      0.32,     -0.0175,     -0.02,      -0.015,     52.2694,        1.9533
    124,         5,         7,          0.36,      0.32,       0.4,     -0.0175,     -0.02,      -0.015,     9.83971,      0.870305
    125,         6,         7,          0.44,       0.4,      0.48,     -0.0175,     -0.02,      -0.015,     2.76829,      0.145245
    126,         7,         7,          0.52,      0.48,      0.56,     -0.0175,     -0.02,      -0.015,    0.841594,     0.0689964
    127,         8,         7,           0.6,      0.56,      0.64,     -0.0175,     -0.02,      -0.015,    0.236502,     0.0308777
    128,         9,         7,          0.68,      0.64,      0.72,     -0.0175,     -0.02,      -0.015,   0.0109432,    0.00348408
    129,        10,         7,          0.76,      0.72,       0.8,     -0.0175,     -0.02,      -0.015,           0,             0
    130,        11,         7,          0.84,       0.8,      0.88,     -0.0175,     -0.02,      -0.015,           0,             0
    131,        12,         7,          0.92,      0.88,      0.96,     -0.0175,     -0.02,      -0.015,           0,             0
    132,        13,         7,             1,      0.96,      1.04,     -0.0175,     -0.02,      -0.015,           0,             0
    133,        14,         7,          1.08,      1.04,      1.12,     -0.0175,     -0.02,      -0.015,           0,             0
    134,        15,         7,          1.16,      1.12,       1.2,     -0.0175,     -0.02,      -0.015,           0,             0
    137,         1,         8,          0.04,         0,      0.08,     -0.0125,    -0.015,       -0.01,     27962.2,       1306.63
    138,         2,         8,          0.12,      0.08,      0.16,     -0.0125,    -0.015,       -0.01,     11958.2,       480.376
    139,         3,         8,           0.2,      0.16,      0.24,     -0.0125,    -0.015,       -0.01,     724.023,       23.9266
    140,         4,         8,          0.28,      0.24,      0.32,     -0.0125,    -0.015,       -0.01,     65.0293,       3.23846
    141,         5,         8,          0.36,      0.32,       0.4,     -0.0125,    -0.015,       -0.01,     13.1131,      0.606479
    142,         6,         8,          0.44,       0.4,      0.48,     -0.0125,    -0.015,       -0.01,     3.92213,      0.176651
    143,         7,         8,          0.52,      0.48,      0.56,     -0.0125,    -0.015,       -0.01,     1.39855,     0.0863506
    144,         8,         8,           0.6,      0.56,      0.64,     -0.0125,    -0.015,       -0.01,    0.365085,      0.036551
    145,         9,         8,          0.68,      0.64,      0.72,     -0.0125,    -0.015,       -0.01,   0.0316137,     0.0104527
    146,        10,         8,          0.76,      0.72,       0.8,     -0.0125,    -0.015,       -0.01, 0.000653114,   0.000402995
    147,        11,         8,          0.84,       0.8,      0.88,     -0.0125,    -0.015,       -0.01,           0,             0
    148,        12,         8,          0.92,      0.88,      0.96,     -0.0125,    -0.015,       -0.01,           0,             0
    149,        13,         8,             1,      0.96,      1.04,     -0.0125,    -0.015,       -0.01,           0,             0
    150,        14,         8,          1.08,      1.04,      1.12,     -0.0125,    -0.015,       -0.01,           0,             0
    151,        15,         8,          1.16,      1.12,       1.2,     -0.0125,    -0.015,       -0.01,           0,             0
    154,         1,         9,          0.04,         0,      0.08,     -0.0075,     -0.01,      -0.005,     42140.3,       1630.91
    155,         2,         9,          0.12,      0.08,      0.16,     -0.0075,     -0.01,      -0.005,     14177.7,       484.636
    156,         3,         9,           0.2,      0.16,      0.24,     -0.0075,     -0.01,      -0.005,     898.039,       24.3395
    157,         4,         9,          0.28,      0.24,      0.32,     -0.0075,     -0.01,      -0.005,      79.931,       2.24255
    158,         5,         9,          0.36,      0.32,       0.4,     -0.0075,     -0.01,      -0.005,     16.0715,      0.525652
    159,         6,         9,          0.44,       0.4,      0.48,     -0.0075,     -0.01,      -0.005,     5.76993,      0.208633
    160,         7,         9,          0.52,      0.48,      0.56,     -0.0075,     -0.01,      -0.005,     1.78984,     0.0956063
    161,         8,         9,           0.6,      0.56,      0.64,     -0.0075,     -0.01,      -0.005,    0.384909,     0.0344468
    162,         9,         9,          0.68,      0.64,      0.72,     -0.0075,     -0.01,      -0.005,   0.0234551,    0.00577163
    163,        10,         9,          0.76,      0.72,       0.8,     -0.0075,     -0.01,      -0.005, 0.000617198,   0.000617198
    164,        11,         9,          0.84,       0.8,      0.88,     -0.0075,     -0.01,      -0.005,           0,             0
    165,        12,         9,          0.92,      0.88,      0.96,     -0.0075,     -0.01,      -0.005,           0,             0
    166,        13,         9,             1,      0.96,      1.04,     -0.0075,     -0.01,      -0.005,           0,             0
    167,        14,         9,          1.08,      1.04,      1.12,     -0.0075,     -0.01,      -0.005,           0,             0
    168,        15,         9,          1.16,      1.12,       1.2,     -0.0075,     -0.01,      -0.005,           0,             0
    171,         1,        10,          0.04,         0,      0.08,     -0.0025,    -0.005,           0,     56624.4,       1825.61
    172,         2,        10,          0.12,      0.08,      0.16,     -0.0025,    -0.005,           0,       15637,       441.468
    173,         3,        10,           0.2,      0.16,      0.24,     -0.0025,    -0.005,           0,     1056.52,        25.821
    174,         4,        10,          0.28,      0.24,      0.32,     -0.0025,    -0.005,           0,     104.848,       3.30975
    175,         5,        10,          0.36,      0.32,       0.4,     -0.0025,    -0.005,           0,     21.0021,      0.501789
    176,         6,        10,          0.44,       0.4,      0.48,     -0.0025,    -0.005,           0,     7.25621,      0.224013
    177,         7,        10,          0.52,      0.48,      0.56,     -0.0025,    -0.005,           0,     2.48856,      0.113498
    178,         8,        10,           0.6,      0.56,      0.64,     -0.0025,    -0.005,           0,    0.462938,     0.0368342
    179,         9,        10,          0.68,      0.64,      0.72,     -0.0025,    -0.005,           0,   0.0326954,    0.00656795
    180,        10,        10,          0.76,      0.72,       0.8,     -0.0025,    -0.005,           0, 0.000509497,   0.000360273
    181,        11,        10,          0.84,       0.8,      0.88,     -0.0025,    -0.005,           0,           0,             0
    182,        12,        10,          0.92,      0.88,      0.96,     -0.0025,    -0.005,           0,           0,             0
    183,        13,        10,             1,      0.96,      1.04,     -0.0025,    -0.005,           0,           0,             0
    184,        14,        10,          1.08,      1.04,      1.12,     -0.0025,    -0.005,           0,           0,             0
    185,        15,        10,          1.16,      1.12,       1.2,     -0.0025,    -0.005,           0,           0,             0
    188,         1,        11,          0.04,         0,      0.08,      0.0025,         0,       0.005,     67997.4,       2020.39
    189,         2,        11,          0.12,      0.08,      0.16,      0.0025,         0,       0.005,     17070.8,       415.495
    190,         3,        11,           0.2,      0.16,      0.24,      0.0025,         0,       0.005,     1244.56,        25.907
    191,         4,        11,          0.28,      0.24,      0.32,      0.0025,         0,       0.005,     129.735,       3.89192
    192,         5,        11,          0.36,      0.32,       0.4,      0.0025,         0,       0.005,     26.4624,      0.570699
    193,         6,        11,          0.44,       0.4,      0.48,      0.0025,         0,       0.005,     9.00519,      0.254827
    194,         7,        11,          0.52,      0.48,      0.56,      0.0025,         0,       0.005,     2.67462,       0.10961
    195,         8,        11,           0.6,      0.56,      0.64,      0.0025,         0,       0.005,    0.510564,      0.038531
    196,         9,        11,          0.68,      0.64,      0.72,      0.0025,         0,       0.005,   0.0292726,    0.00622473
    197,        10,        11,          0.76,      0.72,       0.8,      0.0025,         0,       0.005,  0.00112615,   0.000530609
    198,        11,        11,          0.84,       0.8,      0.88,      0.0025,         0,       0.005,           0,             0
    199,        12,        11,          0.92,      0.88,      0.96,      0.0025,         0,       0.005,           0,             0
    200,        13,        11,             1,      0.96,      1.04,      0.0025,         0,       0.005,           0,             0
    201,        14,        11,          1.08,      1.04,      1.12,      0.0025,         0,       0.005,           0,             0
    202,        15,        11,          1.16,      1.12,       1.2,      0.0025,         0,       0.005,           0,             0
    205,         1,        12,          0.04,         0,      0.08,      0.0075,     0.005,        0.01,       64128,       2019.68
    206,         2,        12,          0.12,      0.08,      0.16,      0.0075,     0.005,        0.01,     16220.9,       422.762
    207,         3,        12,           0.2,      0.16,      0.24,      0.0075,     0.005,        0.01,     1306.49,       29.9781
    208,         4,        12,          0.28,      0.24,      0.32,      0.0075,     0.005,        0.01,     138.238,       2.98135
    209,         5,        12,          0.36,      0.32,       0.4,      0.0075,     0.005,        0.01,     30.5718,      0.611422
    210,         6,        12,          0.44,       0.4,      0.48,      0.0075,     0.005,        0.01,     9.98481,      0.263748
    211,         7,        12,          0.52,      0.48,      0.56,      0.0075,     0.005,        0.01,     2.89158,       0.11709
    212,         8,        12,           0.6,      0.56,      0.64,      0.0075,     0.005,        0.01,    0.527466,      0.037932
    213,         9,        12,          0.68,      0.64,      0.72,      0.0075,     0.005,        0.01,   0.0298059,    0.00705466
    214,        10,        12,          0.76,      0.72,       0.8,      0.0075,     0.005,        0.01, 0.000607813,   0.000325058
    215,        11,        12,          0.84,       0.8,      0.88,      0.0075,     0.005,        0.01,           0,             0
    216,        12,        12,          0.92,      0.88,      0.96,      0.0075,     0.005,        0.01,           0,             0
    217,        13,        12,             1,      0.96,      1.04,      0.0075,     0.005,        0.01,           0,             0
    218,        14,        12,          1.08,      1.04,      1.12,      0.0075,     0.005,        0.01,           0,             0
    219,        15,        12,          1.16,      1.12,       1.2,      0.0075,     0.005,        0.01,           0,             0
    222,         1,        13,          0.04,         0,      0.08,      0.0125,      0.01,       0.015,     50241.1,       1865.41
    223,         2,        13,          0.12,      0.08,      0.16,      0.0125,      0.01,       0.015,     13064.6,       398.046
    224,         3,        13,           0.2,      0.16,      0.24,      0.0125,      0.01,       0.015,     1188.03,       28.1858
    225,         4,        13,          0.28,      0.24,      0.32,      0.0125,      0.01,       0.015,     144.501,       3.94618
    226,         5,        13,          0.36,      0.32,       0.4,      0.0125,      0.01,       0.015,     31.2265,      0.936838
    227,         6,        13,          0.44,       0.4,      0.48,      0.0125,      0.01,       0.015,     10.2222,        0.2612
    228,         7,        13,          0.52,      0.48,      0.56,      0.0125,      0.01,       0.015,     2.80619,      0.109303
    229,         8,        13,           0.6,      0.56,      0.64,      0.0125,      0.01,       0.015,    0.472576,     0.0358104
    230,         9,        13,          0.68,      0.64,      0.72,      0.0125,      0.01,       0.015,   0.0280679,    0.00531474
    231,        10,        13,          0.76,      0.72,       0.8,      0.0125,      0.01,       0.015,  0.00202879,    0.00099995
    232,        11,        13,          0.84,       0.8,      0.88,      0.0125,      0.01,       0.015,           0,             0
    233,        12,        13,          0.92,      0.88,      0.96,      0.0125,      0.01,       0.015,           0,             0
    234,        13,        13,             1,      0.96,      1.04,      0.0125,      0.01,       0.015,           0,             0
    235,        14,        13,          1.08,      1.04,      1.12,      0.0125,      0.01,       0.015,           0,             0
    236,        15,        13,          1.16,      1.12,       1.2,      0.0125,      0.01,       0.015,           0,             0
    239,         1,        14,          0.04,         0,      0.08,      0.0175,     0.015,        0.02,     29984.3,       1428.51
    240,         2,        14,          0.12,      0.08,      0.16,      0.0175,     0.015,        0.02,     9709.12,       384.052
    241,         3,        14,           0.2,      0.16,      0.24,      0.0175,     0.015,        0.02,     909.646,       27.8725
    242,         4,        14,          0.28,      0.24,      0.32,      0.0175,     0.015,        0.02,     114.519,       2.69491
    243,         5,        14,          0.36,      0.32,       0.4,      0.0175,     0.015,        0.02,       28.02,      0.621274
    244,         6,        14,          0.44,       0.4,      0.48,      0.0175,     0.015,        0.02,     9.20356,       0.24031
    245,         7,        14,          0.52,      0.48,      0.56,      0.0175,     0.015,        0.02,      2.6721,       0.10424
    246,         8,        14,           0.6,      0.56,      0.64,      0.0175,     0.015,        0.02,    0.427923,     0.0307716
    247,         9,        14,          0.68,      0.64,      0.72,      0.0175,     0.015,        0.02,   0.0198046,    0.00304805
    248,        10,        14,          0.76,      0.72,       0.8,      0.0175,     0.015,        0.02, 0.000689208,   0.000323771
    249,        11,        14,          0.84,       0.8,      0.88,      0.0175,     0.015,        0.02,           0,             0
    250,        12,        14,          0.92,      0.88,      0.96,      0.0175,     0.015,        0.02,           0,             0
    251,        13,        14,             1,      0.96,      1.04,      0.0175,     0.015,        0.02,           0,             0
    252,        14,        14,          1.08,      1.04,      1.12,      0.0175,     0.015,        0.02,           0,             0
    253,        15,        14,          1.16,      1.12,       1.2,      0.0175,     0.015,        0.02,           0,             0
    256,         1,        15,          0.04,         0,      0.08,      0.0225,      0.02,       0.025,     19449.8,       1177.43
    257,         2,        15,          0.12,      0.08,      0.16,      0.0225,      0.02,       0.025,     6504.45,       339.131
    258,         3,        15,           0.2,      0.16,      0.24,      0.0225,      0.02,       0.025,     680.104,       45.6243
    259,         4,        15,          0.28,      0.24,      0.32,      0.0225,      0.02,       0.025,     83.0207,       3.23221
    260,         5,        15,          0.36,      0.32,       0.4,      0.0225,      0.02,       0.025,     24.2204,      0.880444
    261,         6,        15,          0.44,       0.4,      0.48,      0.0225,      0.02,       0.025,     8.29748,      0.224543
    262,         7,        15,          0.52,      0.48,      0.56,      0.0225,      0.02,       0.025,     2.28064,     0.0916337
    263,         8,        15,           0.6,      0.56,      0.64,      0.0225,      0.02,       0.025,    0.413054,     0.0293742
    264,         9,        15,          0.68,      0.64,      0.72,      0.0225,      0.02,       0.025,   0.0262591,    0.00502394
    265,        10,        15,          0.76,      0.72,       0.8,      0.0225,      0.02,       0.025,  0.00103008,   0.000419732
    266,        11,        15,          0.84,       0.8,      0.88,      0.0225,      0.02,       0.025,           0,             0
    267,        12,        15,          0.92,      0.88,      0.96,      0.0225,      0.02,       0.025,           0,             0
    268,        13,        15,             1,      0.96,      1.04,      0.0225,      0.02,       0.025,           0,             0
    269,        14,        15,          1.08,      1.04,      1.12,      0.0225,      0.02,       0.025,           0,             0
    270,        15,        15,          1.16,      1.12,       1.2,      0.0225,      0.02,       0.025,           0,             0
    273,         1,        16,          0.04,         0,      0.08,      0.0275,     0.025,        0.03,     12807.7,       985.157
    274,         2,        16,          0.12,      0.08,      0.16,      0.0275,     0.025,        0.03,      4960.9,       325.955
    275,         3,        16,           0.2,      0.16,      0.24,      0.0275,     0.025,        0.03,     409.147,        22.682
    276,         4,        16,          0.28,      0.24,      0.32,      0.0275,     0.025,        0.03,     58.0166,        2.5085
    277,         5,        16,          0.36,      0.32,       0.4,      0.0275,     0.025,        0.03,     18.3245,      0.547154
    278,         6,        16,          0.44,       0.4,      0.48,      0.0275,     0.025,        0.03,     6.89646,      0.235542
    279,         7,        16,          0.52,      0.48,      0.56,      0.0275,     0.025,        0.03,     1.99539,     0.0833071
    280,         8,        16,           0.6,      0.56,      0.64,      0.0275,     0.025,        0.03,    0.352051,     0.0255288
    281,         9,        16,          0.68,      0.64,      0.72,      0.0275,     0.025,        0.03,   0.0284037,    0.00529118
    282,        10,        16,          0.76,      0.72,       0.8,      0.0275,     0.025,        0.03, 0.000353223,   0.000229021
    283,        11,        16,          0.84,       0.8,      0.88,      0.0275,     0.025,        0.03,           0,             0
    284,        12,        16,          0.92,      0.88,      0.96,      0.0275,     0.025,        0.03,           0,             0
    285,        13,        16,             1,      0.96,      1.04,      0.0275,     0.025,        0.03,           0,             0
    286,        14,        16,          1.08,      1.04,      1.12,      0.0275,     0.025,        0.03,           0,             0
    287,        15,        16,          1.16,      1.12,       1.2,      0.0275,     0.025,        0.03,           0,             0
    290,         1,        17,          0.04,         0,      0.08,      0.0325,      0.03,       0.035,     9396.78,       850.353
    291,         2,        17,          0.12,      0.08,      0.16,      0.0325,      0.03,       0.035,     3166.19,        243.28
    292,         3,        17,           0.2,      0.16,      0.24,      0.0325,      0.03,       0.035,     317.191,       18.2212
    293,         4,        17,          0.28,      0.24,      0.32,      0.0325,      0.03,       0.035,     47.2867,       3.21102
    294,         5,        17,          0.36,      0.32,       0.4,      0.0325,      0.03,       0.035,     13.0591,      0.423692
    295,         6,        17,          0.44,       0.4,      0.48,      0.0325,      0.03,       0.035,     5.14404,       0.17972
    296,         7,        17,          0.52,      0.48,      0.56,      0.0325,      0.03,       0.035,     1.51846,     0.0708303
    297,         8,        17,           0.6,      0.56,      0.64,      0.0325,      0.03,       0.035,    0.287018,     0.0237306
    298,         9,        17,          0.68,      0.64,      0.72,      0.0325,      0.03,       0.035,   0.0398241,    0.00955236
    299,        10,        17,          0.76,      0.72,       0.8,      0.0325,      0.03,       0.035, 0.000847809,   0.000428002
    300,        11,        17,          0.84,       0.8,      0.88,      0.0325,      0.03,       0.035,           0,             0
    301,        12,        17,          0.92,      0.88,      0.96,      0.0325,      0.03,       0.035,           0,             0
    302,        13,        17,             1,      0.96,      1.04,      0.0325,      0.03,       0.035,           0,             0
    303,        14,        17,          1.08,      1.04,      1.12,      0.0325,      0.03,       0.035,           0,             0
    304,        15,        17,          1.16,      1.12,       1.2,      0.0325,      0.03,       0.035,           0,             0
    307,         1,        18,          0.04,         0,      0.08,      0.0375,     0.035,        0.04,     6011.99,       666.281
    308,         2,        18,          0.12,      0.08,      0.16,      0.0375,     0.035,        0.04,      3133.8,       226.831
    309,         3,        18,           0.2,      0.16,      0.24,      0.0375,     0.035,        0.04,     241.271,       16.3836
    310,         4,        18,          0.28,      0.24,      0.32,      0.0375,     0.035,        0.04,     34.1178,       1.75053
    311,         5,        18,          0.36,      0.32,       0.4,      0.0375,     0.035,        0.04,     11.0311,      0.465589
    312,         6,        18,          0.44,       0.4,      0.48,      0.0375,     0.035,        0.04,     4.18352,      0.156004
    313,         7,        18,          0.52,      0.48,      0.56,      0.0375,     0.035,        0.04,     1.14398,     0.0603971
    314,         8,        18,           0.6,      0.56,      0.64,      0.0375,     0.035,        0.04,    0.314593,     0.0277525
    315,         9,        18,          0.68,      0.64,      0.72,      0.0375,     0.035,        0.04,   0.0278768,    0.00789451
    316,        10,        18,          0.76,      0.72,       0.8,      0.0375,     0.035,        0.04, 0.000145105,   0.000145105
    317,        11,        18,          0.84,       0.8,      0.88,      0.0375,     0.035,        0.04,           0,             0
    318,        12,        18,          0.92,      0.88,      0.96,      0.0375,     0.035,        0.04,           0,             0
    319,        13,        18,             1,      0.96,      1.04,      0.0375,     0.035,        0.04,           0,             0
    320,        14,        18,          1.08,      1.04,      1.12,      0.0375,     0.035,        0.04,           0,             0
    321,        15,        18,          1.16,      1.12,       1.2,      0.0375,     0.035,        0.04,           0,             0
    324,         1,        19,          0.04,         0,      0.08,      0.0425,      0.04,       0.045,     4738.76,       535.231
    325,         2,        19,          0.12,      0.08,      0.16,      0.0425,      0.04,       0.045,     2565.48,       222.043
    326,         3,        19,           0.2,      0.16,      0.24,      0.0425,      0.04,       0.045,     248.089,       21.6641
    327,         4,        19,          0.28,      0.24,      0.32,      0.0425,      0.04,       0.045,     33.8365,       3.89814
    328,         5,        19,          0.36,      0.32,       0.4,      0.0425,      0.04,       0.045,      8.6594,       0.32683
    329,         6,        19,          0.44,       0.4,      0.48,      0.0425,      0.04,       0.045,     3.14372,      0.137907
    330,         7,        19,          0.52,      0.48,      0.56,      0.0425,      0.04,       0.045,     1.02655,      0.056106
    331,         8,        19,           0.6,      0.56,      0.64,      0.0425,      0.04,       0.045,    0.213525,     0.0207796
    332,         9,        19,          0.68,      0.64,      0.72,      0.0425,      0.04,       0.045,    0.028033,    0.00914442
    333,        10,        19,          0.76,      0.72,       0.8,      0.0425,      0.04,       0.045, 0.000264449,   0.000190892
    334,        11,        19,          0.84,       0.8,      0.88,      0.0425,      0.04,       0.045,           0,             0
    335,        12,        19,          0.92,      0.88,      0.96,      0.0425,      0.04,       0.045,           0,             0
    336,        13,        19,             1,      0.96,      1.04,      0.0425,      0.04,       0.045,           0,             0
    337,        14,        19,          1.08,      1.04,      1.12,      0.0425,      0.04,       0.045,           0,             0
    338,        15,        19,          1.16,      1.12,       1.2,      0.0425,      0.04,       0.045,           0,             0
    341,         1,        20,          0.04,         0,      0.08,      0.0475,     0.045,        0.05,     3608.34,       490.134
    342,         2,        20,          0.12,      0.08,      0.16,      0.0475,     0.045,        0.05,     3154.81,         294.9
    343,         3,        20,           0.2,      0.16,      0.24,      0.0475,     0.045,        0.05,     252.717,       20.5588
    344,         4,        20,          0.28,      0.24,      0.32,      0.0475,     0.045,        0.05,     28.2111,       2.57719
    345,         5,        20,          0.36,      0.32,       0.4,      0.0475,     0.045,        0.05,     7.74376,      0.595957
    346,         6,        20,          0.44,       0.4,      0.48,      0.0475,     0.045,        0.05,     2.62597,      0.133002
    347,         7,        20,          0.52,      0.48,      0.56,      0.0475,     0.045,        0.05,    0.792043,     0.0516443
    348,         8,        20,           0.6,      0.56,      0.64,      0.0475,     0.045,        0.05,    0.164547,     0.0175541
    349,         9,        20,          0.68,      0.64,      0.72,      0.0475,     0.045,        0.05,   0.0175075,     0.0034053
    350,        10,        20,          0.76,      0.72,       0.8,      0.0475,     0.045,        0.05, 0.000461352,   0.000276172
    351,        11,        20,          0.84,       0.8,      0.88,      0.0475,     0.045,        0.05,           0,             0
    352,        12,        20,          0.92,      0.88,      0.96,      0.0475,     0.045,        0.05,           0,             0
    353,        13,        20,             1,      0.96,      1.04,      0.0475,     0.045,        0.05,           0,             0
    354,        14,        20,          1.08,      1.04,      1.12,      0.0475,     0.045,        0.05,           0,             0
    355,        15,        20,          1.16,      1.12,       1.2,      0.0475,     0.045,        0.05,           0,             0
    358,         1,        21,          0.04,         0,      0.08,      0.0525,      0.05,       0.055,     3717.14,       559.689
    359,         2,        21,          0.12,      0.08,      0.16,      0.0525,      0.05,       0.055,      2439.7,       286.538
    360,         3,        21,           0.2,      0.16,      0.24,      0.0525,      0.05,       0.055,     236.975,       18.9825
    361,         4,        21,          0.28,      0.24,      0.32,      0.0525,      0.05,       0.055,     29.8825,       5.51291
    362,         5,        21,          0.36,      0.32,       0.4,      0.0525,      0.05,       0.055,     8.24374,       1.15379
    363,         6,        21,          0.44,       0.4,      0.48,      0.0525,      0.05,       0.055,     2.48215,      0.131924
    364,         7,        21,          0.52,      0.48,      0.56,      0.0525,      0.05,       0.055,    0.827536,     0.0613764
    365,         8,        21,           0.6,      0.56,      0.64,      0.0525,      0.05,       0.055,    0.169505,     0.0242937
    366,         9,        21,          0.68,      0.64,      0.72,      0.0525,      0.05,       0.055,   0.0128992,    0.00328772
    367,        10,        21,          0.76,      0.72,       0.8,      0.0525,      0.05,       0.055, 0.000376187,      0.000225
    368,        11,        21,          0.84,       0.8,      0.88,      0.0525,      0.05,       0.055,           0,             0
    369,        12,        21,          0.92,      0.88,      0.96,      0.0525,      0.05,       0.055,           0,             0
    370,        13,        21,             1,      0.96,      1.04,      0.0525,      0.05,       0.055,           0,             0
    371,        14,        21,          1.08,      1.04,      1.12,      0.0525,      0.05,       0.055,           0,             0
    372,        15,        21,          1.16,      1.12,       1.2,      0.0525,      0.05,       0.055,           0,             0
    375,         1,        22,          0.04,         0,      0.08,      0.0575,     0.055,        0.06,     2659.02,       463.371
    376,         2,        22,          0.12,      0.08,      0.16,      0.0575,     0.055,        0.06,     2323.85,       249.067
    377,         3,        22,           0.2,      0.16,      0.24,      0.0575,     0.055,        0.06,     229.107,       25.7414
    378,         4,        22,          0.28,      0.24,      0.32,      0.0575,     0.055,        0.06,     22.7077,       1.62075
    379,         5,        22,          0.36,      0.32,       0.4,      0.0575,     0.055,        0.06,     6.29876,      0.516764
    380,         6,        22,          0.44,       0.4,      0.48,      0.0575,     0.055,        0.06,     2.40371,      0.149239
    381,         7,        22,          0.52,      0.48,      0.56,      0.0575,     0.055,        0.06,    0.515559,     0.0411414
    382,         8,        22,           0.6,      0.56,      0.64,      0.0575,     0.055,        0.06,     0.14184,     0.0189547
    383,         9,        22,          0.68,      0.64,      0.72,      0.0575,     0.055,        0.06,  0.00880753,    0.00292852
    384,        10,        22,          0.76,      0.72,       0.8,      0.0575,     0.055,        0.06,           0,             0
    385,        11,        22,          0.84,       0.8,      0.88,      0.0575,     0.055,        0.06,           0,             0
    386,        12,        22,          0.92,      0.88,      0.96,      0.0575,     0.055,        0.06,           0,             0
    387,        13,        22,             1,      0.96,      1.04,      0.0575,     0.055,        0.06,           0,             0
    388,        14,        22,          1.08,      1.04,      1.12,      0.0575,     0.055,        0.06,           0,             0
    389,        15,        22,          1.16,      1.12,       1.2,      0.0575,     0.055,        0.06,           0,             0
    392,         1,        23,          0.04,         0,      0.08,      0.0625,      0.06,       0.065,     2424.54,       420.873
    393,         2,        23,          0.12,      0.08,      0.16,      0.0625,      0.06,       0.065,     2816.22,       313.048
    394,         3,        23,           0.2,      0.16,      0.24,      0.0625,      0.06,       0.065,     237.652,       20.5383
    395,         4,        23,          0.28,      0.24,      0.32,      0.0625,      0.06,       0.065,     27.6004,       3.47497
    396,         5,        23,          0.36,      0.32,       0.4,      0.0625,      0.06,       0.065,     6.01433,      0.827376
    397,         6,        23,          0.44,       0.4,      0.48,      0.0625,      0.06,       0.065,     1.92864,      0.110718
    398,         7,        23,          0.52,      0.48,      0.56,      0.0625,      0.06,       0.065,    0.570906,     0.0492181
    399,         8,        23,           0.6,      0.56,      0.64,      0.0625,      0.06,       0.065,    0.154411,     0.0203895
    400,         9,        23,          0.68,      0.64,      0.72,      0.0625,      0.06,       0.065,   0.0104209,    0.00326931
    401,        10,        23,          0.76,      0.72,       0.8,      0.0625,      0.06,       0.065, 0.000394539,    0.00023683
    402,        11,        23,          0.84,       0.8,      0.88,      0.0625,      0.06,       0.065,           0,             0
    403,        12,        23,          0.92,      0.88,      0.96,      0.0625,      0.06,       0.065,           0,             0
    404,        13,        23,             1,      0.96,      1.04,      0.0625,      0.06,       0.065,           0,             0
    405,        14,        23,          1.08,      1.04,      1.12,      0.0625,      0.06,       0.065,           0,             0
    406,        15,        23,          1.16,      1.12,       1.2,      0.0625,      0.06,       0.065,           0,             0
    409,         1,        24,          0.04,         0,      0.08,      0.0675,     0.065,        0.07,     2038.31,       395.053
    410,         2,        24,          0.12,      0.08,      0.16,      0.0675,     0.065,        0.07,     3434.54,       412.909
    411,         3,        24,           0.2,      0.16,      0.24,      0.0675,     0.065,        0.07,     237.004,        28.397
    412,         4,        24,          0.28,      0.24,      0.32,      0.0675,     0.065,        0.07,     29.8555,       2.63403
    413,         5,        24,          0.36,      0.32,       0.4,      0.0675,     0.065,        0.07,     5.75789,      0.453745
    414,         6,        24,          0.44,       0.4,      0.48,      0.0675,     0.065,        0.07,     2.19029,      0.131864
    415,         7,        24,          0.52,      0.48,      0.56,      0.0675,     0.065,        0.07,    0.564139,     0.0504371
    416,         8,        24,           0.6,      0.56,      0.64,      0.0675,     0.065,        0.07,   0.0779357,     0.0139491
    417,         9,        24,          0.68,      0.64,      0.72,      0.0675,     0.065,        0.07,   0.0166204,    0.00585687
    418,        10,        24,          0.76,      0.72,       0.8,      0.0675,     0.065,        0.07, 0.000819843,   0.000819843
    419,        11,        24,          0.84,       0.8,      0.88,      0.0675,     0.065,        0.07,           0,             0
    420,        12,        24,          0.92,      0.88,      0.96,      0.0675,     0.065,        0.07,           0,             0
    421,        13,        24,             1,      0.96,      1.04,      0.0675,     0.065,        0.07,           0,             0
    422,        14,        24,          1.08,      1.04,      1.12,      0.0675,     0.065,        0.07,           0,             0
    423,        15,        24,          1.16,      1.12,       1.2,      0.0675,     0.065,        0.07,           0,             0
    426,         1,        25,          0.04,         0,      0.08,      0.0725,      0.07,       0.075,     1356.32,       289.721
    427,         2,        25,          0.12,      0.08,      0.16,      0.0725,      0.07,       0.075,     2600.11,       342.805
    428,         3,        25,           0.2,      0.16,      0.24,      0.0725,      0.07,       0.075,     290.703,       27.3468
    429,         4,        25,          0.28,      0.24,      0.32,      0.0725,      0.07,       0.075,     32.9254,       5.06674
    430,         5,        25,          0.36,      0.32,       0.4,      0.0725,      0.07,       0.075,     5.55116,      0.442258
    431,         6,        25,          0.44,       0.4,      0.48,      0.0725,      0.07,       0.075,     1.74459,       0.11213
    432,         7,        25,          0.52,      0.48,      0.56,      0.0725,      0.07,       0.075,    0.542257,     0.0722939
    433,         8,        25,           0.6,      0.56,      0.64,      0.0725,      0.07,       0.075,    0.082732,     0.0137429
    434,         9,        25,          0.68,      0.64,      0.72,      0.0725,      0.07,       0.075,   0.0127415,    0.00448637
    435,        10,        25,          0.76,      0.72,       0.8,      0.0725,      0.07,       0.075, 0.000127711,   0.000127711
    436,        11,        25,          0.84,       0.8,      0.88,      0.0725,      0.07,       0.075,           0,             0
    437,        12,        25,          0.92,      0.88,      0.96,      0.0725,      0.07,       0.075,           0,             0
    438,        13,        25,             1,      0.96,      1.04,      0.0725,      0.07,       0.075,           0,             0
    439,        14,        25,          1.08,      1.04,      1.12,      0.0725,      0.07,       0.075,           0,             0
    440,        15,        25,          1.16,      1.12,       1.2,      0.0725,      0.07,       0.075,           0,             0
    443,         1,        26,          0.04,         0,      0.08,      0.0775,     0.075,        0.08,     1101.91,       329.896
    444,         2,        26,          0.12,      0.08,      0.16,      0.0775,     0.075,        0.08,     2885.29,       372.141
    445,         3,        26,           0.2,      0.16,      0.24,      0.0775,     0.075,        0.08,     245.174,       26.2954
    446,         4,        26,          0.28,      0.24,      0.32,      0.0775,     0.075,        0.08,     25.1185,       2.18079
    447,         5,        26,          0.36,      0.32,       0.4,      0.0775,     0.075,        0.08,     5.82514,       1.09818
    448,         6,        26,          0.44,       0.4,      0.48,      0.0775,     0.075,        0.08,     1.67053,      0.125332
    449,         7,        26,          0.52,      0.48,      0.56,      0.0775,     0.075,        0.08,    0.517997,     0.0511397
    450,         8,        26,           0.6,      0.56,      0.64,      0.0775,     0.075,        0.08,   0.0741449,      0.014415
    451,         9,        26,          0.68,      0.64,      0.72,      0.0775,     0.075,        0.08,   0.0106967,    0.00327247
    452,        10,        26,          0.76,      0.72,       0.8,      0.0775,     0.075,        0.08, 0.000143768,   0.000143768
    453,        11,        26,          0.84,       0.8,      0.88,      0.0775,     0.075,        0.08,           0,             0
    454,        12,        26,          0.92,      0.88,      0.96,      0.0775,     0.075,        0.08,           0,             0
    455,        13,        26,             1,      0.96,      1.04,      0.0775,     0.075,        0.08,           0,             0
    456,        14,        26,          1.08,      1.04,      1.12,      0.0775,     0.075,        0.08,           0,             0
    457,        15,        26,          1.16,      1.12,       1.2,      0.0775,     0.075,        0.08,           0,             0
    460,         1,        27,          0.04,         0,      0.08,      0.0825,      0.08,       0.085,     747.883,       205.024
    461,         2,        27,          0.12,      0.08,      0.16,      0.0825,      0.08,       0.085,     3326.45,        429.95
    462,         3,        27,           0.2,      0.16,      0.24,      0.0825,      0.08,       0.085,     363.762,       47.6297
    463,         4,        27,          0.28,      0.24,      0.32,      0.0825,      0.08,       0.085,       26.47,       2.61451
    464,         5,        27,          0.36,      0.32,       0.4,      0.0825,      0.08,       0.085,     5.25111,      0.446453
    465,         6,        27,          0.44,       0.4,      0.48,      0.0825,      0.08,       0.085,      1.6807,        0.1536
    466,         7,        27,          0.52,      0.48,      0.56,      0.0825,      0.08,       0.085,    0.418173,     0.0431311
    467,         8,        27,           0.6,      0.56,      0.64,      0.0825,      0.08,       0.085,   0.0865453,     0.0173914
    468,         9,        27,          0.68,      0.64,      0.72,      0.0825,      0.08,       0.085,    0.013835,    0.00404625
    469,        10,        27,          0.76,      0.72,       0.8,      0.0825,      0.08,       0.085,           0,             0
    470,        11,        27,          0.84,       0.8,      0.88,      0.0825,      0.08,       0.085,           0,             0
    471,        12,        27,          0.92,      0.88,      0.96,      0.0825,      0.08,       0.085,           0,             0
    472,        13,        27,             1,      0.96,      1.04,      0.0825,      0.08,       0.085,           0,             0
    473,        14,        27,          1.08,      1.04,      1.12,      0.0825,      0.08,       0.085,           0,             0
    474,        15,        27,          1.16,      1.12,       1.2,      0.0825,      0.08,       0.085,           0,             0
    477,         1,        28,          0.04,         0,      0.08,      0.0875,     0.085,        0.09,     668.517,       200.534
    478,         2,        28,          0.12,      0.08,      0.16,      0.0875,     0.085,        0.09,     3065.55,       421.375
    479,         3,        28,           0.2,      0.16,      0.24,      0.0875,     0.085,        0.09,     348.575,       44.1469
    480,         4,        28,          0.28,      0.24,      0.32,      0.0875,     0.085,        0.09,     25.9418,       2.37198
    481,         5,        28,          0.36,      0.32,       0.4,      0.0875,     0.085,        0.09,     4.37403,      0.313159
    482,         6,        28,          0.44,       0.4,      0.48,      0.0875,     0.085,        0.09,     1.65142,      0.119828
    483,         7,        28,          0.52,      0.48,      0.56,      0.0875,     0.085,        0.09,    0.511178,     0.0502238
    484,         8,        28,           0.6,      0.56,      0.64,      0.0875,     0.085,        0.09,    0.120834,     0.0203133
    485,         9,        28,          0.68,      0.64,      0.72,      0.0875,     0.085,        0.09,   0.0204397,    0.00702186
    486,        10,        28,          0.76,      0.72,       0.8,      0.0875,     0.085,        0.09,           0,             0
    487,        11,        28,          0.84,       0.8,      0.88,      0.0875,     0.085,        0.09,           0,             0
    488,        12,        28,          0.92,      0.88,      0.96,      0.0875,     0.085,        0.09,           0,             0
    489,        13,        28,             1,      0.96,      1.04,      0.0875,     0.085,        0.09,           0,             0
    490,        14,        28,          1.08,      1.04,      1.12,      0.0875,     0.085,        0.09,           0,             0
    491,        15,        28,          1.16,      1.12,       1.2,      0.0875,     0.085,        0.09,           0,             0
    494,         1,        29,          0.04,         0,      0.08,      0.0925,      0.09,       0.095,     395.373,       150.482
    495,         2,        29,          0.12,      0.08,      0.16,      0.0925,      0.09,       0.095,     2944.23,        390.19
    496,         3,        29,           0.2,      0.16,      0.24,      0.0925,      0.09,       0.095,     406.557,       46.6411
    497,         4,        29,          0.28,      0.24,      0.32,      0.0925,      0.09,       0.095,     39.6201,       7.15028
    498,         5,        29,          0.36,      0.32,       0.4,      0.0925,      0.09,       0.095,     5.05507,      0.497088
    499,         6,        29,          0.44,       0.4,      0.48,      0.0925,      0.09,       0.095,     1.56603,      0.111638
    500,         7,        29,          0.52,      0.48,      0.56,      0.0925,      0.09,       0.095,    0.570419,     0.0965882
    501,         8,        29,           0.6,      0.56,      0.64,      0.0925,      0.09,       0.095,    0.120128,     0.0206432
    502,         9,        29,          0.68,      0.64,      0.72,      0.0925,      0.09,       0.095,  0.00946383,    0.00366067
    503,        10,        29,          0.76,      0.72,       0.8,      0.0925,      0.09,       0.095, 0.000154859,   0.000154859
    504,        11,        29,          0.84,       0.8,      0.88,      0.0925,      0.09,       0.095,           0,             0
    505,        12,        29,          0.92,      0.88,      0.96,      0.0925,      0.09,       0.095,           0,             0
    506,        13,        29,             1,      0.96,      1.04,      0.0925,      0.09,       0.095,           0,             0
    507,        14,        29,          1.08,      1.04,      1.12,      0.0925,      0.09,       0.095,           0,             0
    508,        15,        29,          1.16,      1.12,       1.2,      0.0925,      0.09,       0.095,           0,             0
    511,         1,        30,          0.04,         0,      0.08,      0.0975,     0.095,         0.1,     444.679,       161.396
    512,         2,        30,          0.12,      0.08,      0.16,      0.0975,     0.095,         0.1,     2829.82,       364.063
    513,         3,        30,           0.2,      0.16,      0.24,      0.0975,     0.095,         0.1,     446.191,       53.4825
    514,         4,        30,          0.28,      0.24,      0.32,      0.0975,     0.095,         0.1,     37.9025,       5.54073
    515,         5,        30,          0.36,      0.32,       0.4,      0.0975,     0.095,         0.1,     5.54306,      0.595478
    516,         6,        30,          0.44,       0.4,      0.48,      0.0975,     0.095,         0.1,     1.58128,      0.220123
    517,         7,        30,          0.52,      0.48,      0.56,      0.0975,     0.095,         0.1,    0.472356,     0.0490486
    518,         8,        30,           0.6,      0.56,      0.64,      0.0975,     0.095,         0.1,    0.103244,      0.018604
    519,         9,        30,          0.68,      0.64,      0.72,      0.0975,     0.095,         0.1,   0.0104831,    0.00469309
    520,        10,        30,          0.76,      0.72,       0.8,      0.0975,     0.095,         0.1, 0.000743253,   0.000437627
    521,        11,        30,          0.84,       0.8,      0.88,      0.0975,     0.095,         0.1,           0,             0
    522,        12,        30,          0.92,      0.88,      0.96,      0.0975,     0.095,         0.1,           0,             0
    523,        13,        30,             1,      0.96,      1.04,      0.0975,     0.095,         0.1,           0,             0
    524,        14,        30,          1.08,      1.04,      1.12,      0.0975,     0.095,         0.1,           0,             0
    525,        15,        30,          1.16,      1.12,       1.2,      0.0975,     0.095,         0.1,           0,             0
    528,         1,        31,          0.04,         0,      0.08,      0.1025,       0.1,       0.105,     17.4841,       12.5072
    529,         2,        31,          0.12,      0.08,      0.16,      0.1025,       0.1,       0.105,     2559.36,       375.222
    530,         3,        31,           0.2,      0.16,      0.24,      0.1025,       0.1,       0.105,     430.736,       53.7095
    531,         4,        31,          0.28,      0.24,      0.32,      0.1025,       0.1,       0.105,     34.1364,       4.41519
    532,         5,        31,          0.36,      0.32,       0.4,      0.1025,       0.1,       0.105,     4.60852,      0.484583
    533,         6,        31,          0.44,       0.4,      0.48,      0.1025,       0.1,       0.105,     1.25461,      0.105332
    534,         7,        31,          0.52,      0.48,      0.56,      0.1025,       0.1,       0.105,     0.46339,     0.0472031
    535,         8,        31,           0.6,      0.56,      0.64,      0.1025,       0.1,       0.105,    0.145965,     0.0235009
    536,         9,        31,          0.68,      0.64,      0.72,      0.1025,       0.1,       0.105,    0.010917,    0.00476179
    537,        10,        31,          0.76,      0.72,       0.8,      0.1025,       0.1,       0.105,  0.00388406,    0.00254921
    538,        11,        31,          0.84,       0.8,      0.88,      0.1025,       0.1,       0.105,           0,             0
    539,        12,        31,          0.92,      0.88,      0.96,      0.1025,       0.1,       0.105,           0,             0
    540,        13,        31,             1,      0.96,      1.04,      0.1025,       0.1,       0.105,           0,             0
    541,        14,        31,          1.08,      1.04,      1.12,      0.1025,       0.1,       0.105,           0,             0
    542,        15,        31,          1.16,      1.12,       1.2,      0.1025,       0.1,       0.105,           0,             0
    545,         1,        32,          0.04,         0,      0.08,      0.1075,     0.105,        0.11,     49.6944,        37.719
    546,         2,        32,          0.12,      0.08,      0.16,      0.1075,     0.105,        0.11,     2482.72,       386.462
    547,         3,        32,           0.2,      0.16,      0.24,      0.1075,     0.105,        0.11,     618.247,       79.4904
    548,         4,        32,          0.28,      0.24,      0.32,      0.1075,     0.105,        0.11,     37.2874,       6.43864
    549,         5,        32,          0.36,      0.32,       0.4,      0.1075,     0.105,        0.11,      5.2572,        1.1707
    550,         6,        32,          0.44,       0.4,      0.48,      0.1075,     0.105,        0.11,     1.27666,      0.105839
    551,         7,        32,          0.52,      0.48,      0.56,      0.1075,     0.105,        0.11,    0.538712,     0.0545522
    552,         8,        32,           0.6,      0.56,      0.64,      0.1075,     0.105,        0.11,    0.118716,     0.0221456
    553,         9,        32,          0.68,      0.64,      0.72,      0.1075,     0.105,        0.11,     0.02559,     0.0073797
    554,        10,        32,          0.76,      0.72,       0.8,      0.1075,     0.105,        0.11,  0.00112582,   0.000871698
    555,        11,        32,          0.84,       0.8,      0.88,      0.1075,     0.105,        0.11,           0,             0
    556,        12,        32,          0.92,      0.88,      0.96,      0.1075,     0.105,        0.11,           0,             0
    557,        13,        32,             1,      0.96,      1.04,      0.1075,     0.105,        0.11,           0,             0
    558,        14,        32,          1.08,      1.04,      1.12,      0.1075,     0.105,        0.11,           0,             0
    559,        15,        32,          1.16,      1.12,       1.2,      0.1075,     0.105,        0.11,           0,             0
    562,         1,        33,          0.04,         0,      0.08,      0.1125,      0.11,       0.115,     76.5407,       44.7082
    563,         2,        33,          0.12,      0.08,      0.16,      0.1125,      0.11,       0.115,     2721.32,       408.033
    564,         3,        33,           0.2,      0.16,      0.24,      0.1125,      0.11,       0.115,     662.123,       79.8901
    565,         4,        33,          0.28,      0.24,      0.32,      0.1125,      0.11,       0.115,     52.2686,       9.31562
    566,         5,        33,          0.36,      0.32,       0.4,      0.1125,      0.11,       0.115,     6.26292,      0.648421
    567,         6,        33,          0.44,       0.4,      0.48,      0.1125,      0.11,       0.115,     1.44134,      0.122638
    568,         7,        33,          0.52,      0.48,      0.56,      0.1125,      0.11,       0.115,    0.431815,     0.0527924
    569,         8,        33,           0.6,      0.56,      0.64,      0.1125,      0.11,       0.115,   0.0884055,     0.0153939
    570,         9,        33,          0.68,      0.64,      0.72,      0.1125,      0.11,       0.115,  0.00873068,    0.00411367
    571,        10,        33,          0.76,      0.72,       0.8,      0.1125,      0.11,       0.115, 0.000601607,   0.000316079
    572,        11,        33,          0.84,       0.8,      0.88,      0.1125,      0.11,       0.115,           0,             0
    573,        12,        33,          0.92,      0.88,      0.96,      0.1125,      0.11,       0.115,           0,             0
    574,        13,        33,             1,      0.96,      1.04,      0.1125,      0.11,       0.115,           0,             0
    575,        14,        33,          1.08,      1.04,      1.12,      0.1125,      0.11,       0.115,           0,             0
    576,        15,        33,          1.16,      1.12,       1.2,      0.1125,      0.11,       0.115,           0,             0
    579,         1,        34,          0.04,         0,      0.08,      0.1175,     0.115,        0.12,     48.6563,       28.8417
    580,         2,        34,          0.12,      0.08,      0.16,      0.1175,     0.115,        0.12,     2704.76,       398.531
    581,         3,        34,           0.2,      0.16,      0.24,      0.1175,     0.115,        0.12,      725.86,       78.0594
    582,         4,        34,          0.28,      0.24,      0.32,      0.1175,     0.115,        0.12,     52.8131,       7.88993
    583,         5,        34,          0.36,      0.32,       0.4,      0.1175,     0.115,        0.12,     5.95568,      0.733017
    584,         6,        34,          0.44,       0.4,      0.48,      0.1175,     0.115,        0.12,     1.80119,      0.505661
    585,         7,        34,          0.52,      0.48,      0.56,      0.1175,     0.115,        0.12,    0.434878,     0.0523894
    586,         8,        34,           0.6,      0.56,      0.64,      0.1175,     0.115,        0.12,    0.124035,     0.0222181
    587,         9,        34,          0.68,      0.64,      0.72,      0.1175,     0.115,        0.12,   0.0177182,    0.00808449
    588,        10,        34,          0.76,      0.72,       0.8,      0.1175,     0.115,        0.12,  0.00393577,    0.00278911
    589,        11,        34,          0.84,       0.8,      0.88,      0.1175,     0.115,        0.12,           0,             0
    590,        12,        34,          0.92,      0.88,      0.96,      0.1175,     0.115,        0.12,           0,             0
    591,        13,        34,             1,      0.96,      1.04,      0.1175,     0.115,        0.12,           0,             0
    592,        14,        34,          1.08,      1.04,      1.12,      0.1175,     0.115,        0.12,           0,             0
    593,        15,        34,          1.16,      1.12,       1.2,      0.1175,     0.115,        0.12,           0,             0
    596,         1,        35,          0.04,         0,      0.08,      0.1225,      0.12,       0.125,           0,             0
    597,         2,        35,          0.12,      0.08,      0.16,      0.1225,      0.12,       0.125,     1500.94,        242.79
    598,         3,        35,           0.2,      0.16,      0.24,      0.1225,      0.12,       0.125,     868.003,       146.898
    599,         4,        35,          0.28,      0.24,      0.32,      0.1225,      0.12,       0.125,     62.3433,       14.8491
    600,         5,        35,          0.36,      0.32,       0.4,      0.1225,      0.12,       0.125,     5.15479,      0.492947
    601,         6,        35,          0.44,       0.4,      0.48,      0.1225,      0.12,       0.125,     1.37697,      0.135646
    602,         7,        35,          0.52,      0.48,      0.56,      0.1225,      0.12,       0.125,     0.48104,     0.0529601
    603,         8,        35,           0.6,      0.56,      0.64,      0.1225,      0.12,       0.125,    0.102622,     0.0182786
    604,         9,        35,          0.68,      0.64,      0.72,      0.1225,      0.12,       0.125,   0.0309365,    0.00872474
    605,        10,        35,          0.76,      0.72,       0.8,      0.1225,      0.12,       0.125,     0.00287,    0.00132332
    606,        11,        35,          0.84,       0.8,      0.88,      0.1225,      0.12,       0.125,           0,             0
    607,        12,        35,          0.92,      0.88,      0.96,      0.1225,      0.12,       0.125,           0,             0
    608,        13,        35,             1,      0.96,      1.04,      0.1225,      0.12,       0.125,           0,             0
    609,        14,        35,          1.08,      1.04,      1.12,      0.1225,      0.12,       0.125,           0,             0
    610,        15,        35,          1.16,      1.12,       1.2,      0.1225,      0.12,       0.125,           0,             0
    613,         1,        36,          0.04,         0,      0.08,      0.1275,     0.125,        0.13,           0,             0
    614,         2,        36,          0.12,      0.08,      0.16,      0.1275,     0.125,        0.13,     1885.35,       347.565
    615,         3,        36,           0.2,      0.16,      0.24,      0.1275,     0.125,        0.13,     986.799,       138.898
    616,         4,        36,          0.28,      0.24,      0.32,      0.1275,     0.125,        0.13,     79.9211,       15.7283
    617,         5,        36,          0.36,      0.32,       0.4,      0.1275,     0.125,        0.13,      7.8709,       2.71018
    618,         6,        36,          0.44,       0.4,      0.48,      0.1275,     0.125,        0.13,     1.56837,      0.146318
    619,         7,        36,          0.52,      0.48,      0.56,      0.1275,     0.125,        0.13,    0.391389,     0.0488797
    620,         8,        36,           0.6,      0.56,      0.64,      0.1275,     0.125,        0.13,   0.0891122,     0.0166704
    621,         9,        36,          0.68,      0.64,      0.72,      0.1275,     0.125,        0.13,   0.0254858,    0.00860188
    622,        10,        36,          0.76,      0.72,       0.8,      0.1275,     0.125,        0.13,  0.00548924,    0.00386133
    623,        11,        36,          0.84,       0.8,      0.88,      0.1275,     0.125,        0.13,           0,             0
    624,        12,        36,          0.92,      0.88,      0.96,      0.1275,     0.125,        0.13,           0,             0
    625,        13,        36,             1,      0.96,      1.04,      0.1275,     0.125,        0.13,           0,             0
    626,        14,        36,          1.08,      1.04,      1.12,      0.1275,     0.125,        0.13,           0,             0
    627,        15,        36,          1.16,      1.12,       1.2,      0.1275,     0.125,        0.13,           0,             0
    630,         1,        37,          0.04,         0,      0.08,      0.1325,      0.13,       0.135,           0,             0
    631,         2,        37,          0.12,      0.08,      0.16,      0.1325,      0.13,       0.135,      1632.9,       348.798
    632,         3,        37,           0.2,      0.16,      0.24,      0.1325,      0.13,       0.135,     1089.91,       158.295
    633,         4,        37,          0.28,      0.24,      0.32,      0.1325,      0.13,       0.135,     58.6895,       7.42052
    634,         5,        37,          0.36,      0.32,       0.4,      0.1325,      0.13,       0.135,     8.61357,        1.2335
    635,         6,        37,          0.44,       0.4,      0.48,      0.1325,      0.13,       0.135,     1.42034,      0.137284
    636,         7,        37,          0.52,      0.48,      0.56,      0.1325,      0.13,       0.135,    0.466772,     0.0576936
    637,         8,        37,           0.6,      0.56,      0.64,      0.1325,      0.13,       0.135,    0.118603,     0.0239653
    638,         9,        37,          0.68,      0.64,      0.72,      0.1325,      0.13,       0.135,   0.0237912,    0.00872481
    639,        10,        37,          0.76,      0.72,       0.8,      0.1325,      0.13,       0.135, 0.000324122,   0.000238828
    640,        11,        37,          0.84,       0.8,      0.88,      0.1325,      0.13,       0.135,           0,             0
    641,        12,        37,          0.92,      0.88,      0.96,      0.1325,      0.13,       0.135,           0,             0
    642,        13,        37,             1,      0.96,      1.04,      0.1325,      0.13,       0.135,           0,             0
    643,        14,        37,          1.08,      1.04,      1.12,      0.1325,      0.13,       0.135,           0,             0
    644,        15,        37,          1.16,      1.12,       1.2,      0.1325,      0.13,       0.135,           0,             0
    647,         1,        38,          0.04,         0,      0.08,      0.1375,     0.135,        0.14,           0,             0
    648,         2,        38,          0.12,      0.08,      0.16,      0.1375,     0.135,        0.14,     1110.25,       227.675
    649,         3,        38,           0.2,      0.16,      0.24,      0.1375,     0.135,        0.14,      1055.1,        161.58
    650,         4,        38,          0.28,      0.24,      0.32,      0.1375,     0.135,        0.14,     81.3817,       13.1205
    651,         5,        38,          0.36,      0.32,       0.4,      0.1375,     0.135,        0.14,     6.97875,      0.925012
    652,         6,        38,          0.44,       0.4,      0.48,      0.1375,     0.135,        0.14,     1.53035,      0.143956
    653,         7,        38,          0.52,      0.48,      0.56,      0.1375,     0.135,        0.14,    0.523106,     0.0606634
    654,         8,        38,           0.6,      0.56,      0.64,      0.1375,     0.135,        0.14,     0.11091,     0.0193156
    655,         9,        38,          0.68,      0.64,      0.72,      0.1375,     0.135,        0.14,    0.022031,     0.0081291
    656,        10,        38,          0.76,      0.72,       0.8,      0.1375,     0.135,        0.14,  0.00514414,    0.00315449
    657,        11,        38,          0.84,       0.8,      0.88,      0.1375,     0.135,        0.14,           0,             0
    658,        12,        38,          0.92,      0.88,      0.96,      0.1375,     0.135,        0.14,           0,             0
    659,        13,        38,             1,      0.96,      1.04,      0.1375,     0.135,        0.14,           0,             0
    660,        14,        38,          1.08,      1.04,      1.12,      0.1375,     0.135,        0.14,           0,             0
    661,        15,        38,          1.16,      1.12,       1.2,      0.1375,     0.135,        0.14,           0,             0
    664,         1,        39,          0.04,         0,      0.08,      0.1425,      0.14,       0.145,           0,             0
    665,         2,        39,          0.12,      0.08,      0.16,      0.1425,      0.14,       0.145,     1039.49,       261.365
    666,         3,        39,           0.2,      0.16,      0.24,      0.1425,      0.14,       0.145,     840.329,       132.867
    667,         4,        39,          0.28,      0.24,      0.32,      0.1425,      0.14,       0.145,       82.98,       9.20923
    668,         5,        39,          0.36,      0.32,       0.4,      0.1425,      0.14,       0.145,     8.77157,        1.4232
    669,         6,        39,          0.44,       0.4,      0.48,      0.1425,      0.14,       0.145,     1.63684,      0.213723
    670,         7,        39,          0.52,      0.48,      0.56,      0.1425,      0.14,       0.145,    0.522827,     0.0595401
    671,         8,        39,           0.6,      0.56,      0.64,      0.1425,      0.14,       0.145,    0.112241,     0.0222206
    672,         9,        39,          0.68,      0.64,      0.72,      0.1425,      0.14,       0.145,   0.0538637,     0.0157011
    673,        10,        39,          0.76,      0.72,       0.8,      0.1425,      0.14,       0.145,  0.00154033,    0.00135745
    674,        11,        39,          0.84,       0.8,      0.88,      0.1425,      0.14,       0.145,           0,             0
    675,        12,        39,          0.92,      0.88,      0.96,      0.1425,      0.14,       0.145,           0,             0
    676,        13,        39,             1,      0.96,      1.04,      0.1425,      0.14,       0.145,           0,             0
    677,        14,        39,          1.08,      1.04,      1.12,      0.1425,      0.14,       0.145,           0,             0
    678,        15,        39,          1.16,      1.12,       1.2,      0.1425,      0.14,       0.145,           0,             0
    681,         1,        40,          0.04,         0,      0.08,      0.1475,     0.145,        0.15,           0,             0
    682,         2,        40,          0.12,      0.08,      0.16,      0.1475,     0.145,        0.15,     1063.61,       232.149
    683,         3,        40,           0.2,      0.16,      0.24,      0.1475,     0.145,        0.15,     934.309,       126.418
    684,         4,        40,          0.28,      0.24,      0.32,      0.1475,     0.145,        0.15,     101.704,       10.7572
    685,         5,        40,          0.36,      0.32,       0.4,      0.1475,     0.145,        0.15,     10.0295,       2.07498
    686,         6,        40,          0.44,       0.4,      0.48,      0.1475,     0.145,        0.15,     1.73585,      0.188123
    687,         7,        40,          0.52,      0.48,      0.56,      0.1475,     0.145,        0.15,    0.477665,      0.053663
    688,         8,        40,           0.6,      0.56,      0.64,      0.1475,     0.145,        0.15,     0.12879,     0.0230473
    689,         9,        40,          0.68,      0.64,      0.72,      0.1475,     0.145,        0.15,   0.0228131,    0.00737324
    690,        10,        40,          0.76,      0.72,       0.8,      0.1475,     0.145,        0.15, 0.000808235,   0.000500527
    691,        11,        40,          0.84,       0.8,      0.88,      0.1475,     0.145,        0.15,           0,             0
    692,        12,        40,          0.92,      0.88,      0.96,      0.1475,     0.145,        0.15,           0,             0
    693,        13,        40,             1,      0.96,      1.04,      0.1475,     0.145,        0.15,           0,             0
    694,        14,        40,          1.08,      1.04,      1.12,      0.1475,     0.145,        0.15,           0,             0
    695,        15,        40,          1.16,      1.12,       1.2,      0.1475,     0.145,        0.15,           0,             0
    698,         1,        41,          0.04,         0,      0.08,      0.1525,      0.15,       0.155,           0,             0
    699,         2,        41,          0.12,      0.08,      0.16,      0.1525,      0.15,       0.155,     718.528,         227.7
    700,         3,        41,           0.2,      0.16,      0.24,      0.1525,      0.15,       0.155,     2011.61,       309.729
    701,         4,        41,          0.28,      0.24,      0.32,      0.1525,      0.15,       0.155,     222.677,        41.678
    702,         5,        41,          0.36,      0.32,       0.4,      0.1525,      0.15,       0.155,     11.3664,         2.037
    703,         6,        41,          0.44,       0.4,      0.48,      0.1525,      0.15,       0.155,      1.9827,      0.189184
    704,         7,        41,          0.52,      0.48,      0.56,      0.1525,      0.15,       0.155,    0.521596,     0.0636171
    705,         8,        41,           0.6,      0.56,      0.64,      0.1525,      0.15,       0.155,    0.196299,     0.0319843
    706,         9,        41,          0.68,      0.64,      0.72,      0.1525,      0.15,       0.155,   0.0407046,     0.0129033
    707,        10,        41,          0.76,      0.72,       0.8,      0.1525,      0.15,       0.155,  0.00174472,    0.00123594
    708,        11,        41,          0.84,       0.8,      0.88,      0.1525,      0.15,       0.155,           0,             0
    709,        12,        41,          0.92,      0.88,      0.96,      0.1525,      0.15,       0.155,           0,             0
    710,        13,        41,             1,      0.96,      1.04,      0.1525,      0.15,       0.155,           0,             0
    711,        14,        41,          1.08,      1.04,      1.12,      0.1525,      0.15,       0.155,           0,             0
    712,        15,        41,          1.16,      1.12,       1.2,      0.1525,      0.15,       0.155,           0,             0
    715,         1,        42,          0.04,         0,      0.08,      0.1575,     0.155,        0.16,           0,             0
    716,         2,        42,          0.12,      0.08,      0.16,      0.1575,     0.155,        0.16,      844.07,       234.177
    717,         3,        42,           0.2,      0.16,      0.24,      0.1575,     0.155,        0.16,     1621.24,       276.376
    718,         4,        42,          0.28,      0.24,      0.32,      0.1575,     0.155,        0.16,      133.29,       19.4656
    719,         5,        42,          0.36,      0.32,       0.4,      0.1575,     0.155,        0.16,     12.6682,        2.2119
    720,         6,        42,          0.44,       0.4,      0.48,      0.1575,     0.155,        0.16,     2.02582,      0.266672
    721,         7,        42,          0.52,      0.48,      0.56,      0.1575,     0.155,        0.16,    0.441661,     0.0504504
    722,         8,        42,           0.6,      0.56,      0.64,      0.1575,     0.155,        0.16,    0.148531,     0.0285693
    723,         9,        42,          0.68,      0.64,      0.72,      0.1575,     0.155,        0.16,   0.0295563,    0.00896155
    724,        10,        42,          0.76,      0.72,       0.8,      0.1575,     0.155,        0.16,  0.00270677,    0.00193813
    725,        11,        42,          0.84,       0.8,      0.88,      0.1575,     0.155,        0.16,           0,             0
    726,        12,        42,          0.92,      0.88,      0.96,      0.1575,     0.155,        0.16,           0,             0
    727,        13,        42,             1,      0.96,      1.04,      0.1575,     0.155,        0.16,           0,             0
    728,        14,        42,          1.08,      1.04,      1.12,      0.1575,     0.155,        0.16,           0,             0
    729,        15,        42,          1.16,      1.12,       1.2,      0.1575,     0.155,        0.16,           0,             0
    732,         1,        43,          0.04,         0,      0.08,      0.1625,      0.16,       0.165,           0,             0
    733,         2,        43,          0.12,      0.08,      0.16,      0.1625,      0.16,       0.165,     594.828,       203.424
    734,         3,        43,           0.2,      0.16,      0.24,      0.1625,      0.16,       0.165,     1507.67,       251.975
    735,         4,        43,          0.28,      0.24,      0.32,      0.1625,      0.16,       0.165,      149.22,        22.039
    736,         5,        43,          0.36,      0.32,       0.4,      0.1625,      0.16,       0.165,     10.0844,       1.09616
    737,         6,        43,          0.44,       0.4,      0.48,      0.1625,      0.16,       0.165,      1.7113,        0.1645
    738,         7,        43,          0.52,      0.48,      0.56,      0.1625,      0.16,       0.165,    0.527997,     0.0589035
    739,         8,        43,           0.6,      0.56,      0.64,      0.1625,      0.16,       0.165,    0.133508,     0.0244535
    740,         9,        43,          0.68,      0.64,      0.72,      0.1625,      0.16,       0.165,   0.0261381,    0.00800776
    741,        10,        43,          0.76,      0.72,       0.8,      0.1625,      0.16,       0.165,  0.00570609,    0.00273331
    742,        11,        43,          0.84,       0.8,      0.88,      0.1625,      0.16,       0.165,           0,             0
    743,        12,        43,          0.92,      0.88,      0.96,      0.1625,      0.16,       0.165,           0,             0
    744,        13,        43,             1,      0.96,      1.04,      0.1625,      0.16,       0.165,           0,             0
    745,        14,        43,          1.08,      1.04,      1.12,      0.1625,      0.16,       0.165,           0,             0
    746,        15,        43,          1.16,      1.12,       1.2,      0.1625,      0.16,       0.165,           0,             0
    749,         1,        44,          0.04,         0,      0.08,      0.1675,     0.165,        0.17,           0,             0
    750,         2,        44,          0.12,      0.08,      0.16,      0.1675,     0.165,        0.17,     292.726,       87.3556
    751,         3,        44,           0.2,      0.16,      0.24,      0.1675,     0.165,        0.17,     1994.07,       335.225
    752,         4,        44,          0.28,      0.24,      0.32,      0.1675,     0.165,        0.17,     273.295,       61.9362
    753,         5,        44,          0.36,      0.32,       0.4,      0.1675,     0.165,        0.17,     18.6044,       3.09053
    754,         6,        44,          0.44,       0.4,      0.48,      0.1675,     0.165,        0.17,      2.0962,      0.287205
    755,         7,        44,          0.52,      0.48,      0.56,      0.1675,     0.165,        0.17,    0.655757,     0.0901695
    756,         8,        44,           0.6,      0.56,      0.64,      0.1675,     0.165,        0.17,     0.14963,     0.0267233
    757,         9,        44,          0.68,      0.64,      0.72,      0.1675,     0.165,        0.17,   0.0208387,    0.00629249
    758,        10,        44,          0.76,      0.72,       0.8,      0.1675,     0.165,        0.17,  0.00306583,    0.00160456
    759,        11,        44,          0.84,       0.8,      0.88,      0.1675,     0.165,        0.17,           0,             0
    760,        12,        44,          0.92,      0.88,      0.96,      0.1675,     0.165,        0.17,           0,             0
    761,        13,        44,             1,      0.96,      1.04,      0.1675,     0.165,        0.17,           0,             0
    762,        14,        44,          1.08,      1.04,      1.12,      0.1675,     0.165,        0.17,           0,             0
    763,        15,        44,          1.16,      1.12,       1.2,      0.1675,     0.165,        0.17,           0,             0
    766,         1,        45,          0.04,         0,      0.08,      0.1725,      0.17,       0.175,           0,             0
    767,         2,        45,          0.12,      0.08,      0.16,      0.1725,      0.17,       0.175,     105.768,       56.7393
    768,         3,        45,           0.2,      0.16,      0.24,      0.1725,      0.17,       0.175,     1462.32,       255.289
    769,         4,        45,          0.28,      0.24,      0.32,      0.1725,      0.17,       0.175,     253.571,       39.7752
    770,         5,        45,          0.36,      0.32,       0.4,      0.1725,      0.17,       0.175,     11.8087,       1.43183
    771,         6,        45,          0.44,       0.4,      0.48,      0.1725,      0.17,       0.175,     1.54706,      0.212507
    772,         7,        45,          0.52,      0.48,      0.56,      0.1725,      0.17,       0.175,    0.594813,       0.06532
    773,         8,        45,           0.6,      0.56,      0.64,      0.1725,      0.17,       0.175,    0.116261,     0.0190231
    774,         9,        45,          0.68,      0.64,      0.72,      0.1725,      0.17,       0.175,   0.0269073,    0.00747157
    775,        10,        45,          0.76,      0.72,       0.8,      0.1725,      0.17,       0.175,  0.00152805,    0.00131024
    776,        11,        45,          0.84,       0.8,      0.88,      0.1725,      0.17,       0.175,           0,             0
    777,        12,        45,          0.92,      0.88,      0.96,      0.1725,      0.17,       0.175,           0,             0
    778,        13,        45,             1,      0.96,      1.04,      0.1725,      0.17,       0.175,           0,             0
    779,        14,        45,          1.08,      1.04,      1.12,      0.1725,      0.17,       0.175,           0,             0
    780,        15,        45,          1.16,      1.12,       1.2,      0.1725,      0.17,       0.175,           0,             0
    783,         1,        46,          0.04,         0,      0.08,      0.1775,     0.175,        0.18,           0,             0
    784,         2,        46,          0.12,      0.08,      0.16,      0.1775,     0.175,        0.18,     235.691,       123.613
    785,         3,        46,           0.2,      0.16,      0.24,      0.1775,     0.175,        0.18,     2562.39,       404.699
    786,         4,        46,          0.28,      0.24,      0.32,      0.1775,     0.175,        0.18,     299.846,       54.2681
    787,         5,        46,          0.36,      0.32,       0.4,      0.1775,     0.175,        0.18,     28.2844,       7.14282
    788,         6,        46,          0.44,       0.4,      0.48,      0.1775,     0.175,        0.18,     3.23266,      0.517329
    789,         7,        46,          0.52,      0.48,      0.56,      0.1775,     0.175,        0.18,    0.603896,     0.0682996
    790,         8,        46,           0.6,      0.56,      0.64,      0.1775,     0.175,        0.18,    0.144575,     0.0249328
    791,         9,        46,          0.68,      0.64,      0.72,      0.1775,     0.175,        0.18,   0.0386623,     0.0113416
    792,        10,        46,          0.76,      0.72,       0.8,      0.1775,     0.175,        0.18, 0.000688795,   0.000564057
    793,        11,        46,          0.84,       0.8,      0.88,      0.1775,     0.175,        0.18, 0.000997616,   0.000997616
    794,        12,        46,          0.92,      0.88,      0.96,      0.1775,     0.175,        0.18,           0,             0
    795,        13,        46,             1,      0.96,      1.04,      0.1775,     0.175,        0.18,           0,             0
    796,        14,        46,          1.08,      1.04,      1.12,      0.1775,     0.175,        0.18,           0,             0
    797,        15,        46,          1.16,      1.12,       1.2,      0.1775,     0.175,        0.18,           0,             0
    800,         1,        47,          0.04,         0,      0.08,      0.1825,      0.18,       0.185,           0,             0
    801,         2,        47,          0.12,      0.08,      0.16,      0.1825,      0.18,       0.185,     59.2832,       34.4873
    802,         3,        47,           0.2,      0.16,      0.24,      0.1825,      0.18,       0.185,     2333.94,       417.896
    803,         4,        47,          0.28,      0.24,      0.32,      0.1825,      0.18,       0.185,     508.545,       90.0032
    804,         5,        47,          0.36,      0.32,       0.4,      0.1825,      0.18,       0.185,     19.3207,        4.1731
    805,         6,        47,          0.44,       0.4,      0.48,      0.1825,      0.18,       0.185,     2.17859,      0.253696
    806,         7,        47,          0.52,      0.48,      0.56,      0.1825,      0.18,       0.185,    0.607478,     0.0621098
    807,         8,        47,           0.6,      0.56,      0.64,      0.1825,      0.18,       0.185,    0.161748,     0.0266774
    808,         9,        47,          0.68,      0.64,      0.72,      0.1825,      0.18,       0.185,   0.0426708,     0.0110283
    809,        10,        47,          0.76,      0.72,       0.8,      0.1825,      0.18,       0.185,   0.0017185,   0.000956125
    810,        11,        47,          0.84,       0.8,      0.88,      0.1825,      0.18,       0.185, 0.000247643,   0.000247643
    811,        12,        47,          0.92,      0.88,      0.96,      0.1825,      0.18,       0.185,           0,             0
    812,        13,        47,             1,      0.96,      1.04,      0.1825,      0.18,       0.185,           0,             0
    813,        14,        47,          1.08,      1.04,      1.12,      0.1825,      0.18,       0.185,           0,             0
    814,        15,        47,          1.16,      1.12,       1.2,      0.1825,      0.18,       0.185,           0,             0
    817,         1,        48,          0.04,         0,      0.08,      0.1875,     0.185,        0.19,           0,             0
    818,         2,        48,          0.12,      0.08,      0.16,      0.1875,     0.185,        0.19,     13.6055,       13.6055
    819,         3,        48,           0.2,      0.16,      0.24,      0.1875,     0.185,        0.19,     1816.67,       354.246
    820,         4,        48,          0.28,      0.24,      0.32,      0.1875,     0.185,        0.19,     400.257,        70.031
    821,         5,        48,          0.36,      0.32,       0.4,      0.1875,     0.185,        0.19,     34.1816,        7.8539
    822,         6,        48,          0.44,       0.4,      0.48,      0.1875,     0.185,        0.19,     3.89065,      0.632349
    823,         7,        48,          0.52,      0.48,      0.56,      0.1875,     0.185,        0.19,    0.681126,      0.105575
    824,         8,        48,           0.6,      0.56,      0.64,      0.1875,     0.185,        0.19,    0.247915,     0.0366457
    825,         9,        48,          0.68,      0.64,      0.72,      0.1875,     0.185,        0.19,   0.0315126,     0.0101005
    826,        10,        48,          0.76,      0.72,       0.8,      0.1875,     0.185,        0.19,  0.00532752,     0.0027357
    827,        11,        48,          0.84,       0.8,      0.88,      0.1875,     0.185,        0.19,           0,             0
    828,        12,        48,          0.92,      0.88,      0.96,      0.1875,     0.185,        0.19,           0,             0
    829,        13,        48,             1,      0.96,      1.04,      0.1875,     0.185,        0.19,           0,             0
    830,        14,        48,          1.08,      1.04,      1.12,      0.1875,     0.185,        0.19,           0,             0
    831,        15,        48,          1.16,      1.12,       1.2,      0.1875,     0.185,        0.19,           0,             0
    834,         1,        49,          0.04,         0,      0.08,      0.1925,      0.19,       0.195,           0,             0
    835,         2,        49,          0.12,      0.08,      0.16,      0.1925,      0.19,       0.195,     21.6133,       21.6133
    836,         3,        49,           0.2,      0.16,      0.24,      0.1925,      0.19,       0.195,     1144.88,       223.845
    837,         4,        49,          0.28,      0.24,      0.32,      0.1925,      0.19,       0.195,     557.204,       96.9291
    838,         5,        49,          0.36,      0.32,       0.4,      0.1925,      0.19,       0.195,     47.7059,       11.8634
    839,         6,        49,          0.44,       0.4,      0.48,      0.1925,      0.19,       0.195,     4.26055,       1.24455
    840,         7,        49,          0.52,      0.48,      0.56,      0.1925,      0.19,       0.195,    0.835894,      0.101945
    841,         8,        49,           0.6,      0.56,      0.64,      0.1925,      0.19,       0.195,     0.17044,     0.0279643
    842,         9,        49,          0.68,      0.64,      0.72,      0.1925,      0.19,       0.195,   0.0463887,     0.0148388
    843,        10,        49,          0.76,      0.72,       0.8,      0.1925,      0.19,       0.195,  0.00687032,    0.00319967
    844,        11,        49,          0.84,       0.8,      0.88,      0.1925,      0.19,       0.195, 0.000104954,   0.000104954
    845,        12,        49,          0.92,      0.88,      0.96,      0.1925,      0.19,       0.195,           0,             0
    846,        13,        49,             1,      0.96,      1.04,      0.1925,      0.19,       0.195,           0,             0
    847,        14,        49,          1.08,      1.04,      1.12,      0.1925,      0.19,       0.195,           0,             0
    848,        15,        49,          1.16,      1.12,       1.2,      0.1925,      0.19,       0.195,           0,             0
    851,         1,        50,          0.04,         0,      0.08,      0.1975,     0.195,         0.2,           0,             0
    852,         2,        50,          0.12,      0.08,      0.16,      0.1975,     0.195,         0.2,     27.4596,       25.3842
    853,         3,        50,           0.2,      0.16,      0.24,      0.1975,     0.195,         0.2,     1258.14,       269.262
    854,         4,        50,          0.28,      0.24,      0.32,      0.1975,     0.195,         0.2,     496.531,       74.6358
    855,         5,        50,          0.36,      0.32,       0.4,      0.1975,     0.195,         0.2,     40.1634,        7.2159
    856,         6,        50,          0.44,       0.4,      0.48,      0.1975,     0.195,         0.2,      3.1962,       0.40696
    857,         7,        50,          0.52,      0.48,      0.56,      0.1975,     0.195,         0.2,     0.90401,      0.121787
    858,         8,        50,           0.6,      0.56,      0.64,      0.1975,     0.195,         0.2,    0.183261,      0.031664
    859,         9,        50,          0.68,      0.64,      0.72,      0.1975,     0.195,         0.2,   0.0249642,    0.00815357
    860,        10,        50,          0.76,      0.72,       0.8,      0.1975,     0.195,         0.2,   0.0112278,    0.00632195
    861,        11,        50,          0.84,       0.8,      0.88,      0.1975,     0.195,         0.2,           0,             0
    862,        12,        50,          0.92,      0.88,      0.96,      0.1975,     0.195,         0.2,           0,             0
    863,        13,        50,             1,      0.96,      1.04,      0.1975,     0.195,         0.2,           0,             0
    864,        14,        50,          1.08,      1.04,      1.12,      0.1975,     0.195,         0.2,           0,             0
    865,        15,        50,          1.16,      1.12,       1.2,      0.1975,     0.195,         0.2,           0,             0
