# 2D Histogram Bin Extraction 
#                   
# histogram parameters:  
# title      : Em_nuc vs. Pm 
# ybins      : 50 
# ylabel     :  
# xbins      : 15 
# xlabel     :  
# ybin_width : 0.005 
# xbin_width : 0.080 
#                   
# header definitions:
# ib:         (x,y)  bin number 
# xb:         x-axis bin number 
# yb:         y-axis bin number 
# x0:         x-axis central bin value 
# xlow:       x-axis low-edge bin value 
# xup:        x-axis up-edge bin value 
# y0:         y-axis central bin value 
# ylow:       y-axis low-edge bin value 
# yup:        y-axis up-edge bin value 
# zcont:      bin content (z-axis) 
# zcont_err:  bin content error (z-axis) 
#                                        
ib,xb,yb,x0,xlow,xup,y0,ylow,yup,zcont,zcont_err
     18,         1,         1,          0.04,         0,      0.08,     -0.0475,     -0.05,      -0.045,           0,             0
     19,         2,         1,          0.12,      0.08,      0.16,     -0.0475,     -0.05,      -0.045,           0,             0
     20,         3,         1,           0.2,      0.16,      0.24,     -0.0475,     -0.05,      -0.045,           0,             0
     21,         4,         1,          0.28,      0.24,      0.32,     -0.0475,     -0.05,      -0.045,           0,             0
     22,         5,         1,          0.36,      0.32,       0.4,     -0.0475,     -0.05,      -0.045,           0,             0
     23,         6,         1,          0.44,       0.4,      0.48,     -0.0475,     -0.05,      -0.045,     1.00555,      0.408662
     24,         7,         1,          0.52,      0.48,      0.56,     -0.0475,     -0.05,      -0.045,     1.15809,      0.364261
     25,         8,         1,           0.6,      0.56,      0.64,     -0.0475,     -0.05,      -0.045,      1.8097,      0.345321
     26,         9,         1,          0.68,      0.64,      0.72,     -0.0475,     -0.05,      -0.045,    0.393696,      0.121003
     27,        10,         1,          0.76,      0.72,       0.8,     -0.0475,     -0.05,      -0.045,    0.113089,     0.0433634
     28,        11,         1,          0.84,       0.8,      0.88,     -0.0475,     -0.05,      -0.045,   0.0142523,    0.00714571
     29,        12,         1,          0.92,      0.88,      0.96,     -0.0475,     -0.05,      -0.045,   0.0036901,    0.00268781
     30,        13,         1,             1,      0.96,      1.04,     -0.0475,     -0.05,      -0.045,           0,             0
     31,        14,         1,          1.08,      1.04,      1.12,     -0.0475,     -0.05,      -0.045,           0,             0
     32,        15,         1,          1.16,      1.12,       1.2,     -0.0475,     -0.05,      -0.045,           0,             0
     35,         1,         2,          0.04,         0,      0.08,     -0.0425,    -0.045,       -0.04,           0,             0
     36,         2,         2,          0.12,      0.08,      0.16,     -0.0425,    -0.045,       -0.04,           0,             0
     37,         3,         2,           0.2,      0.16,      0.24,     -0.0425,    -0.045,       -0.04,           0,             0
     38,         4,         2,          0.28,      0.24,      0.32,     -0.0425,    -0.045,       -0.04,     2.25641,       2.25641
     39,         5,         2,          0.36,      0.32,       0.4,     -0.0425,    -0.045,       -0.04,     2.13186,       1.35548
     40,         6,         2,          0.44,       0.4,      0.48,     -0.0425,    -0.045,       -0.04,     1.41281,      0.488094
     41,         7,         2,          0.52,      0.48,      0.56,     -0.0425,    -0.045,       -0.04,     1.77776,      0.432944
     42,         8,         2,           0.6,      0.56,      0.64,     -0.0425,    -0.045,       -0.04,     1.15385,       0.30127
     43,         9,         2,          0.68,      0.64,      0.72,     -0.0425,    -0.045,       -0.04,    0.693748,      0.145278
     44,        10,         2,          0.76,      0.72,       0.8,     -0.0425,    -0.045,       -0.04,    0.122221,     0.0375606
     45,        11,         2,          0.84,       0.8,      0.88,     -0.0425,    -0.045,       -0.04,    0.042971,     0.0142644
     46,        12,         2,          0.92,      0.88,      0.96,     -0.0425,    -0.045,       -0.04,  0.00897243,    0.00462746
     47,        13,         2,             1,      0.96,      1.04,     -0.0425,    -0.045,       -0.04,  0.00224596,    0.00159801
     48,        14,         2,          1.08,      1.04,      1.12,     -0.0425,    -0.045,       -0.04,           0,             0
     49,        15,         2,          1.16,      1.12,       1.2,     -0.0425,    -0.045,       -0.04,           0,             0
     52,         1,         3,          0.04,         0,      0.08,     -0.0375,     -0.04,      -0.035,           0,             0
     53,         2,         3,          0.12,      0.08,      0.16,     -0.0375,     -0.04,      -0.035,           0,             0
     54,         3,         3,           0.2,      0.16,      0.24,     -0.0375,     -0.04,      -0.035,           0,             0
     55,         4,         3,          0.28,      0.24,      0.32,     -0.0375,     -0.04,      -0.035,      16.329,       15.1039
     56,         5,         3,          0.36,      0.32,       0.4,     -0.0375,     -0.04,      -0.035,      1.7939,      0.848374
     57,         6,         3,          0.44,       0.4,      0.48,     -0.0375,     -0.04,      -0.035,     2.84041,      0.717767
     58,         7,         3,          0.52,      0.48,      0.56,     -0.0375,     -0.04,      -0.035,     1.57403,      0.412726
     59,         8,         3,           0.6,      0.56,      0.64,     -0.0375,     -0.04,      -0.035,     1.33765,      0.260383
     60,         9,         3,          0.68,      0.64,      0.72,     -0.0375,     -0.04,      -0.035,    0.943555,      0.187733
     61,        10,         3,          0.76,      0.72,       0.8,     -0.0375,     -0.04,      -0.035,    0.217278,     0.0536746
     62,        11,         3,          0.84,       0.8,      0.88,     -0.0375,     -0.04,      -0.035,   0.0449525,     0.0131547
     63,        12,         3,          0.92,      0.88,      0.96,     -0.0375,     -0.04,      -0.035,  0.00331166,      0.001931
     64,        13,         3,             1,      0.96,      1.04,     -0.0375,     -0.04,      -0.035,           0,             0
     65,        14,         3,          1.08,      1.04,      1.12,     -0.0375,     -0.04,      -0.035,           0,             0
     66,        15,         3,          1.16,      1.12,       1.2,     -0.0375,     -0.04,      -0.035,           0,             0
     69,         1,         4,          0.04,         0,      0.08,     -0.0325,    -0.035,       -0.03,           0,             0
     70,         2,         4,          0.12,      0.08,      0.16,     -0.0325,    -0.035,       -0.03,           0,             0
     71,         3,         4,           0.2,      0.16,      0.24,     -0.0325,    -0.035,       -0.03,           0,             0
     72,         4,         4,          0.28,      0.24,      0.32,     -0.0325,    -0.035,       -0.03,     2.19976,       1.56525
     73,         5,         4,          0.36,      0.32,       0.4,     -0.0325,    -0.035,       -0.03,     3.85435,       1.08122
     74,         6,         4,          0.44,       0.4,      0.48,     -0.0325,    -0.035,       -0.03,     2.44317,      0.513349
     75,         7,         4,          0.52,      0.48,      0.56,     -0.0325,    -0.035,       -0.03,     2.86974,      0.557082
     76,         8,         4,           0.6,      0.56,      0.64,     -0.0325,    -0.035,       -0.03,      1.9642,      0.356876
     77,         9,         4,          0.68,      0.64,      0.72,     -0.0325,    -0.035,       -0.03,     1.38269,      0.222868
     78,        10,         4,          0.76,      0.72,       0.8,     -0.0325,    -0.035,       -0.03,    0.332198,     0.0800122
     79,        11,         4,          0.84,       0.8,      0.88,     -0.0325,    -0.035,       -0.03,   0.0741105,     0.0199138
     80,        12,         4,          0.92,      0.88,      0.96,     -0.0325,    -0.035,       -0.03,  0.00558099,    0.00334681
     81,        13,         4,             1,      0.96,      1.04,     -0.0325,    -0.035,       -0.03,           0,             0
     82,        14,         4,          1.08,      1.04,      1.12,     -0.0325,    -0.035,       -0.03,           0,             0
     83,        15,         4,          1.16,      1.12,       1.2,     -0.0325,    -0.035,       -0.03,           0,             0
     86,         1,         5,          0.04,         0,      0.08,     -0.0275,     -0.03,      -0.025,           0,             0
     87,         2,         5,          0.12,      0.08,      0.16,     -0.0275,     -0.03,      -0.025,           0,             0
     88,         3,         5,           0.2,      0.16,      0.24,     -0.0275,     -0.03,      -0.025,           0,             0
     89,         4,         5,          0.28,      0.24,      0.32,     -0.0275,     -0.03,      -0.025,     9.38117,       3.83902
     90,         5,         5,          0.36,      0.32,       0.4,     -0.0275,     -0.03,      -0.025,     5.80628,       1.31752
     91,         6,         5,          0.44,       0.4,      0.48,     -0.0275,     -0.03,      -0.025,     3.96037,      0.803747
     92,         7,         5,          0.52,      0.48,      0.56,     -0.0275,     -0.03,      -0.025,     3.67736,      0.626637
     93,         8,         5,           0.6,      0.56,      0.64,     -0.0275,     -0.03,      -0.025,     2.44229,      0.400514
     94,         9,         5,          0.68,      0.64,      0.72,     -0.0275,     -0.03,      -0.025,     1.03115,      0.177501
     95,        10,         5,          0.76,      0.72,       0.8,     -0.0275,     -0.03,      -0.025,    0.472165,     0.0874967
     96,        11,         5,          0.84,       0.8,      0.88,     -0.0275,     -0.03,      -0.025,    0.133658,     0.0255733
     97,        12,         5,          0.92,      0.88,      0.96,     -0.0275,     -0.03,      -0.025,   0.0104373,    0.00404642
     98,        13,         5,             1,      0.96,      1.04,     -0.0275,     -0.03,      -0.025,           0,             0
     99,        14,         5,          1.08,      1.04,      1.12,     -0.0275,     -0.03,      -0.025,           0,             0
    100,        15,         5,          1.16,      1.12,       1.2,     -0.0275,     -0.03,      -0.025,           0,             0
    103,         1,         6,          0.04,         0,      0.08,     -0.0225,    -0.025,       -0.02,           0,             0
    104,         2,         6,          0.12,      0.08,      0.16,     -0.0225,    -0.025,       -0.02,           0,             0
    105,         3,         6,           0.2,      0.16,      0.24,     -0.0225,    -0.025,       -0.02,           0,             0
    106,         4,         6,          0.28,      0.24,      0.32,     -0.0225,    -0.025,       -0.02,     21.0912,       7.62949
    107,         5,         6,          0.36,      0.32,       0.4,     -0.0225,    -0.025,       -0.02,     6.09266,       1.29926
    108,         6,         6,          0.44,       0.4,      0.48,     -0.0225,    -0.025,       -0.02,     6.64423,       1.05167
    109,         7,         6,          0.52,      0.48,      0.56,     -0.0225,    -0.025,       -0.02,     5.38789,      0.729275
    110,         8,         6,           0.6,      0.56,      0.64,     -0.0225,    -0.025,       -0.02,     3.57912,      0.496254
    111,         9,         6,          0.68,      0.64,      0.72,     -0.0225,    -0.025,       -0.02,      1.7645,      0.221834
    112,        10,         6,          0.76,      0.72,       0.8,     -0.0225,    -0.025,       -0.02,     0.80398,      0.112537
    113,        11,         6,          0.84,       0.8,      0.88,     -0.0225,    -0.025,       -0.02,    0.133568,     0.0239949
    114,        12,         6,          0.92,      0.88,      0.96,     -0.0225,    -0.025,       -0.02,  0.00890651,    0.00381861
    115,        13,         6,             1,      0.96,      1.04,     -0.0225,    -0.025,       -0.02,           0,             0
    116,        14,         6,          1.08,      1.04,      1.12,     -0.0225,    -0.025,       -0.02,           0,             0
    117,        15,         6,          1.16,      1.12,       1.2,     -0.0225,    -0.025,       -0.02,           0,             0
    120,         1,         7,          0.04,         0,      0.08,     -0.0175,     -0.02,      -0.015,           0,             0
    121,         2,         7,          0.12,      0.08,      0.16,     -0.0175,     -0.02,      -0.015,           0,             0
    122,         3,         7,           0.2,      0.16,      0.24,     -0.0175,     -0.02,      -0.015,     39.0415,       22.3765
    123,         4,         7,          0.28,      0.24,      0.32,     -0.0175,     -0.02,      -0.015,     14.1638,       4.22475
    124,         5,         7,          0.36,      0.32,       0.4,     -0.0175,     -0.02,      -0.015,     12.7501,       1.80676
    125,         6,         7,          0.44,       0.4,      0.48,     -0.0175,     -0.02,      -0.015,     12.0817,       1.82488
    126,         7,         7,          0.52,      0.48,      0.56,     -0.0175,     -0.02,      -0.015,     6.93418,      0.819692
    127,         8,         7,           0.6,      0.56,      0.64,     -0.0175,     -0.02,      -0.015,     5.25432,      0.577357
    128,         9,         7,          0.68,      0.64,      0.72,     -0.0175,     -0.02,      -0.015,     2.01734,      0.237908
    129,        10,         7,          0.76,      0.72,       0.8,     -0.0175,     -0.02,      -0.015,    0.772615,      0.095183
    130,        11,         7,          0.84,       0.8,      0.88,     -0.0175,     -0.02,      -0.015,    0.154587,     0.0249602
    131,        12,         7,          0.92,      0.88,      0.96,     -0.0175,     -0.02,      -0.015,   0.0119006,    0.00499512
    132,        13,         7,             1,      0.96,      1.04,     -0.0175,     -0.02,      -0.015,           0,             0
    133,        14,         7,          1.08,      1.04,      1.12,     -0.0175,     -0.02,      -0.015,           0,             0
    134,        15,         7,          1.16,      1.12,       1.2,     -0.0175,     -0.02,      -0.015,           0,             0
    137,         1,         8,          0.04,         0,      0.08,     -0.0125,    -0.015,       -0.01,           0,             0
    138,         2,         8,          0.12,      0.08,      0.16,     -0.0125,    -0.015,       -0.01,           0,             0
    139,         3,         8,           0.2,      0.16,      0.24,     -0.0125,    -0.015,       -0.01,     49.8163,       18.8428
    140,         4,         8,          0.28,      0.24,      0.32,     -0.0125,    -0.015,       -0.01,     37.9086,       8.02761
    141,         5,         8,          0.36,      0.32,       0.4,     -0.0125,    -0.015,       -0.01,     17.5798,       2.06166
    142,         6,         8,          0.44,       0.4,      0.48,     -0.0125,    -0.015,       -0.01,     17.4783,        1.6076
    143,         7,         8,          0.52,      0.48,      0.56,     -0.0125,    -0.015,       -0.01,      13.939,       1.18346
    144,         8,         8,           0.6,      0.56,      0.64,     -0.0125,    -0.015,       -0.01,     6.89637,      0.600475
    145,         9,         8,          0.68,      0.64,      0.72,     -0.0125,    -0.015,       -0.01,     3.42996,      0.308383
    146,        10,         8,          0.76,      0.72,       0.8,     -0.0125,    -0.015,       -0.01,     1.15247,      0.119761
    147,        11,         8,          0.84,       0.8,      0.88,     -0.0125,    -0.015,       -0.01,     0.17766,     0.0265105
    148,        12,         8,          0.92,      0.88,      0.96,     -0.0125,    -0.015,       -0.01,   0.0189537,     0.0067338
    149,        13,         8,             1,      0.96,      1.04,     -0.0125,    -0.015,       -0.01,           0,             0
    150,        14,         8,          1.08,      1.04,      1.12,     -0.0125,    -0.015,       -0.01,           0,             0
    151,        15,         8,          1.16,      1.12,       1.2,     -0.0125,    -0.015,       -0.01,           0,             0
    154,         1,         9,          0.04,         0,      0.08,     -0.0075,     -0.01,      -0.005,           0,             0
    155,         2,         9,          0.12,      0.08,      0.16,     -0.0075,     -0.01,      -0.005,     16.1468,       16.1468
    156,         3,         9,           0.2,      0.16,      0.24,     -0.0075,     -0.01,      -0.005,      134.25,       28.1312
    157,         4,         9,          0.28,      0.24,      0.32,     -0.0075,     -0.01,      -0.005,     61.7764,       7.70084
    158,         5,         9,          0.36,      0.32,       0.4,     -0.0075,     -0.01,      -0.005,     49.0235,       3.45976
    159,         6,         9,          0.44,       0.4,      0.48,     -0.0075,     -0.01,      -0.005,     40.1365,       2.44476
    160,         7,         9,          0.52,      0.48,      0.56,     -0.0075,     -0.01,      -0.005,     21.3473,       1.38642
    161,         8,         9,           0.6,      0.56,      0.64,     -0.0075,     -0.01,      -0.005,     10.0076,      0.710093
    162,         9,         9,          0.68,      0.64,      0.72,     -0.0075,     -0.01,      -0.005,     4.33229,      0.325207
    163,        10,         9,          0.76,      0.72,       0.8,     -0.0075,     -0.01,      -0.005,     1.53094,      0.132717
    164,        11,         9,          0.84,       0.8,      0.88,     -0.0075,     -0.01,      -0.005,     0.28148,      0.037333
    165,        12,         9,          0.92,      0.88,      0.96,     -0.0075,     -0.01,      -0.005,  0.00888229,     0.0042883
    166,        13,         9,             1,      0.96,      1.04,     -0.0075,     -0.01,      -0.005,           0,             0
    167,        14,         9,          1.08,      1.04,      1.12,     -0.0075,     -0.01,      -0.005,           0,             0
    168,        15,         9,          1.16,      1.12,       1.2,     -0.0075,     -0.01,      -0.005,           0,             0
    171,         1,        10,          0.04,         0,      0.08,     -0.0025,    -0.005,           0,           0,             0
    172,         2,        10,          0.12,      0.08,      0.16,     -0.0025,    -0.005,           0,     134.405,       57.7657
    173,         3,        10,           0.2,      0.16,      0.24,     -0.0025,    -0.005,           0,     438.015,       59.3812
    174,         4,        10,          0.28,      0.24,      0.32,     -0.0025,    -0.005,           0,     243.825,       12.5509
    175,         5,        10,          0.36,      0.32,       0.4,     -0.0025,    -0.005,           0,     134.078,        5.4047
    176,         6,        10,          0.44,       0.4,      0.48,     -0.0025,    -0.005,           0,     70.9749,       2.99375
    177,         7,        10,          0.52,      0.48,      0.56,     -0.0025,    -0.005,           0,     33.1962,       1.59805
    178,         8,        10,           0.6,      0.56,      0.64,     -0.0025,    -0.005,           0,     12.7217,      0.749487
    179,         9,        10,          0.68,      0.64,      0.72,     -0.0025,    -0.005,           0,      5.8681,      0.371216
    180,        10,        10,          0.76,      0.72,       0.8,     -0.0025,    -0.005,           0,     1.67771,      0.151025
    181,        11,        10,          0.84,       0.8,      0.88,     -0.0025,    -0.005,           0,     0.23851,     0.0322121
    182,        12,        10,          0.92,      0.88,      0.96,     -0.0025,    -0.005,           0,   0.0163396,    0.00542684
    183,        13,        10,             1,      0.96,      1.04,     -0.0025,    -0.005,           0,           0,             0
    184,        14,        10,          1.08,      1.04,      1.12,     -0.0025,    -0.005,           0,           0,             0
    185,        15,        10,          1.16,      1.12,       1.2,     -0.0025,    -0.005,           0,           0,             0
    188,         1,        11,          0.04,         0,      0.08,      0.0025,         0,       0.005,           0,             0
    189,         2,        11,          0.12,      0.08,      0.16,      0.0025,         0,       0.005,     636.554,        117.47
    190,         3,        11,           0.2,      0.16,      0.24,      0.0025,         0,       0.005,     2107.62,       100.398
    191,         4,        11,          0.28,      0.24,      0.32,      0.0025,         0,       0.005,     988.449,       23.8559
    192,         5,        11,          0.36,      0.32,       0.4,      0.0025,         0,       0.005,     337.215,       8.26162
    193,         6,        11,          0.44,       0.4,      0.48,      0.0025,         0,       0.005,     130.922,       4.03111
    194,         7,        11,          0.52,      0.48,      0.56,      0.0025,         0,       0.005,     47.7705,       1.84813
    195,         8,        11,           0.6,      0.56,      0.64,      0.0025,         0,       0.005,     17.9188,      0.859789
    196,         9,        11,          0.68,      0.64,      0.72,      0.0025,         0,       0.005,     5.87685,      0.372707
    197,        10,        11,          0.76,      0.72,       0.8,      0.0025,         0,       0.005,     1.71126,      0.144191
    198,        11,        11,          0.84,       0.8,      0.88,      0.0025,         0,       0.005,    0.328842,     0.0438287
    199,        12,        11,          0.92,      0.88,      0.96,      0.0025,         0,       0.005,  0.00977116,    0.00433453
    200,        13,        11,             1,      0.96,      1.04,      0.0025,         0,       0.005,           0,             0
    201,        14,        11,          1.08,      1.04,      1.12,      0.0025,         0,       0.005,           0,             0
    202,        15,        11,          1.16,      1.12,       1.2,      0.0025,         0,       0.005,           0,             0
    205,         1,        12,          0.04,         0,      0.08,      0.0075,     0.005,        0.01,           0,             0
    206,         2,        12,          0.12,      0.08,      0.16,      0.0075,     0.005,        0.01,     1009.72,       133.897
    207,         3,        12,           0.2,      0.16,      0.24,      0.0075,     0.005,        0.01,     3818.11,       137.499
    208,         4,        12,          0.28,      0.24,      0.32,      0.0075,     0.005,        0.01,     1393.06,       28.0917
    209,         5,        12,          0.36,      0.32,       0.4,      0.0075,     0.005,        0.01,     424.129,       9.81801
    210,         6,        12,          0.44,       0.4,      0.48,      0.0075,     0.005,        0.01,     138.224,       4.00748
    211,         7,        12,          0.52,      0.48,      0.56,      0.0075,     0.005,        0.01,     52.4284,       2.71301
    212,         8,        12,           0.6,      0.56,      0.64,      0.0075,     0.005,        0.01,     19.5749,      0.942649
    213,         9,        12,          0.68,      0.64,      0.72,      0.0075,     0.005,        0.01,     6.03879,       0.37675
    214,        10,        12,          0.76,      0.72,       0.8,      0.0075,     0.005,        0.01,     1.88746,      0.193822
    215,        11,        12,          0.84,       0.8,      0.88,      0.0075,     0.005,        0.01,    0.251275,     0.0332637
    216,        12,        12,          0.92,      0.88,      0.96,      0.0075,     0.005,        0.01,   0.0171215,    0.00712963
    217,        13,        12,             1,      0.96,      1.04,      0.0075,     0.005,        0.01,           0,             0
    218,        14,        12,          1.08,      1.04,      1.12,      0.0075,     0.005,        0.01,           0,             0
    219,        15,        12,          1.16,      1.12,       1.2,      0.0075,     0.005,        0.01,           0,             0
    222,         1,        13,          0.04,         0,      0.08,      0.0125,      0.01,       0.015,           0,             0
    223,         2,        13,          0.12,      0.08,      0.16,      0.0125,      0.01,       0.015,     422.441,       94.2157
    224,         3,        13,           0.2,      0.16,      0.24,      0.0125,      0.01,       0.015,     1553.28,       98.4333
    225,         4,        13,          0.28,      0.24,      0.32,      0.0125,      0.01,       0.015,     611.138,       20.3457
    226,         5,        13,          0.36,      0.32,       0.4,      0.0125,      0.01,       0.015,     243.807,       7.21851
    227,         6,        13,          0.44,       0.4,      0.48,      0.0125,      0.01,       0.015,     103.482,       3.61281
    228,         7,        13,          0.52,      0.48,      0.56,      0.0125,      0.01,       0.015,     46.7219,       1.87858
    229,         8,        13,           0.6,      0.56,      0.64,      0.0125,      0.01,       0.015,     18.2624,      0.940482
    230,         9,        13,          0.68,      0.64,      0.72,      0.0125,      0.01,       0.015,     6.62889,       0.41016
    231,        10,        13,          0.76,      0.72,       0.8,      0.0125,      0.01,       0.015,     1.34616,      0.118328
    232,        11,        13,          0.84,       0.8,      0.88,      0.0125,      0.01,       0.015,    0.205671,     0.0305652
    233,        12,        13,          0.92,      0.88,      0.96,      0.0125,      0.01,       0.015,  0.00789412,     0.0032604
    234,        13,        13,             1,      0.96,      1.04,      0.0125,      0.01,       0.015,           0,             0
    235,        14,        13,          1.08,      1.04,      1.12,      0.0125,      0.01,       0.015,           0,             0
    236,        15,        13,          1.16,      1.12,       1.2,      0.0125,      0.01,       0.015,           0,             0
    239,         1,        14,          0.04,         0,      0.08,      0.0175,     0.015,        0.02,           0,             0
    240,         2,        14,          0.12,      0.08,      0.16,      0.0175,     0.015,        0.02,     58.6116,       36.2451
    241,         3,        14,           0.2,      0.16,      0.24,      0.0175,     0.015,        0.02,     406.814,       46.6546
    242,         4,        14,          0.28,      0.24,      0.32,      0.0175,     0.015,        0.02,      258.35,       17.4774
    243,         5,        14,          0.36,      0.32,       0.4,      0.0175,     0.015,        0.02,     125.445,        5.1885
    244,         6,        14,          0.44,       0.4,      0.48,      0.0175,     0.015,        0.02,     69.9301,       3.04651
    245,         7,        14,          0.52,      0.48,      0.56,      0.0175,     0.015,        0.02,     33.2202,       1.64653
    246,         8,        14,           0.6,      0.56,      0.64,      0.0175,     0.015,        0.02,     14.6694,      0.834368
    247,         9,        14,          0.68,      0.64,      0.72,      0.0175,     0.015,        0.02,      4.6081,      0.332233
    248,        10,        14,          0.76,      0.72,       0.8,      0.0175,     0.015,        0.02,     1.37396,       0.12583
    249,        11,        14,          0.84,       0.8,      0.88,      0.0175,     0.015,        0.02,     0.18453,     0.0298201
    250,        12,        14,          0.92,      0.88,      0.96,      0.0175,     0.015,        0.02,  0.00957692,    0.00544003
    251,        13,        14,             1,      0.96,      1.04,      0.0175,     0.015,        0.02,   0.0032909,     0.0032909
    252,        14,        14,          1.08,      1.04,      1.12,      0.0175,     0.015,        0.02,           0,             0
    253,        15,        14,          1.16,      1.12,       1.2,      0.0175,     0.015,        0.02,           0,             0
    256,         1,        15,          0.04,         0,      0.08,      0.0225,      0.02,       0.025,           0,             0
    257,         2,        15,          0.12,      0.08,      0.16,      0.0225,      0.02,       0.025,    0.543321,      0.543321
    258,         3,        15,           0.2,      0.16,      0.24,      0.0225,      0.02,       0.025,     339.768,       52.2737
    259,         4,        15,          0.28,      0.24,      0.32,      0.0225,      0.02,       0.025,     134.156,       10.1128
    260,         5,        15,          0.36,      0.32,       0.4,      0.0225,      0.02,       0.025,     77.3221,       4.23145
    261,         6,        15,          0.44,       0.4,      0.48,      0.0225,      0.02,       0.025,     45.1277,       2.50004
    262,         7,        15,          0.52,      0.48,      0.56,      0.0225,      0.02,       0.025,     24.8119,       1.46712
    263,         8,        15,           0.6,      0.56,      0.64,      0.0225,      0.02,       0.025,     12.0197,      0.787573
    264,         9,        15,          0.68,      0.64,      0.72,      0.0225,      0.02,       0.025,     4.83047,      0.352928
    265,        10,        15,          0.76,      0.72,       0.8,      0.0225,      0.02,       0.025,     1.16651,      0.116428
    266,        11,        15,          0.84,       0.8,      0.88,      0.0225,      0.02,       0.025,    0.233306,     0.0386984
    267,        12,        15,          0.92,      0.88,      0.96,      0.0225,      0.02,       0.025,  0.00436758,    0.00256484
    268,        13,        15,             1,      0.96,      1.04,      0.0225,      0.02,       0.025,  0.00174983,    0.00174983
    269,        14,        15,          1.08,      1.04,      1.12,      0.0225,      0.02,       0.025,           0,             0
    270,        15,        15,          1.16,      1.12,       1.2,      0.0225,      0.02,       0.025,           0,             0
    273,         1,        16,          0.04,         0,      0.08,      0.0275,     0.025,        0.03,           0,             0
    274,         2,        16,          0.12,      0.08,      0.16,      0.0275,     0.025,        0.03,           0,             0
    275,         3,        16,           0.2,      0.16,      0.24,      0.0275,     0.025,        0.03,     282.051,        54.505
    276,         4,        16,          0.28,      0.24,      0.32,      0.0275,     0.025,        0.03,     97.0782,       8.81338
    277,         5,        16,          0.36,      0.32,       0.4,      0.0275,     0.025,        0.03,     54.6292,        3.7351
    278,         6,        16,          0.44,       0.4,      0.48,      0.0275,     0.025,        0.03,      35.286,       2.23939
    279,         7,        16,          0.52,      0.48,      0.56,      0.0275,     0.025,        0.03,     17.9705,       1.24409
    280,         8,        16,           0.6,      0.56,      0.64,      0.0275,     0.025,        0.03,     9.75287,      0.706059
    281,         9,        16,          0.68,      0.64,      0.72,      0.0275,     0.025,        0.03,     4.00384,      0.329395
    282,        10,        16,          0.76,      0.72,       0.8,      0.0275,     0.025,        0.03,     1.12432,      0.116074
    283,        11,        16,          0.84,       0.8,      0.88,      0.0275,     0.025,        0.03,    0.165828,     0.0294621
    284,        12,        16,          0.92,      0.88,      0.96,      0.0275,     0.025,        0.03,  0.00465536,    0.00343314
    285,        13,        16,             1,      0.96,      1.04,      0.0275,     0.025,        0.03,           0,             0
    286,        14,        16,          1.08,      1.04,      1.12,      0.0275,     0.025,        0.03,           0,             0
    287,        15,        16,          1.16,      1.12,       1.2,      0.0275,     0.025,        0.03,           0,             0
    290,         1,        17,          0.04,         0,      0.08,      0.0325,      0.03,       0.035,           0,             0
    291,         2,        17,          0.12,      0.08,      0.16,      0.0325,      0.03,       0.035,     35.3559,       35.3559
    292,         3,        17,           0.2,      0.16,      0.24,      0.0325,      0.03,       0.035,     151.446,       28.6697
    293,         4,        17,          0.28,      0.24,      0.32,      0.0325,      0.03,       0.035,     105.423,       9.59733
    294,         5,        17,          0.36,      0.32,       0.4,      0.0325,      0.03,       0.035,     41.6443,       2.94243
    295,         6,        17,          0.44,       0.4,      0.48,      0.0325,      0.03,       0.035,     24.8918,       1.88039
    296,         7,        17,          0.52,      0.48,      0.56,      0.0325,      0.03,       0.035,     15.4718,       1.22564
    297,         8,        17,           0.6,      0.56,      0.64,      0.0325,      0.03,       0.035,     8.66069,      0.692351
    298,         9,        17,          0.68,      0.64,      0.72,      0.0325,      0.03,       0.035,     3.96402,      0.340881
    299,        10,        17,          0.76,      0.72,       0.8,      0.0325,      0.03,       0.035,     1.18685,      0.135825
    300,        11,        17,          0.84,       0.8,      0.88,      0.0325,      0.03,       0.035,    0.150536,     0.0286652
    301,        12,        17,          0.92,      0.88,      0.96,      0.0325,      0.03,       0.035,  0.00990072,    0.00636038
    302,        13,        17,             1,      0.96,      1.04,      0.0325,      0.03,       0.035,           0,             0
    303,        14,        17,          1.08,      1.04,      1.12,      0.0325,      0.03,       0.035,           0,             0
    304,        15,        17,          1.16,      1.12,       1.2,      0.0325,      0.03,       0.035,           0,             0
    307,         1,        18,          0.04,         0,      0.08,      0.0375,     0.035,        0.04,           0,             0
    308,         2,        18,          0.12,      0.08,      0.16,      0.0375,     0.035,        0.04,           0,             0
    309,         3,        18,           0.2,      0.16,      0.24,      0.0375,     0.035,        0.04,     140.131,       38.0942
    310,         4,        18,          0.28,      0.24,      0.32,      0.0375,     0.035,        0.04,     89.5667,       10.5482
    311,         5,        18,          0.36,      0.32,       0.4,      0.0375,     0.035,        0.04,     40.6383,       3.25451
    312,         6,        18,          0.44,       0.4,      0.48,      0.0375,     0.035,        0.04,     18.6956,       1.61527
    313,         7,        18,          0.52,      0.48,      0.56,      0.0375,     0.035,        0.04,     12.0891,       1.08669
    314,         8,        18,           0.6,      0.56,      0.64,      0.0375,     0.035,        0.04,     7.25285,      0.681647
    315,         9,        18,          0.68,      0.64,      0.72,      0.0375,     0.035,        0.04,     2.72362,      0.271917
    316,        10,        18,          0.76,      0.72,       0.8,      0.0375,     0.035,        0.04,    0.696828,      0.090935
    317,        11,        18,          0.84,       0.8,      0.88,      0.0375,     0.035,        0.04,     0.14195,     0.0323865
    318,        12,        18,          0.92,      0.88,      0.96,      0.0375,     0.035,        0.04,   0.0155732,    0.00801203
    319,        13,        18,             1,      0.96,      1.04,      0.0375,     0.035,        0.04,  0.00284157,    0.00284157
    320,        14,        18,          1.08,      1.04,      1.12,      0.0375,     0.035,        0.04,           0,             0
    321,        15,        18,          1.16,      1.12,       1.2,      0.0375,     0.035,        0.04,           0,             0
    324,         1,        19,          0.04,         0,      0.08,      0.0425,      0.04,       0.045,           0,             0
    325,         2,        19,          0.12,      0.08,      0.16,      0.0425,      0.04,       0.045,           0,             0
    326,         3,        19,           0.2,      0.16,      0.24,      0.0425,      0.04,       0.045,     193.041,       46.5047
    327,         4,        19,          0.28,      0.24,      0.32,      0.0425,      0.04,       0.045,     109.844,       14.5956
    328,         5,        19,          0.36,      0.32,       0.4,      0.0425,      0.04,       0.045,     32.4998,       2.97264
    329,         6,        19,          0.44,       0.4,      0.48,      0.0425,      0.04,       0.045,     16.5004,       1.56999
    330,         7,        19,          0.52,      0.48,      0.56,      0.0425,      0.04,       0.045,     10.3031,       1.02796
    331,         8,        19,           0.6,      0.56,      0.64,      0.0425,      0.04,       0.045,     5.61022,      0.572272
    332,         9,        19,          0.68,      0.64,      0.72,      0.0425,      0.04,       0.045,     2.70127,      0.298141
    333,        10,        19,          0.76,      0.72,       0.8,      0.0425,      0.04,       0.045,    0.756583,       0.10664
    334,        11,        19,          0.84,       0.8,      0.88,      0.0425,      0.04,       0.045,    0.129948,      0.028594
    335,        12,        19,          0.92,      0.88,      0.96,      0.0425,      0.04,       0.045,   0.0156381,     0.0075593
    336,        13,        19,             1,      0.96,      1.04,      0.0425,      0.04,       0.045,           0,             0
    337,        14,        19,          1.08,      1.04,      1.12,      0.0425,      0.04,       0.045,           0,             0
    338,        15,        19,          1.16,      1.12,       1.2,      0.0425,      0.04,       0.045,           0,             0
    341,         1,        20,          0.04,         0,      0.08,      0.0475,     0.045,        0.05,           0,             0
    342,         2,        20,          0.12,      0.08,      0.16,      0.0475,     0.045,        0.05,           0,             0
    343,         3,        20,           0.2,      0.16,      0.24,      0.0475,     0.045,        0.05,     126.104,       68.4868
    344,         4,        20,          0.28,      0.24,      0.32,      0.0475,     0.045,        0.05,     85.8703,       12.4417
    345,         5,        20,          0.36,      0.32,       0.4,      0.0475,     0.045,        0.05,     31.7659,       3.26034
    346,         6,        20,          0.44,       0.4,      0.48,      0.0475,     0.045,        0.05,     20.0386,       1.79539
    347,         7,        20,          0.52,      0.48,      0.56,      0.0475,     0.045,        0.05,     9.11967,       0.97495
    348,         8,        20,           0.6,      0.56,      0.64,      0.0475,     0.045,        0.05,     6.32953,      0.641169
    349,         9,        20,          0.68,      0.64,      0.72,      0.0475,     0.045,        0.05,     2.71762,      0.291394
    350,        10,        20,          0.76,      0.72,       0.8,      0.0475,     0.045,        0.05,    0.624099,     0.0990591
    351,        11,        20,          0.84,       0.8,      0.88,      0.0475,     0.045,        0.05,   0.0682364,     0.0179401
    352,        12,        20,          0.92,      0.88,      0.96,      0.0475,     0.045,        0.05,  0.00538682,    0.00315098
    353,        13,        20,             1,      0.96,      1.04,      0.0475,     0.045,        0.05,   0.0012416,     0.0012416
    354,        14,        20,          1.08,      1.04,      1.12,      0.0475,     0.045,        0.05,           0,             0
    355,        15,        20,          1.16,      1.12,       1.2,      0.0475,     0.045,        0.05,           0,             0
    358,         1,        21,          0.04,         0,      0.08,      0.0525,      0.05,       0.055,           0,             0
    359,         2,        21,          0.12,      0.08,      0.16,      0.0525,      0.05,       0.055,           0,             0
    360,         3,        21,           0.2,      0.16,      0.24,      0.0525,      0.05,       0.055,     104.364,       35.5683
    361,         4,        21,          0.28,      0.24,      0.32,      0.0525,      0.05,       0.055,     110.709,       16.3614
    362,         5,        21,          0.36,      0.32,       0.4,      0.0525,      0.05,       0.055,     34.2476,       4.43018
    363,         6,        21,          0.44,       0.4,      0.48,      0.0525,      0.05,       0.055,     12.8174,       1.41874
    364,         7,        21,          0.52,      0.48,      0.56,      0.0525,      0.05,       0.055,     8.31014,      0.897557
    365,         8,        21,           0.6,      0.56,      0.64,      0.0525,      0.05,       0.055,     4.26335,      0.499825
    366,         9,        21,          0.68,      0.64,      0.72,      0.0525,      0.05,       0.055,     2.44449,      0.274323
    367,        10,        21,          0.76,      0.72,       0.8,      0.0525,      0.05,       0.055,    0.564582,     0.0993929
    368,        11,        21,          0.84,       0.8,      0.88,      0.0525,      0.05,       0.055,   0.0917287,      0.024493
    369,        12,        21,          0.92,      0.88,      0.96,      0.0525,      0.05,       0.055,   0.0104472,    0.00543219
    370,        13,        21,             1,      0.96,      1.04,      0.0525,      0.05,       0.055,           0,             0
    371,        14,        21,          1.08,      1.04,      1.12,      0.0525,      0.05,       0.055,           0,             0
    372,        15,        21,          1.16,      1.12,       1.2,      0.0525,      0.05,       0.055,           0,             0
    375,         1,        22,          0.04,         0,      0.08,      0.0575,     0.055,        0.06,           0,             0
    376,         2,        22,          0.12,      0.08,      0.16,      0.0575,     0.055,        0.06,           0,             0
    377,         3,        22,           0.2,      0.16,      0.24,      0.0575,     0.055,        0.06,      25.529,       14.6559
    378,         4,        22,          0.28,      0.24,      0.32,      0.0575,     0.055,        0.06,     74.7031,       13.5346
    379,         5,        22,          0.36,      0.32,       0.4,      0.0575,     0.055,        0.06,     27.3704,        3.2915
    380,         6,        22,          0.44,       0.4,      0.48,      0.0575,     0.055,        0.06,     14.7371,       1.63907
    381,         7,        22,          0.52,      0.48,      0.56,      0.0575,     0.055,        0.06,      8.5246,       1.01017
    382,         8,        22,           0.6,      0.56,      0.64,      0.0575,     0.055,        0.06,     3.61378,      0.473827
    383,         9,        22,          0.68,      0.64,      0.72,      0.0575,     0.055,        0.06,     1.89699,      0.265118
    384,        10,        22,          0.76,      0.72,       0.8,      0.0575,     0.055,        0.06,    0.626104,      0.124143
    385,        11,        22,          0.84,       0.8,      0.88,      0.0575,     0.055,        0.06,     0.12797,      0.038017
    386,        12,        22,          0.92,      0.88,      0.96,      0.0575,     0.055,        0.06,   0.0112638,    0.00699539
    387,        13,        22,             1,      0.96,      1.04,      0.0575,     0.055,        0.06,  0.00135351,    0.00135351
    388,        14,        22,          1.08,      1.04,      1.12,      0.0575,     0.055,        0.06,           0,             0
    389,        15,        22,          1.16,      1.12,       1.2,      0.0575,     0.055,        0.06,           0,             0
    392,         1,        23,          0.04,         0,      0.08,      0.0625,      0.06,       0.065,           0,             0
    393,         2,        23,          0.12,      0.08,      0.16,      0.0625,      0.06,       0.065,           0,             0
    394,         3,        23,           0.2,      0.16,      0.24,      0.0625,      0.06,       0.065,     81.3154,       35.3815
    395,         4,        23,          0.28,      0.24,      0.32,      0.0625,      0.06,       0.065,      72.948,       16.7822
    396,         5,        23,          0.36,      0.32,       0.4,      0.0625,      0.06,       0.065,     31.6551,       3.53725
    397,         6,        23,          0.44,       0.4,      0.48,      0.0625,      0.06,       0.065,     14.4527,       1.58567
    398,         7,        23,          0.52,      0.48,      0.56,      0.0625,      0.06,       0.065,     6.75964,      0.828509
    399,         8,        23,           0.6,      0.56,      0.64,      0.0625,      0.06,       0.065,     4.07847,       0.52228
    400,         9,        23,          0.68,      0.64,      0.72,      0.0625,      0.06,       0.065,     1.31062,      0.202388
    401,        10,        23,          0.76,      0.72,       0.8,      0.0625,      0.06,       0.065,    0.552496,      0.103031
    402,        11,        23,          0.84,       0.8,      0.88,      0.0625,      0.06,       0.065,   0.0788389,     0.0224534
    403,        12,        23,          0.92,      0.88,      0.96,      0.0625,      0.06,       0.065,  0.00900056,    0.00455076
    404,        13,        23,             1,      0.96,      1.04,      0.0625,      0.06,       0.065,  0.00162843,    0.00162843
    405,        14,        23,          1.08,      1.04,      1.12,      0.0625,      0.06,       0.065,           0,             0
    406,        15,        23,          1.16,      1.12,       1.2,      0.0625,      0.06,       0.065,           0,             0
    409,         1,        24,          0.04,         0,      0.08,      0.0675,     0.065,        0.07,           0,             0
    410,         2,        24,          0.12,      0.08,      0.16,      0.0675,     0.065,        0.07,           0,             0
    411,         3,        24,           0.2,      0.16,      0.24,      0.0675,     0.065,        0.07,     5.18612,       5.18612
    412,         4,        24,          0.28,      0.24,      0.32,      0.0675,     0.065,        0.07,     90.2053,       20.4202
    413,         5,        24,          0.36,      0.32,       0.4,      0.0675,     0.065,        0.07,     35.7101,       3.97518
    414,         6,        24,          0.44,       0.4,      0.48,      0.0675,     0.065,        0.07,      14.481,         1.709
    415,         7,        24,          0.52,      0.48,      0.56,      0.0675,     0.065,        0.07,     5.42664,      0.769651
    416,         8,        24,           0.6,      0.56,      0.64,      0.0675,     0.065,        0.07,     4.05585,      0.549701
    417,         9,        24,          0.68,      0.64,      0.72,      0.0675,     0.065,        0.07,     1.94331,       0.25746
    418,        10,        24,          0.76,      0.72,       0.8,      0.0675,     0.065,        0.07,    0.664356,      0.123711
    419,        11,        24,          0.84,       0.8,      0.88,      0.0675,     0.065,        0.07,    0.151574,     0.0409143
    420,        12,        24,          0.92,      0.88,      0.96,      0.0675,     0.065,        0.07,   0.0274134,      0.014348
    421,        13,        24,             1,      0.96,      1.04,      0.0675,     0.065,        0.07,           0,             0
    422,        14,        24,          1.08,      1.04,      1.12,      0.0675,     0.065,        0.07,           0,             0
    423,        15,        24,          1.16,      1.12,       1.2,      0.0675,     0.065,        0.07,           0,             0
    426,         1,        25,          0.04,         0,      0.08,      0.0725,      0.07,       0.075,           0,             0
    427,         2,        25,          0.12,      0.08,      0.16,      0.0725,      0.07,       0.075,           0,             0
    428,         3,        25,           0.2,      0.16,      0.24,      0.0725,      0.07,       0.075,     55.3515,          41.3
    429,         4,        25,          0.28,      0.24,      0.32,      0.0725,      0.07,       0.075,     69.3614,       15.6579
    430,         5,        25,          0.36,      0.32,       0.4,      0.0725,      0.07,       0.075,     24.8866,       3.32971
    431,         6,        25,          0.44,       0.4,      0.48,      0.0725,      0.07,       0.075,     11.8999,       1.72778
    432,         7,        25,          0.52,      0.48,      0.56,      0.0725,      0.07,       0.075,     7.90633,        1.0104
    433,         8,        25,           0.6,      0.56,      0.64,      0.0725,      0.07,       0.075,     3.52635,      0.482409
    434,         9,        25,          0.68,      0.64,      0.72,      0.0725,      0.07,       0.075,     1.63604,      0.266524
    435,        10,        25,          0.76,      0.72,       0.8,      0.0725,      0.07,       0.075,    0.607701,      0.107786
    436,        11,        25,          0.84,       0.8,      0.88,      0.0725,      0.07,       0.075,    0.135898,     0.0357076
    437,        12,        25,          0.92,      0.88,      0.96,      0.0725,      0.07,       0.075,   0.0335953,     0.0139402
    438,        13,        25,             1,      0.96,      1.04,      0.0725,      0.07,       0.075, 8.98554e-05,   8.98554e-05
    439,        14,        25,          1.08,      1.04,      1.12,      0.0725,      0.07,       0.075,           0,             0
    440,        15,        25,          1.16,      1.12,       1.2,      0.0725,      0.07,       0.075,           0,             0
    443,         1,        26,          0.04,         0,      0.08,      0.0775,     0.075,        0.08,           0,             0
    444,         2,        26,          0.12,      0.08,      0.16,      0.0775,     0.075,        0.08,           0,             0
    445,         3,        26,           0.2,      0.16,      0.24,      0.0775,     0.075,        0.08,           0,             0
    446,         4,        26,          0.28,      0.24,      0.32,      0.0775,     0.075,        0.08,     91.5802,       27.0879
    447,         5,        26,          0.36,      0.32,       0.4,      0.0775,     0.075,        0.08,     47.0302,       9.70305
    448,         6,        26,          0.44,       0.4,      0.48,      0.0775,     0.075,        0.08,     14.4547,       1.79079
    449,         7,        26,          0.52,      0.48,      0.56,      0.0775,     0.075,        0.08,      5.8683,       0.85258
    450,         8,        26,           0.6,      0.56,      0.64,      0.0775,     0.075,        0.08,      3.1403,      0.465259
    451,         9,        26,          0.68,      0.64,      0.72,      0.0775,     0.075,        0.08,     1.64391,      0.271517
    452,        10,        26,          0.76,      0.72,       0.8,      0.0775,     0.075,        0.08,    0.551559,      0.117048
    453,        11,        26,          0.84,       0.8,      0.88,      0.0775,     0.075,        0.08,   0.0542961,     0.0211794
    454,        12,        26,          0.92,      0.88,      0.96,      0.0775,     0.075,        0.08,   0.0178938,    0.00894748
    455,        13,        26,             1,      0.96,      1.04,      0.0775,     0.075,        0.08,           0,             0
    456,        14,        26,          1.08,      1.04,      1.12,      0.0775,     0.075,        0.08,           0,             0
    457,        15,        26,          1.16,      1.12,       1.2,      0.0775,     0.075,        0.08,           0,             0
    460,         1,        27,          0.04,         0,      0.08,      0.0825,      0.08,       0.085,           0,             0
    461,         2,        27,          0.12,      0.08,      0.16,      0.0825,      0.08,       0.085,           0,             0
    462,         3,        27,           0.2,      0.16,      0.24,      0.0825,      0.08,       0.085,     46.8542,       27.1105
    463,         4,        27,          0.28,      0.24,      0.32,      0.0825,      0.08,       0.085,     43.0752,       13.5891
    464,         5,        27,          0.36,      0.32,       0.4,      0.0825,      0.08,       0.085,     38.8767,       6.37027
    465,         6,        27,          0.44,       0.4,      0.48,      0.0825,      0.08,       0.085,     16.6493,       1.86529
    466,         7,        27,          0.52,      0.48,      0.56,      0.0825,      0.08,       0.085,     6.38527,      0.934415
    467,         8,        27,           0.6,      0.56,      0.64,      0.0825,      0.08,       0.085,     3.73912,      0.541583
    468,         9,        27,          0.68,      0.64,      0.72,      0.0825,      0.08,       0.085,     1.53377,      0.271641
    469,        10,        27,          0.76,      0.72,       0.8,      0.0825,      0.08,       0.085,    0.407394,     0.0944692
    470,        11,        27,          0.84,       0.8,      0.88,      0.0825,      0.08,       0.085,    0.112923,     0.0303983
    471,        12,        27,          0.92,      0.88,      0.96,      0.0825,      0.08,       0.085,   0.0183041,    0.00801558
    472,        13,        27,             1,      0.96,      1.04,      0.0825,      0.08,       0.085,           0,             0
    473,        14,        27,          1.08,      1.04,      1.12,      0.0825,      0.08,       0.085,           0,             0
    474,        15,        27,          1.16,      1.12,       1.2,      0.0825,      0.08,       0.085,           0,             0
    477,         1,        28,          0.04,         0,      0.08,      0.0875,     0.085,        0.09,           0,             0
    478,         2,        28,          0.12,      0.08,      0.16,      0.0875,     0.085,        0.09,           0,             0
    479,         3,        28,           0.2,      0.16,      0.24,      0.0875,     0.085,        0.09,     15.0282,       15.0282
    480,         4,        28,          0.28,      0.24,      0.32,      0.0875,     0.085,        0.09,     65.8327,       25.6294
    481,         5,        28,          0.36,      0.32,       0.4,      0.0875,     0.085,        0.09,     29.2519,       4.40589
    482,         6,        28,          0.44,       0.4,      0.48,      0.0875,     0.085,        0.09,     14.1978,       1.74062
    483,         7,        28,          0.52,      0.48,      0.56,      0.0875,     0.085,        0.09,     6.49957,      0.934049
    484,         8,        28,           0.6,      0.56,      0.64,      0.0875,     0.085,        0.09,     3.29242,      0.510663
    485,         9,        28,          0.68,      0.64,      0.72,      0.0875,     0.085,        0.09,    0.946565,      0.185955
    486,        10,        28,          0.76,      0.72,       0.8,      0.0875,     0.085,        0.09,    0.471297,      0.098365
    487,        11,        28,          0.84,       0.8,      0.88,      0.0875,     0.085,        0.09,    0.085557,     0.0251169
    488,        12,        28,          0.92,      0.88,      0.96,      0.0875,     0.085,        0.09,  0.00652749,    0.00631519
    489,        13,        28,             1,      0.96,      1.04,      0.0875,     0.085,        0.09,  0.00198429,    0.00198429
    490,        14,        28,          1.08,      1.04,      1.12,      0.0875,     0.085,        0.09,           0,             0
    491,        15,        28,          1.16,      1.12,       1.2,      0.0875,     0.085,        0.09,           0,             0
    494,         1,        29,          0.04,         0,      0.08,      0.0925,      0.09,       0.095,           0,             0
    495,         2,        29,          0.12,      0.08,      0.16,      0.0925,      0.09,       0.095,           0,             0
    496,         3,        29,           0.2,      0.16,      0.24,      0.0925,      0.09,       0.095,           0,             0
    497,         4,        29,          0.28,      0.24,      0.32,      0.0925,      0.09,       0.095,     44.7498,       13.1874
    498,         5,        29,          0.36,      0.32,       0.4,      0.0925,      0.09,       0.095,      36.031,       5.74152
    499,         6,        29,          0.44,       0.4,      0.48,      0.0925,      0.09,       0.095,      9.7394,       1.53238
    500,         7,        29,          0.52,      0.48,      0.56,      0.0925,      0.09,       0.095,     6.91313,       1.02145
    501,         8,        29,           0.6,      0.56,      0.64,      0.0925,      0.09,       0.095,     2.16992,      0.388849
    502,         9,        29,          0.68,      0.64,      0.72,      0.0925,      0.09,       0.095,     1.75068,       0.29668
    503,        10,        29,          0.76,      0.72,       0.8,      0.0925,      0.09,       0.095,    0.509662,       0.11416
    504,        11,        29,          0.84,       0.8,      0.88,      0.0925,      0.09,       0.095,   0.0461559,     0.0230325
    505,        12,        29,          0.92,      0.88,      0.96,      0.0925,      0.09,       0.095,   0.0225711,     0.0120762
    506,        13,        29,             1,      0.96,      1.04,      0.0925,      0.09,       0.095, 0.000972559,   0.000972559
    507,        14,        29,          1.08,      1.04,      1.12,      0.0925,      0.09,       0.095,           0,             0
    508,        15,        29,          1.16,      1.12,       1.2,      0.0925,      0.09,       0.095,           0,             0
    511,         1,        30,          0.04,         0,      0.08,      0.0975,     0.095,         0.1,           0,             0
    512,         2,        30,          0.12,      0.08,      0.16,      0.0975,     0.095,         0.1,           0,             0
    513,         3,        30,           0.2,      0.16,      0.24,      0.0975,     0.095,         0.1,           0,             0
    514,         4,        30,          0.28,      0.24,      0.32,      0.0975,     0.095,         0.1,      111.82,       40.3799
    515,         5,        30,          0.36,      0.32,       0.4,      0.0975,     0.095,         0.1,      36.388,       5.78935
    516,         6,        30,          0.44,       0.4,      0.48,      0.0975,     0.095,         0.1,     13.7537,       1.91272
    517,         7,        30,          0.52,      0.48,      0.56,      0.0975,     0.095,         0.1,     7.54972,       1.15424
    518,         8,        30,           0.6,      0.56,      0.64,      0.0975,     0.095,         0.1,     2.81307,      0.464924
    519,         9,        30,          0.68,      0.64,      0.72,      0.0975,     0.095,         0.1,      1.8238,      0.307947
    520,        10,        30,          0.76,      0.72,       0.8,      0.0975,     0.095,         0.1,    0.588568,      0.153791
    521,        11,        30,          0.84,       0.8,      0.88,      0.0975,     0.095,         0.1,    0.173313,      0.048022
    522,        12,        30,          0.92,      0.88,      0.96,      0.0975,     0.095,         0.1,   0.0202488,     0.0111098
    523,        13,        30,             1,      0.96,      1.04,      0.0975,     0.095,         0.1,           0,             0
    524,        14,        30,          1.08,      1.04,      1.12,      0.0975,     0.095,         0.1,           0,             0
    525,        15,        30,          1.16,      1.12,       1.2,      0.0975,     0.095,         0.1,           0,             0
    528,         1,        31,          0.04,         0,      0.08,      0.1025,       0.1,       0.105,           0,             0
    529,         2,        31,          0.12,      0.08,      0.16,      0.1025,       0.1,       0.105,           0,             0
    530,         3,        31,           0.2,      0.16,      0.24,      0.1025,       0.1,       0.105,           0,             0
    531,         4,        31,          0.28,      0.24,      0.32,      0.1025,       0.1,       0.105,     67.6504,        24.701
    532,         5,        31,          0.36,      0.32,       0.4,      0.1025,       0.1,       0.105,     37.4946,       7.37026
    533,         6,        31,          0.44,       0.4,      0.48,      0.1025,       0.1,       0.105,     14.1802,       2.02632
    534,         7,        31,          0.52,      0.48,      0.56,      0.1025,       0.1,       0.105,     4.44852,      0.760438
    535,         8,        31,           0.6,      0.56,      0.64,      0.1025,       0.1,       0.105,     3.35356,      0.546767
    536,         9,        31,          0.68,      0.64,      0.72,      0.1025,       0.1,       0.105,     1.09394,      0.219707
    537,        10,        31,          0.76,      0.72,       0.8,      0.1025,       0.1,       0.105,    0.579923,       0.12225
    538,        11,        31,          0.84,       0.8,      0.88,      0.1025,       0.1,       0.105,    0.122997,     0.0393198
    539,        12,        31,          0.92,      0.88,      0.96,      0.1025,       0.1,       0.105,   0.0354255,     0.0153357
    540,        13,        31,             1,      0.96,      1.04,      0.1025,       0.1,       0.105,           0,             0
    541,        14,        31,          1.08,      1.04,      1.12,      0.1025,       0.1,       0.105,           0,             0
    542,        15,        31,          1.16,      1.12,       1.2,      0.1025,       0.1,       0.105,           0,             0
    545,         1,        32,          0.04,         0,      0.08,      0.1075,     0.105,        0.11,           0,             0
    546,         2,        32,          0.12,      0.08,      0.16,      0.1075,     0.105,        0.11,           0,             0
    547,         3,        32,           0.2,      0.16,      0.24,      0.1075,     0.105,        0.11,           0,             0
    548,         4,        32,          0.28,      0.24,      0.32,      0.1075,     0.105,        0.11,     48.9881,       17.1121
    549,         5,        32,          0.36,      0.32,       0.4,      0.1075,     0.105,        0.11,     44.8074,       8.02589
    550,         6,        32,          0.44,       0.4,      0.48,      0.1075,     0.105,        0.11,     17.3874,       2.43668
    551,         7,        32,          0.52,      0.48,      0.56,      0.1075,     0.105,        0.11,      7.3734,       1.15258
    552,         8,        32,           0.6,      0.56,      0.64,      0.1075,     0.105,        0.11,      2.5064,      0.447056
    553,         9,        32,          0.68,      0.64,      0.72,      0.1075,     0.105,        0.11,     1.24114,      0.266993
    554,        10,        32,          0.76,      0.72,       0.8,      0.1075,     0.105,        0.11,    0.499106,      0.113593
    555,        11,        32,          0.84,       0.8,      0.88,      0.1075,     0.105,        0.11,    0.192508,     0.0590979
    556,        12,        32,          0.92,      0.88,      0.96,      0.1075,     0.105,        0.11,   0.0195735,     0.0103784
    557,        13,        32,             1,      0.96,      1.04,      0.1075,     0.105,        0.11,  0.00649431,    0.00466941
    558,        14,        32,          1.08,      1.04,      1.12,      0.1075,     0.105,        0.11,           0,             0
    559,        15,        32,          1.16,      1.12,       1.2,      0.1075,     0.105,        0.11,           0,             0
    562,         1,        33,          0.04,         0,      0.08,      0.1125,      0.11,       0.115,           0,             0
    563,         2,        33,          0.12,      0.08,      0.16,      0.1125,      0.11,       0.115,           0,             0
    564,         3,        33,           0.2,      0.16,      0.24,      0.1125,      0.11,       0.115,           0,             0
    565,         4,        33,          0.28,      0.24,      0.32,      0.1125,      0.11,       0.115,     45.7275,       20.9501
    566,         5,        33,          0.36,      0.32,       0.4,      0.1125,      0.11,       0.115,     46.2973,       8.84678
    567,         6,        33,          0.44,       0.4,      0.48,      0.1125,      0.11,       0.115,     17.5111,         2.606
    568,         7,        33,          0.52,      0.48,      0.56,      0.1125,      0.11,       0.115,     7.70714,       1.13395
    569,         8,        33,           0.6,      0.56,      0.64,      0.1125,      0.11,       0.115,     3.23144,      0.578953
    570,         9,        33,          0.68,      0.64,      0.72,      0.1125,      0.11,       0.115,     1.53831,      0.293325
    571,        10,        33,          0.76,      0.72,       0.8,      0.1125,      0.11,       0.115,    0.525039,      0.119763
    572,        11,        33,          0.84,       0.8,      0.88,      0.1125,      0.11,       0.115,    0.289088,     0.0817499
    573,        12,        33,          0.92,      0.88,      0.96,      0.1125,      0.11,       0.115,   0.0238779,     0.0113709
    574,        13,        33,             1,      0.96,      1.04,      0.1125,      0.11,       0.115,  0.00127831,    0.00127831
    575,        14,        33,          1.08,      1.04,      1.12,      0.1125,      0.11,       0.115,           0,             0
    576,        15,        33,          1.16,      1.12,       1.2,      0.1125,      0.11,       0.115,           0,             0
    579,         1,        34,          0.04,         0,      0.08,      0.1175,     0.115,        0.12,           0,             0
    580,         2,        34,          0.12,      0.08,      0.16,      0.1175,     0.115,        0.12,           0,             0
    581,         3,        34,           0.2,      0.16,      0.24,      0.1175,     0.115,        0.12,           0,             0
    582,         4,        34,          0.28,      0.24,      0.32,      0.1175,     0.115,        0.12,     21.5718,       10.8885
    583,         5,        34,          0.36,      0.32,       0.4,      0.1175,     0.115,        0.12,     43.7497,       9.39228
    584,         6,        34,          0.44,       0.4,      0.48,      0.1175,     0.115,        0.12,     17.3899,       2.37642
    585,         7,        34,          0.52,      0.48,      0.56,      0.1175,     0.115,        0.12,     7.66613,       1.15364
    586,         8,        34,           0.6,      0.56,      0.64,      0.1175,     0.115,        0.12,     2.98691,      0.529355
    587,         9,        34,          0.68,      0.64,      0.72,      0.1175,     0.115,        0.12,     1.30672,      0.270871
    588,        10,        34,          0.76,      0.72,       0.8,      0.1175,     0.115,        0.12,    0.641685,      0.152587
    589,        11,        34,          0.84,       0.8,      0.88,      0.1175,     0.115,        0.12,    0.121534,     0.0422773
    590,        12,        34,          0.92,      0.88,      0.96,      0.1175,     0.115,        0.12,   0.0624543,     0.0229541
    591,        13,        34,             1,      0.96,      1.04,      0.1175,     0.115,        0.12,           0,             0
    592,        14,        34,          1.08,      1.04,      1.12,      0.1175,     0.115,        0.12,           0,             0
    593,        15,        34,          1.16,      1.12,       1.2,      0.1175,     0.115,        0.12,           0,             0
    596,         1,        35,          0.04,         0,      0.08,      0.1225,      0.12,       0.125,           0,             0
    597,         2,        35,          0.12,      0.08,      0.16,      0.1225,      0.12,       0.125,           0,             0
    598,         3,        35,           0.2,      0.16,      0.24,      0.1225,      0.12,       0.125,           0,             0
    599,         4,        35,          0.28,      0.24,      0.32,      0.1225,      0.12,       0.125,     19.6993,       14.3857
    600,         5,        35,          0.36,      0.32,       0.4,      0.1225,      0.12,       0.125,     39.9745,       9.98277
    601,         6,        35,          0.44,       0.4,      0.48,      0.1225,      0.12,       0.125,     16.3709,       2.57504
    602,         7,        35,          0.52,      0.48,      0.56,      0.1225,      0.12,       0.125,     7.89273,       1.34567
    603,         8,        35,           0.6,      0.56,      0.64,      0.1225,      0.12,       0.125,     2.83626,      0.511168
    604,         9,        35,          0.68,      0.64,      0.72,      0.1225,      0.12,       0.125,     1.34179,      0.332068
    605,        10,        35,          0.76,      0.72,       0.8,      0.1225,      0.12,       0.125,    0.670954,      0.162175
    606,        11,        35,          0.84,       0.8,      0.88,      0.1225,      0.12,       0.125,     0.14588,     0.0481564
    607,        12,        35,          0.92,      0.88,      0.96,      0.1225,      0.12,       0.125,   0.0235154,    0.00958438
    608,        13,        35,             1,      0.96,      1.04,      0.1225,      0.12,       0.125,  0.00193564,    0.00193564
    609,        14,        35,          1.08,      1.04,      1.12,      0.1225,      0.12,       0.125,           0,             0
    610,        15,        35,          1.16,      1.12,       1.2,      0.1225,      0.12,       0.125,           0,             0
    613,         1,        36,          0.04,         0,      0.08,      0.1275,     0.125,        0.13,           0,             0
    614,         2,        36,          0.12,      0.08,      0.16,      0.1275,     0.125,        0.13,           0,             0
    615,         3,        36,           0.2,      0.16,      0.24,      0.1275,     0.125,        0.13,           0,             0
    616,         4,        36,          0.28,      0.24,      0.32,      0.1275,     0.125,        0.13,     18.6704,       13.4504
    617,         5,        36,          0.36,      0.32,       0.4,      0.1275,     0.125,        0.13,      30.668,       8.71043
    618,         6,        36,          0.44,       0.4,      0.48,      0.1275,     0.125,        0.13,      15.451,       2.63692
    619,         7,        36,          0.52,      0.48,      0.56,      0.1275,     0.125,        0.13,     8.13534,       1.24124
    620,         8,        36,           0.6,      0.56,      0.64,      0.1275,     0.125,        0.13,     3.12893,        0.6359
    621,         9,        36,          0.68,      0.64,      0.72,      0.1275,     0.125,        0.13,     2.07255,      0.386474
    622,        10,        36,          0.76,      0.72,       0.8,      0.1275,     0.125,        0.13,     0.87249,      0.182112
    623,        11,        36,          0.84,       0.8,      0.88,      0.1275,     0.125,        0.13,    0.223126,     0.0619844
    624,        12,        36,          0.92,      0.88,      0.96,      0.1275,     0.125,        0.13,   0.0446678,     0.0227753
    625,        13,        36,             1,      0.96,      1.04,      0.1275,     0.125,        0.13,   0.0085585,    0.00608297
    626,        14,        36,          1.08,      1.04,      1.12,      0.1275,     0.125,        0.13,           0,             0
    627,        15,        36,          1.16,      1.12,       1.2,      0.1275,     0.125,        0.13,           0,             0
    630,         1,        37,          0.04,         0,      0.08,      0.1325,      0.13,       0.135,           0,             0
    631,         2,        37,          0.12,      0.08,      0.16,      0.1325,      0.13,       0.135,           0,             0
    632,         3,        37,           0.2,      0.16,      0.24,      0.1325,      0.13,       0.135,           0,             0
    633,         4,        37,          0.28,      0.24,      0.32,      0.1325,      0.13,       0.135,     10.6068,       7.50919
    634,         5,        37,          0.36,      0.32,       0.4,      0.1325,      0.13,       0.135,     21.5767,       6.82755
    635,         6,        37,          0.44,       0.4,      0.48,      0.1325,      0.13,       0.135,     16.1071,       2.67964
    636,         7,        37,          0.52,      0.48,      0.56,      0.1325,      0.13,       0.135,     6.91282,       1.10371
    637,         8,        37,           0.6,      0.56,      0.64,      0.1325,      0.13,       0.135,     3.23939,      0.625162
    638,         9,        37,          0.68,      0.64,      0.72,      0.1325,      0.13,       0.135,     1.35108,      0.283953
    639,        10,        37,          0.76,      0.72,       0.8,      0.1325,      0.13,       0.135,    0.440217,      0.104266
    640,        11,        37,          0.84,       0.8,      0.88,      0.1325,      0.13,       0.135,    0.173513,     0.0508412
    641,        12,        37,          0.92,      0.88,      0.96,      0.1325,      0.13,       0.135,   0.0667558,     0.0259781
    642,        13,        37,             1,      0.96,      1.04,      0.1325,      0.13,       0.135,   0.0170275,    0.00941755
    643,        14,        37,          1.08,      1.04,      1.12,      0.1325,      0.13,       0.135,           0,             0
    644,        15,        37,          1.16,      1.12,       1.2,      0.1325,      0.13,       0.135,           0,             0
    647,         1,        38,          0.04,         0,      0.08,      0.1375,     0.135,        0.14,           0,             0
    648,         2,        38,          0.12,      0.08,      0.16,      0.1375,     0.135,        0.14,           0,             0
    649,         3,        38,           0.2,      0.16,      0.24,      0.1375,     0.135,        0.14,           0,             0
    650,         4,        38,          0.28,      0.24,      0.32,      0.1375,     0.135,        0.14,           0,             0
    651,         5,        38,          0.36,      0.32,       0.4,      0.1375,     0.135,        0.14,     42.3623,       10.8562
    652,         6,        38,          0.44,       0.4,      0.48,      0.1375,     0.135,        0.14,     17.5109,       3.83513
    653,         7,        38,          0.52,      0.48,      0.56,      0.1375,     0.135,        0.14,     10.1323,       1.50143
    654,         8,        38,           0.6,      0.56,      0.64,      0.1375,     0.135,        0.14,     2.97604,      0.613573
    655,         9,        38,          0.68,      0.64,      0.72,      0.1375,     0.135,        0.14,     1.28487,      0.293624
    656,        10,        38,          0.76,      0.72,       0.8,      0.1375,     0.135,        0.14,    0.684912,      0.134873
    657,        11,        38,          0.84,       0.8,      0.88,      0.1375,     0.135,        0.14,    0.308206,     0.0799661
    658,        12,        38,          0.92,      0.88,      0.96,      0.1375,     0.135,        0.14,   0.0227355,     0.0131844
    659,        13,        38,             1,      0.96,      1.04,      0.1375,     0.135,        0.14,           0,             0
    660,        14,        38,          1.08,      1.04,      1.12,      0.1375,     0.135,        0.14,           0,             0
    661,        15,        38,          1.16,      1.12,       1.2,      0.1375,     0.135,        0.14,           0,             0
    664,         1,        39,          0.04,         0,      0.08,      0.1425,      0.14,       0.145,           0,             0
    665,         2,        39,          0.12,      0.08,      0.16,      0.1425,      0.14,       0.145,           0,             0
    666,         3,        39,           0.2,      0.16,      0.24,      0.1425,      0.14,       0.145,           0,             0
    667,         4,        39,          0.28,      0.24,      0.32,      0.1425,      0.14,       0.145,           0,             0
    668,         5,        39,          0.36,      0.32,       0.4,      0.1425,      0.14,       0.145,      21.787,        7.7379
    669,         6,        39,          0.44,       0.4,      0.48,      0.1425,      0.14,       0.145,     19.9924,       3.62578
    670,         7,        39,          0.52,      0.48,      0.56,      0.1425,      0.14,       0.145,     8.05818,       1.32301
    671,         8,        39,           0.6,      0.56,      0.64,      0.1425,      0.14,       0.145,     4.17879,      0.695835
    672,         9,        39,          0.68,      0.64,      0.72,      0.1425,      0.14,       0.145,     1.68516,      0.376164
    673,        10,        39,          0.76,      0.72,       0.8,      0.1425,      0.14,       0.145,    0.654075,      0.189547
    674,        11,        39,          0.84,       0.8,      0.88,      0.1425,      0.14,       0.145,    0.191349,     0.0644012
    675,        12,        39,          0.92,      0.88,      0.96,      0.1425,      0.14,       0.145,   0.0878744,     0.0336994
    676,        13,        39,             1,      0.96,      1.04,      0.1425,      0.14,       0.145,  0.00572248,    0.00572248
    677,        14,        39,          1.08,      1.04,      1.12,      0.1425,      0.14,       0.145,           0,             0
    678,        15,        39,          1.16,      1.12,       1.2,      0.1425,      0.14,       0.145,           0,             0
    681,         1,        40,          0.04,         0,      0.08,      0.1475,     0.145,        0.15,           0,             0
    682,         2,        40,          0.12,      0.08,      0.16,      0.1475,     0.145,        0.15,           0,             0
    683,         3,        40,           0.2,      0.16,      0.24,      0.1475,     0.145,        0.15,           0,             0
    684,         4,        40,          0.28,      0.24,      0.32,      0.1475,     0.145,        0.15,     18.1468,       18.1468
    685,         5,        40,          0.36,      0.32,       0.4,      0.1475,     0.145,        0.15,     20.8896,       8.21932
    686,         6,        40,          0.44,       0.4,      0.48,      0.1475,     0.145,        0.15,     22.1192,       6.21112
    687,         7,        40,          0.52,      0.48,      0.56,      0.1475,     0.145,        0.15,     7.95671,       1.44498
    688,         8,        40,           0.6,      0.56,      0.64,      0.1475,     0.145,        0.15,     5.01929,      0.910137
    689,         9,        40,          0.68,      0.64,      0.72,      0.1475,     0.145,        0.15,     1.67936,      0.355696
    690,        10,        40,          0.76,      0.72,       0.8,      0.1475,     0.145,        0.15,    0.903388,      0.209524
    691,        11,        40,          0.84,       0.8,      0.88,      0.1475,     0.145,        0.15,    0.243584,     0.0800457
    692,        12,        40,          0.92,      0.88,      0.96,      0.1475,     0.145,        0.15,   0.0337249,     0.0168176
    693,        13,        40,             1,      0.96,      1.04,      0.1475,     0.145,        0.15,  0.00561146,    0.00406463
    694,        14,        40,          1.08,      1.04,      1.12,      0.1475,     0.145,        0.15,           0,             0
    695,        15,        40,          1.16,      1.12,       1.2,      0.1475,     0.145,        0.15,           0,             0
    698,         1,        41,          0.04,         0,      0.08,      0.1525,      0.15,       0.155,           0,             0
    699,         2,        41,          0.12,      0.08,      0.16,      0.1525,      0.15,       0.155,           0,             0
    700,         3,        41,           0.2,      0.16,      0.24,      0.1525,      0.15,       0.155,           0,             0
    701,         4,        41,          0.28,      0.24,      0.32,      0.1525,      0.15,       0.155,           0,             0
    702,         5,        41,          0.36,      0.32,       0.4,      0.1525,      0.15,       0.155,       34.69,       11.2826
    703,         6,        41,          0.44,       0.4,      0.48,      0.1525,      0.15,       0.155,     19.3055,       4.02506
    704,         7,        41,          0.52,      0.48,      0.56,      0.1525,      0.15,       0.155,     11.5658,       1.85449
    705,         8,        41,           0.6,      0.56,      0.64,      0.1525,      0.15,       0.155,     4.30467,      0.813732
    706,         9,        41,          0.68,      0.64,      0.72,      0.1525,      0.15,       0.155,     1.26701,      0.265312
    707,        10,        41,          0.76,      0.72,       0.8,      0.1525,      0.15,       0.155,    0.725616,      0.177593
    708,        11,        41,          0.84,       0.8,      0.88,      0.1525,      0.15,       0.155,    0.209635,     0.0636134
    709,        12,        41,          0.92,      0.88,      0.96,      0.1525,      0.15,       0.155,   0.0412818,     0.0186534
    710,        13,        41,             1,      0.96,      1.04,      0.1525,      0.15,       0.155,  0.00328062,    0.00328062
    711,        14,        41,          1.08,      1.04,      1.12,      0.1525,      0.15,       0.155,           0,             0
    712,        15,        41,          1.16,      1.12,       1.2,      0.1525,      0.15,       0.155,           0,             0
    715,         1,        42,          0.04,         0,      0.08,      0.1575,     0.155,        0.16,           0,             0
    716,         2,        42,          0.12,      0.08,      0.16,      0.1575,     0.155,        0.16,           0,             0
    717,         3,        42,           0.2,      0.16,      0.24,      0.1575,     0.155,        0.16,           0,             0
    718,         4,        42,          0.28,      0.24,      0.32,      0.1575,     0.155,        0.16,     54.4171,       54.4171
    719,         5,        42,          0.36,      0.32,       0.4,      0.1575,     0.155,        0.16,     35.4983,       18.0742
    720,         6,        42,          0.44,       0.4,      0.48,      0.1575,     0.155,        0.16,     23.6339,       5.59435
    721,         7,        42,          0.52,      0.48,      0.56,      0.1575,     0.155,        0.16,     7.13651,       1.21269
    722,         8,        42,           0.6,      0.56,      0.64,      0.1575,     0.155,        0.16,     3.79907,      0.801805
    723,         9,        42,          0.68,      0.64,      0.72,      0.1575,     0.155,        0.16,     2.21614,      0.474621
    724,        10,        42,          0.76,      0.72,       0.8,      0.1575,     0.155,        0.16,    0.644997,      0.163723
    725,        11,        42,          0.84,       0.8,      0.88,      0.1575,     0.155,        0.16,    0.339475,     0.0877256
    726,        12,        42,          0.92,      0.88,      0.96,      0.1575,     0.155,        0.16,   0.0511078,     0.0214519
    727,        13,        42,             1,      0.96,      1.04,      0.1575,     0.155,        0.16,  0.00767909,    0.00456258
    728,        14,        42,          1.08,      1.04,      1.12,      0.1575,     0.155,        0.16,           0,             0
    729,        15,        42,          1.16,      1.12,       1.2,      0.1575,     0.155,        0.16,           0,             0
    732,         1,        43,          0.04,         0,      0.08,      0.1625,      0.16,       0.165,           0,             0
    733,         2,        43,          0.12,      0.08,      0.16,      0.1625,      0.16,       0.165,           0,             0
    734,         3,        43,           0.2,      0.16,      0.24,      0.1625,      0.16,       0.165,           0,             0
    735,         4,        43,          0.28,      0.24,      0.32,      0.1625,      0.16,       0.165,           0,             0
    736,         5,        43,          0.36,      0.32,       0.4,      0.1625,      0.16,       0.165,     26.0378,       10.6552
    737,         6,        43,          0.44,       0.4,      0.48,      0.1625,      0.16,       0.165,     12.5864,       3.36519
    738,         7,        43,          0.52,      0.48,      0.56,      0.1625,      0.16,       0.165,     13.6076,       3.31492
    739,         8,        43,           0.6,      0.56,      0.64,      0.1625,      0.16,       0.165,     5.89419,       1.07736
    740,         9,        43,          0.68,      0.64,      0.72,      0.1625,      0.16,       0.165,     2.68908,      0.484986
    741,        10,        43,          0.76,      0.72,       0.8,      0.1625,      0.16,       0.165,    0.861147,      0.189122
    742,        11,        43,          0.84,       0.8,      0.88,      0.1625,      0.16,       0.165,    0.261193,     0.0866931
    743,        12,        43,          0.92,      0.88,      0.96,      0.1625,      0.16,       0.165,   0.0770296,     0.0335844
    744,        13,        43,             1,      0.96,      1.04,      0.1625,      0.16,       0.165,    0.011874,    0.00840343
    745,        14,        43,          1.08,      1.04,      1.12,      0.1625,      0.16,       0.165,           0,             0
    746,        15,        43,          1.16,      1.12,       1.2,      0.1625,      0.16,       0.165,           0,             0
    749,         1,        44,          0.04,         0,      0.08,      0.1675,     0.165,        0.17,           0,             0
    750,         2,        44,          0.12,      0.08,      0.16,      0.1675,     0.165,        0.17,           0,             0
    751,         3,        44,           0.2,      0.16,      0.24,      0.1675,     0.165,        0.17,           0,             0
    752,         4,        44,          0.28,      0.24,      0.32,      0.1675,     0.165,        0.17,           0,             0
    753,         5,        44,          0.36,      0.32,       0.4,      0.1675,     0.165,        0.17,     58.4783,       30.7996
    754,         6,        44,          0.44,       0.4,      0.48,      0.1675,     0.165,        0.17,     21.3043,       5.18505
    755,         7,        44,          0.52,      0.48,      0.56,      0.1675,     0.165,        0.17,     9.32518,        1.6481
    756,         8,        44,           0.6,      0.56,      0.64,      0.1675,     0.165,        0.17,     3.96325,      0.752506
    757,         9,        44,          0.68,      0.64,      0.72,      0.1675,     0.165,        0.17,     1.50768,      0.424878
    758,        10,        44,          0.76,      0.72,       0.8,      0.1675,     0.165,        0.17,    0.637867,      0.179341
    759,        11,        44,          0.84,       0.8,      0.88,      0.1675,     0.165,        0.17,    0.519753,      0.138857
    760,        12,        44,          0.92,      0.88,      0.96,      0.1675,     0.165,        0.17,    0.130217,     0.0537466
    761,        13,        44,             1,      0.96,      1.04,      0.1675,     0.165,        0.17,   0.0128335,    0.00800686
    762,        14,        44,          1.08,      1.04,      1.12,      0.1675,     0.165,        0.17,  0.00284946,    0.00284946
    763,        15,        44,          1.16,      1.12,       1.2,      0.1675,     0.165,        0.17,           0,             0
    766,         1,        45,          0.04,         0,      0.08,      0.1725,      0.17,       0.175,           0,             0
    767,         2,        45,          0.12,      0.08,      0.16,      0.1725,      0.17,       0.175,           0,             0
    768,         3,        45,           0.2,      0.16,      0.24,      0.1725,      0.17,       0.175,           0,             0
    769,         4,        45,          0.28,      0.24,      0.32,      0.1725,      0.17,       0.175,           0,             0
    770,         5,        45,          0.36,      0.32,       0.4,      0.1725,      0.17,       0.175,     25.5499,       13.3061
    771,         6,        45,          0.44,       0.4,      0.48,      0.1725,      0.17,       0.175,     24.4391,       6.94708
    772,         7,        45,          0.52,      0.48,      0.56,      0.1725,      0.17,       0.175,     11.5166,        2.0835
    773,         8,        45,           0.6,      0.56,      0.64,      0.1725,      0.17,       0.175,     5.27615,       1.05558
    774,         9,        45,          0.68,      0.64,      0.72,      0.1725,      0.17,       0.175,     1.46687,      0.296268
    775,        10,        45,          0.76,      0.72,       0.8,      0.1725,      0.17,       0.175,    0.833706,       0.20011
    776,        11,        45,          0.84,       0.8,      0.88,      0.1725,      0.17,       0.175,    0.523868,      0.144295
    777,        12,        45,          0.92,      0.88,      0.96,      0.1725,      0.17,       0.175,   0.0860147,     0.0421539
    778,        13,        45,             1,      0.96,      1.04,      0.1725,      0.17,       0.175,   0.0174639,    0.00965772
    779,        14,        45,          1.08,      1.04,      1.12,      0.1725,      0.17,       0.175, 6.02713e-07,   6.02713e-07
    780,        15,        45,          1.16,      1.12,       1.2,      0.1725,      0.17,       0.175,           0,             0
    783,         1,        46,          0.04,         0,      0.08,      0.1775,     0.175,        0.18,           0,             0
    784,         2,        46,          0.12,      0.08,      0.16,      0.1775,     0.175,        0.18,           0,             0
    785,         3,        46,           0.2,      0.16,      0.24,      0.1775,     0.175,        0.18,           0,             0
    786,         4,        46,          0.28,      0.24,      0.32,      0.1775,     0.175,        0.18,           0,             0
    787,         5,        46,          0.36,      0.32,       0.4,      0.1775,     0.175,        0.18,     68.5856,       41.8825
    788,         6,        46,          0.44,       0.4,      0.48,      0.1775,     0.175,        0.18,     49.1519,       12.7929
    789,         7,        46,          0.52,      0.48,      0.56,      0.1775,     0.175,        0.18,     12.0667,       2.20308
    790,         8,        46,           0.6,      0.56,      0.64,      0.1775,     0.175,        0.18,     4.78399,      0.994031
    791,         9,        46,          0.68,      0.64,      0.72,      0.1775,     0.175,        0.18,     1.84524,      0.414623
    792,        10,        46,          0.76,      0.72,       0.8,      0.1775,     0.175,        0.18,     0.83495,      0.198727
    793,        11,        46,          0.84,       0.8,      0.88,      0.1775,     0.175,        0.18,    0.269439,     0.0842722
    794,        12,        46,          0.92,      0.88,      0.96,      0.1775,     0.175,        0.18,    0.141073,     0.0524259
    795,        13,        46,             1,      0.96,      1.04,      0.1775,     0.175,        0.18,   0.0227814,     0.0132013
    796,        14,        46,          1.08,      1.04,      1.12,      0.1775,     0.175,        0.18,           0,             0
    797,        15,        46,          1.16,      1.12,       1.2,      0.1775,     0.175,        0.18,           0,             0
    800,         1,        47,          0.04,         0,      0.08,      0.1825,      0.18,       0.185,           0,             0
    801,         2,        47,          0.12,      0.08,      0.16,      0.1825,      0.18,       0.185,           0,             0
    802,         3,        47,           0.2,      0.16,      0.24,      0.1825,      0.18,       0.185,           0,             0
    803,         4,        47,          0.28,      0.24,      0.32,      0.1825,      0.18,       0.185,           0,             0
    804,         5,        47,          0.36,      0.32,       0.4,      0.1825,      0.18,       0.185,    0.662219,      0.662219
    805,         6,        47,          0.44,       0.4,      0.48,      0.1825,      0.18,       0.185,     30.8339,       11.1513
    806,         7,        47,          0.52,      0.48,      0.56,      0.1825,      0.18,       0.185,     15.8268,       2.76087
    807,         8,        47,           0.6,      0.56,      0.64,      0.1825,      0.18,       0.185,     7.29805,       1.23222
    808,         9,        47,          0.68,      0.64,      0.72,      0.1825,      0.18,       0.185,     1.68124,      0.405567
    809,        10,        47,          0.76,      0.72,       0.8,      0.1825,      0.18,       0.185,    0.843913,      0.226249
    810,        11,        47,          0.84,       0.8,      0.88,      0.1825,      0.18,       0.185,    0.365376,      0.138261
    811,        12,        47,          0.92,      0.88,      0.96,      0.1825,      0.18,       0.185,    0.144347,     0.0506619
    812,        13,        47,             1,      0.96,      1.04,      0.1825,      0.18,       0.185,   0.0219294,     0.0132683
    813,        14,        47,          1.08,      1.04,      1.12,      0.1825,      0.18,       0.185,           0,             0
    814,        15,        47,          1.16,      1.12,       1.2,      0.1825,      0.18,       0.185,  0.00187946,    0.00187946
    817,         1,        48,          0.04,         0,      0.08,      0.1875,     0.185,        0.19,           0,             0
    818,         2,        48,          0.12,      0.08,      0.16,      0.1875,     0.185,        0.19,           0,             0
    819,         3,        48,           0.2,      0.16,      0.24,      0.1875,     0.185,        0.19,           0,             0
    820,         4,        48,          0.28,      0.24,      0.32,      0.1875,     0.185,        0.19,           0,             0
    821,         5,        48,          0.36,      0.32,       0.4,      0.1875,     0.185,        0.19,     20.1043,       17.6876
    822,         6,        48,          0.44,       0.4,      0.48,      0.1875,     0.185,        0.19,     48.2004,        14.409
    823,         7,        48,          0.52,      0.48,      0.56,      0.1875,     0.185,        0.19,      14.995,       2.94017
    824,         8,        48,           0.6,      0.56,      0.64,      0.1875,     0.185,        0.19,     5.77643,       1.00726
    825,         9,        48,          0.68,      0.64,      0.72,      0.1875,     0.185,        0.19,     2.58759,      0.510919
    826,        10,        48,          0.76,      0.72,       0.8,      0.1875,     0.185,        0.19,     1.53446,      0.425469
    827,        11,        48,          0.84,       0.8,      0.88,      0.1875,     0.185,        0.19,    0.417793,      0.120122
    828,        12,        48,          0.92,      0.88,      0.96,      0.1875,     0.185,        0.19,    0.102679,     0.0452733
    829,        13,        48,             1,      0.96,      1.04,      0.1875,     0.185,        0.19,   0.0133684,     0.0133684
    830,        14,        48,          1.08,      1.04,      1.12,      0.1875,     0.185,        0.19,           0,             0
    831,        15,        48,          1.16,      1.12,       1.2,      0.1875,     0.185,        0.19,           0,             0
    834,         1,        49,          0.04,         0,      0.08,      0.1925,      0.19,       0.195,           0,             0
    835,         2,        49,          0.12,      0.08,      0.16,      0.1925,      0.19,       0.195,           0,             0
    836,         3,        49,           0.2,      0.16,      0.24,      0.1925,      0.19,       0.195,           0,             0
    837,         4,        49,          0.28,      0.24,      0.32,      0.1925,      0.19,       0.195,           0,             0
    838,         5,        49,          0.36,      0.32,       0.4,      0.1925,      0.19,       0.195,     3.06475,       3.06475
    839,         6,        49,          0.44,       0.4,      0.48,      0.1925,      0.19,       0.195,     38.3878,       16.7973
    840,         7,        49,          0.52,      0.48,      0.56,      0.1925,      0.19,       0.195,      14.046,       2.80611
    841,         8,        49,           0.6,      0.56,      0.64,      0.1925,      0.19,       0.195,      5.2243,        1.0282
    842,         9,        49,          0.68,      0.64,      0.72,      0.1925,      0.19,       0.195,     2.54333,      0.567154
    843,        10,        49,          0.76,      0.72,       0.8,      0.1925,      0.19,       0.195,    0.531246,      0.182377
    844,        11,        49,          0.84,       0.8,      0.88,      0.1925,      0.19,       0.195,     0.41288,      0.123306
    845,        12,        49,          0.92,      0.88,      0.96,      0.1925,      0.19,       0.195,    0.127097,     0.0389131
    846,        13,        49,             1,      0.96,      1.04,      0.1925,      0.19,       0.195,   0.0380045,      0.018528
    847,        14,        49,          1.08,      1.04,      1.12,      0.1925,      0.19,       0.195,           0,             0
    848,        15,        49,          1.16,      1.12,       1.2,      0.1925,      0.19,       0.195,           0,             0
    851,         1,        50,          0.04,         0,      0.08,      0.1975,     0.195,         0.2,           0,             0
    852,         2,        50,          0.12,      0.08,      0.16,      0.1975,     0.195,         0.2,           0,             0
    853,         3,        50,           0.2,      0.16,      0.24,      0.1975,     0.195,         0.2,           0,             0
    854,         4,        50,          0.28,      0.24,      0.32,      0.1975,     0.195,         0.2,           0,             0
    855,         5,        50,          0.36,      0.32,       0.4,      0.1975,     0.195,         0.2,     59.6385,       46.4922
    856,         6,        50,          0.44,       0.4,      0.48,      0.1975,     0.195,         0.2,     32.5055,        13.817
    857,         7,        50,          0.52,      0.48,      0.56,      0.1975,     0.195,         0.2,     16.1906,       2.82928
    858,         8,        50,           0.6,      0.56,      0.64,      0.1975,     0.195,         0.2,     7.74292,       1.37276
    859,         9,        50,          0.68,      0.64,      0.72,      0.1975,     0.195,         0.2,     2.86992,      0.614951
    860,        10,        50,          0.76,      0.72,       0.8,      0.1975,     0.195,         0.2,    0.909423,       0.23223
    861,        11,        50,          0.84,       0.8,      0.88,      0.1975,     0.195,         0.2,    0.455953,      0.125395
    862,        12,        50,          0.92,      0.88,      0.96,      0.1975,     0.195,         0.2,    0.122661,     0.0447791
    863,        13,        50,             1,      0.96,      1.04,      0.1975,     0.195,         0.2,   0.0026647,     0.0026647
    864,        14,        50,          1.08,      1.04,      1.12,      0.1975,     0.195,         0.2,  0.00166134,    0.00166134
    865,        15,        50,          1.16,      1.12,       1.2,      0.1975,     0.195,         0.2,           0,             0
