# 2D Histogram Bin Extraction 
#                   
# histogram parameters:  
# title      : Pm vs. $\theta_{rq}$ (xsec) 
# ybins      : 15 
# ylabel     :  missing momentum, P_{m} [GeV/c] 
# xbins      : 19 
# xlabel     :  in-plane angle, $\theta_{rq}$ [deg] 
# ybin_width : 0.080 
# xbin_width : 10.000 
#                   
# header definitions:
# ib:         (x,y)  bin number 
# xb:         x-axis bin number 
# yb:         y-axis bin number 
# x0:         x-axis central bin value 
# xlow:       x-axis low-edge bin value 
# xup:        x-axis up-edge bin value 
# y0:         y-axis central bin value 
# ylow:       y-axis low-edge bin value 
# yup:        y-axis up-edge bin value 
# zcont:      bin content (z-axis) 
# zcont_err:  bin content error (z-axis) 
#                                        
ib,xb,yb,x0,xlow,xup,y0,ylow,yup,zcont,zcont_err
     22,         1,         1,             0,        -5,         5,        0.04,         0,        0.08,           0,             0
     23,         2,         1,            10,         5,        15,        0.04,         0,        0.08,           0,             0
     24,         3,         1,            20,        15,        25,        0.04,         0,        0.08,           0,             0
     25,         4,         1,            30,        25,        35,        0.04,         0,        0.08,           0,             0
     26,         5,         1,            40,        35,        45,        0.04,         0,        0.08,           0,             0
     27,         6,         1,            50,        45,        55,        0.04,         0,        0.08,           0,             0
     28,         7,         1,            60,        55,        65,        0.04,         0,        0.08,           0,             0
     29,         8,         1,            70,        65,        75,        0.04,         0,        0.08,           0,             0
     30,         9,         1,            80,        75,        85,        0.04,         0,        0.08,           0,             0
     31,        10,         1,            90,        85,        95,        0.04,         0,        0.08,           0,             0
     32,        11,         1,           100,        95,       105,        0.04,         0,        0.08,           0,             0
     33,        12,         1,           110,       105,       115,        0.04,         0,        0.08,           0,             0
     34,        13,         1,           120,       115,       125,        0.04,         0,        0.08,           0,             0
     35,        14,         1,           130,       125,       135,        0.04,         0,        0.08,           0,             0
     36,        15,         1,           140,       135,       145,        0.04,         0,        0.08,           0,             0
     37,        16,         1,           150,       145,       155,        0.04,         0,        0.08,           0,             0
     38,        17,         1,           160,       155,       165,        0.04,         0,        0.08,           0,             0
     39,        18,         1,           170,       165,       175,        0.04,         0,        0.08,           0,             0
     40,        19,         1,           180,       175,       185,        0.04,         0,        0.08,           0,             0
     43,         1,         2,             0,        -5,         5,        0.12,      0.08,        0.16,           0,             0
     44,         2,         2,            10,         5,        15,        0.12,      0.08,        0.16,           0,             0
     45,         3,         2,            20,        15,        25,        0.12,      0.08,        0.16,           0,             0
     46,         4,         2,            30,        25,        35,        0.12,      0.08,        0.16,  0.00436668,    0.00310402
     47,         5,         2,            40,        35,        45,        0.12,      0.08,        0.16,  0.00504023,    0.00143412
     48,         6,         2,            50,        45,        55,        0.12,      0.08,        0.16,  0.00638587,    0.00143436
     49,         7,         2,            60,        55,        65,        0.12,      0.08,        0.16,  0.00571508,    0.00128193
     50,         8,         2,            70,        65,        75,        0.12,      0.08,        0.16,  0.00509786,    0.00162245
     51,         9,         2,            80,        75,        85,        0.12,      0.08,        0.16,  0.00492482,    0.00493254
     52,        10,         2,            90,        85,        95,        0.12,      0.08,        0.16,           0,             0
     53,        11,         2,           100,        95,       105,        0.12,      0.08,        0.16,           0,             0
     54,        12,         2,           110,       105,       115,        0.12,      0.08,        0.16,           0,             0
     55,        13,         2,           120,       115,       125,        0.12,      0.08,        0.16,           0,             0
     56,        14,         2,           130,       125,       135,        0.12,      0.08,        0.16,           0,             0
     57,        15,         2,           140,       135,       145,        0.12,      0.08,        0.16,           0,             0
     58,        16,         2,           150,       145,       155,        0.12,      0.08,        0.16,           0,             0
     59,        17,         2,           160,       155,       165,        0.12,      0.08,        0.16,           0,             0
     60,        18,         2,           170,       165,       175,        0.12,      0.08,        0.16,           0,             0
     61,        19,         2,           180,       175,       185,        0.12,      0.08,        0.16,           0,             0
     64,         1,         3,             0,        -5,         5,         0.2,      0.16,        0.24,           0,             0
     65,         2,         3,            10,         5,        15,         0.2,      0.16,        0.24,           0,             0
     66,         3,         3,            20,        15,        25,         0.2,      0.16,        0.24, 0.000523979,   0.000116614
     67,         4,         3,            30,        25,        35,         0.2,      0.16,        0.24, 0.000696519,   6.67247e-05
     68,         5,         3,            40,        35,        45,         0.2,      0.16,        0.24, 0.000918842,   6.80565e-05
     69,         6,         3,            50,        45,        55,         0.2,      0.16,        0.24,  0.00106224,   7.08492e-05
     70,         7,         3,            60,        55,        65,         0.2,      0.16,        0.24,  0.00117629,    7.4473e-05
     71,         8,         3,            70,        65,        75,         0.2,      0.16,        0.24, 0.000960807,   6.43825e-05
     72,         9,         3,            80,        75,        85,         0.2,      0.16,        0.24, 0.000826106,   7.26712e-05
     73,        10,         3,            90,        85,        95,         0.2,      0.16,        0.24, 0.000801876,   0.000223701
     74,        11,         3,           100,        95,       105,         0.2,      0.16,        0.24,           0,             0
     75,        12,         3,           110,       105,       115,         0.2,      0.16,        0.24,           0,             0
     76,        13,         3,           120,       115,       125,         0.2,      0.16,        0.24,           0,             0
     77,        14,         3,           130,       125,       135,         0.2,      0.16,        0.24,           0,             0
     78,        15,         3,           140,       135,       145,         0.2,      0.16,        0.24,           0,             0
     79,        16,         3,           150,       145,       155,         0.2,      0.16,        0.24,           0,             0
     80,        17,         3,           160,       155,       165,         0.2,      0.16,        0.24,           0,             0
     81,        18,         3,           170,       165,       175,         0.2,      0.16,        0.24,           0,             0
     82,        19,         3,           180,       175,       185,         0.2,      0.16,        0.24,           0,             0
     85,         1,         4,             0,        -5,         5,        0.28,      0.24,        0.32,           0,             0
     86,         2,         4,            10,         5,        15,        0.28,      0.24,        0.32, 6.26431e-05,   2.03589e-05
     87,         3,         4,            20,        15,        25,        0.28,      0.24,        0.32, 9.68347e-05,    7.6582e-06
     88,         4,         4,            30,        25,        35,        0.28,      0.24,        0.32, 0.000102116,   5.09452e-06
     89,         5,         4,            40,        35,        45,        0.28,      0.24,        0.32, 0.000118015,   4.91966e-06
     90,         6,         4,            50,        45,        55,        0.28,      0.24,        0.32, 0.000137778,   5.59763e-06
     91,         7,         4,            60,        55,        65,        0.28,      0.24,        0.32, 0.000160081,    7.4828e-06
     92,         8,         4,            70,        65,        75,        0.28,      0.24,        0.32, 0.000163444,    6.8395e-06
     93,         9,         4,            80,        75,        85,        0.28,      0.24,        0.32, 0.000231357,   1.10448e-05
     94,        10,         4,            90,        85,        95,        0.28,      0.24,        0.32, 0.000318952,   3.35924e-05
     95,        11,         4,           100,        95,       105,        0.28,      0.24,        0.32, 0.000546699,   0.000773149
     96,        12,         4,           110,       105,       115,        0.28,      0.24,        0.32,           0,             0
     97,        13,         4,           120,       115,       125,        0.28,      0.24,        0.32,           0,             0
     98,        14,         4,           130,       125,       135,        0.28,      0.24,        0.32,           0,             0
     99,        15,         4,           140,       135,       145,        0.28,      0.24,        0.32,           0,             0
    100,        16,         4,           150,       145,       155,        0.28,      0.24,        0.32,           0,             0
    101,        17,         4,           160,       155,       165,        0.28,      0.24,        0.32,           0,             0
    102,        18,         4,           170,       165,       175,        0.28,      0.24,        0.32,           0,             0
    103,        19,         4,           180,       175,       185,        0.28,      0.24,        0.32,           0,             0
    106,         1,         5,             0,        -5,         5,        0.36,      0.32,         0.4,           0,             0
    107,         2,         5,            10,         5,        15,        0.36,      0.32,         0.4, 1.54641e-05,   2.17635e-06
    108,         3,         5,            20,        15,        25,        0.36,      0.32,         0.4, 1.74295e-05,   8.51849e-07
    109,         4,         5,            30,        25,        35,        0.36,      0.32,         0.4, 1.96628e-05,   7.29725e-07
    110,         5,         5,            40,        35,        45,        0.36,      0.32,         0.4, 2.71775e-05,   9.88062e-07
    111,         6,         5,            50,        45,        55,        0.36,      0.32,         0.4, 3.79646e-05,   1.44291e-06
    112,         7,         5,            60,        55,        65,        0.36,      0.32,         0.4, 5.65919e-05,   2.25413e-06
    113,         8,         5,            70,        65,        75,        0.36,      0.32,         0.4, 8.52309e-05,   3.95318e-06
    114,         9,         5,            80,        75,        85,        0.36,      0.32,         0.4, 0.000124906,   7.79642e-06
    115,        10,         5,            90,        85,        95,        0.36,      0.32,         0.4, 0.000165241,   3.64311e-05
    116,        11,         5,           100,        95,       105,        0.36,      0.32,         0.4,           0,             0
    117,        12,         5,           110,       105,       115,        0.36,      0.32,         0.4,           0,             0
    118,        13,         5,           120,       115,       125,        0.36,      0.32,         0.4,           0,             0
    119,        14,         5,           130,       125,       135,        0.36,      0.32,         0.4,           0,             0
    120,        15,         5,           140,       135,       145,        0.36,      0.32,         0.4,           0,             0
    121,        16,         5,           150,       145,       155,        0.36,      0.32,         0.4,           0,             0
    122,        17,         5,           160,       155,       165,        0.36,      0.32,         0.4,           0,             0
    123,        18,         5,           170,       165,       175,        0.36,      0.32,         0.4,           0,             0
    124,        19,         5,           180,       175,       185,        0.36,      0.32,         0.4,           0,             0
    127,         1,         6,             0,        -5,         5,        0.44,       0.4,        0.48,           0,             0
    128,         2,         6,            10,         5,        15,        0.44,       0.4,        0.48, 5.54194e-06,   5.07507e-07
    129,         3,         6,            20,        15,        25,        0.44,       0.4,        0.48, 5.05219e-06,   1.88958e-07
    130,         4,         6,            30,        25,        35,        0.44,       0.4,        0.48, 6.01433e-06,    2.0615e-07
    131,         5,         6,            40,        35,        45,        0.44,       0.4,        0.48,  1.0319e-05,   3.63406e-07
    132,         6,         6,            50,        45,        55,        0.44,       0.4,        0.48, 2.09745e-05,   7.75615e-07
    133,         7,         6,            60,        55,        65,        0.44,       0.4,        0.48, 4.73749e-05,   1.97285e-06
    134,         8,         6,            70,        65,        75,        0.44,       0.4,        0.48, 6.81219e-05,   3.83351e-06
    135,         9,         6,            80,        75,        85,        0.44,       0.4,        0.48, 8.15318e-05,   1.02846e-05
    136,        10,         6,            90,        85,        95,        0.44,       0.4,        0.48,           0,             0
    137,        11,         6,           100,        95,       105,        0.44,       0.4,        0.48,           0,             0
    138,        12,         6,           110,       105,       115,        0.44,       0.4,        0.48,           0,             0
    139,        13,         6,           120,       115,       125,        0.44,       0.4,        0.48,           0,             0
    140,        14,         6,           130,       125,       135,        0.44,       0.4,        0.48,           0,             0
    141,        15,         6,           140,       135,       145,        0.44,       0.4,        0.48,           0,             0
    142,        16,         6,           150,       145,       155,        0.44,       0.4,        0.48,           0,             0
    143,        17,         6,           160,       155,       165,        0.44,       0.4,        0.48,           0,             0
    144,        18,         6,           170,       165,       175,        0.44,       0.4,        0.48,           0,             0
    145,        19,         6,           180,       175,       185,        0.44,       0.4,        0.48,           0,             0
    148,         1,         7,             0,        -5,         5,        0.52,      0.48,        0.56,           0,             0
    149,         2,         7,            10,         5,        15,        0.52,      0.48,        0.56, 2.26308e-06,   1.69788e-07
    150,         3,         7,            20,        15,        25,        0.52,      0.48,        0.56, 1.93122e-06,   6.54465e-08
    151,         4,         7,            30,        25,        35,        0.52,      0.48,        0.56, 2.43937e-06,   8.49855e-08
    152,         5,         7,            40,        35,        45,        0.52,      0.48,        0.56, 5.12758e-06,   1.76789e-07
    153,         6,         7,            50,        45,        55,        0.52,      0.48,        0.56, 1.54788e-05,   6.07705e-07
    154,         7,         7,            60,        55,        65,        0.52,      0.48,        0.56, 3.88266e-05,   1.86886e-06
    155,         8,         7,            70,        65,        75,        0.52,      0.48,        0.56, 4.45257e-05,   3.75196e-06
    156,         9,         7,            80,        75,        85,        0.52,      0.48,        0.56, 5.14502e-05,   3.64453e-05
    157,        10,         7,            90,        85,        95,        0.52,      0.48,        0.56,           0,             0
    158,        11,         7,           100,        95,       105,        0.52,      0.48,        0.56,           0,             0
    159,        12,         7,           110,       105,       115,        0.52,      0.48,        0.56,           0,             0
    160,        13,         7,           120,       115,       125,        0.52,      0.48,        0.56,           0,             0
    161,        14,         7,           130,       125,       135,        0.52,      0.48,        0.56,           0,             0
    162,        15,         7,           140,       135,       145,        0.52,      0.48,        0.56,           0,             0
    163,        16,         7,           150,       145,       155,        0.52,      0.48,        0.56,           0,             0
    164,        17,         7,           160,       155,       165,        0.52,      0.48,        0.56,           0,             0
    165,        18,         7,           170,       165,       175,        0.52,      0.48,        0.56,           0,             0
    166,        19,         7,           180,       175,       185,        0.52,      0.48,        0.56,           0,             0
    169,         1,         8,             0,        -5,         5,         0.6,      0.56,        0.64,           0,             0
    170,         2,         8,            10,         5,        15,         0.6,      0.56,        0.64, 1.08598e-06,   8.36365e-08
    171,         3,         8,            20,        15,        25,         0.6,      0.56,        0.64, 9.46555e-07,   4.01079e-08
    172,         4,         8,            30,        25,        35,         0.6,      0.56,        0.64, 1.09615e-06,   3.94861e-08
    173,         5,         8,            40,        35,        45,         0.6,      0.56,        0.64, 3.39082e-06,   1.37726e-07
    174,         6,         8,            50,        45,        55,         0.6,      0.56,        0.64, 1.38361e-05,   6.05298e-07
    175,         7,         8,            60,        55,        65,         0.6,      0.56,        0.64, 2.38954e-05,   1.35377e-06
    176,         8,         8,            70,        65,        75,         0.6,      0.56,        0.64, 2.29135e-05,   3.91484e-06
    177,         9,         8,            80,        75,        85,         0.6,      0.56,        0.64,           0,             0
    178,        10,         8,            90,        85,        95,         0.6,      0.56,        0.64,           0,             0
    179,        11,         8,           100,        95,       105,         0.6,      0.56,        0.64,           0,             0
    180,        12,         8,           110,       105,       115,         0.6,      0.56,        0.64,           0,             0
    181,        13,         8,           120,       115,       125,         0.6,      0.56,        0.64,           0,             0
    182,        14,         8,           130,       125,       135,         0.6,      0.56,        0.64,           0,             0
    183,        15,         8,           140,       135,       145,         0.6,      0.56,        0.64,           0,             0
    184,        16,         8,           150,       145,       155,         0.6,      0.56,        0.64,           0,             0
    185,        17,         8,           160,       155,       165,         0.6,      0.56,        0.64,           0,             0
    186,        18,         8,           170,       165,       175,         0.6,      0.56,        0.64,           0,             0
    187,        19,         8,           180,       175,       185,         0.6,      0.56,        0.64,           0,             0
    190,         1,         9,             0,        -5,         5,        0.68,      0.64,        0.72,           0,             0
    191,         2,         9,            10,         5,        15,        0.68,      0.64,        0.72,  6.5478e-07,   1.02568e-07
    192,         3,         9,            20,        15,        25,        0.68,      0.64,        0.72, 5.02206e-07,   3.68951e-08
    193,         4,         9,            30,        25,        35,        0.68,      0.64,        0.72, 6.39893e-07,   3.22538e-08
    194,         5,         9,            40,        35,        45,        0.68,      0.64,        0.72, 2.61077e-06,   1.11569e-07
    195,         6,         9,            50,        45,        55,        0.68,      0.64,        0.72,  9.3809e-06,   4.49425e-07
    196,         7,         9,            60,        55,        65,        0.68,      0.64,        0.72, 1.18937e-05,   1.08379e-06
    197,         8,         9,            70,        65,        75,        0.68,      0.64,        0.72,           0,             0
    198,         9,         9,            80,        75,        85,        0.68,      0.64,        0.72,           0,             0
    199,        10,         9,            90,        85,        95,        0.68,      0.64,        0.72,           0,             0
    200,        11,         9,           100,        95,       105,        0.68,      0.64,        0.72,           0,             0
    201,        12,         9,           110,       105,       115,        0.68,      0.64,        0.72,           0,             0
    202,        13,         9,           120,       115,       125,        0.68,      0.64,        0.72,           0,             0
    203,        14,         9,           130,       125,       135,        0.68,      0.64,        0.72,           0,             0
    204,        15,         9,           140,       135,       145,        0.68,      0.64,        0.72,           0,             0
    205,        16,         9,           150,       145,       155,        0.68,      0.64,        0.72,           0,             0
    206,        17,         9,           160,       155,       165,        0.68,      0.64,        0.72,           0,             0
    207,        18,         9,           170,       165,       175,        0.68,      0.64,        0.72,           0,             0
    208,        19,         9,           180,       175,       185,        0.68,      0.64,        0.72,           0,             0
    211,         1,        10,             0,        -5,         5,        0.76,      0.72,         0.8,           0,             0
    212,         2,        10,            10,         5,        15,        0.76,      0.72,         0.8,           0,             0
    213,         3,        10,            20,        15,        25,        0.76,      0.72,         0.8, 2.99151e-07,   7.04431e-08
    214,         4,        10,            30,        25,        35,        0.76,      0.72,         0.8,  5.3102e-07,   3.67696e-08
    215,         5,        10,            40,        35,        45,        0.76,      0.72,         0.8, 1.74028e-06,   8.30205e-08
    216,         6,        10,            50,        45,        55,        0.76,      0.72,         0.8, 5.20317e-06,   3.70106e-07
    217,         7,        10,            60,        55,        65,        0.76,      0.72,         0.8, 5.00805e-06,   1.14084e-06
    218,         8,        10,            70,        65,        75,        0.76,      0.72,         0.8,           0,             0
    219,         9,        10,            80,        75,        85,        0.76,      0.72,         0.8,           0,             0
    220,        10,        10,            90,        85,        95,        0.76,      0.72,         0.8,           0,             0
    221,        11,        10,           100,        95,       105,        0.76,      0.72,         0.8,           0,             0
    222,        12,        10,           110,       105,       115,        0.76,      0.72,         0.8,           0,             0
    223,        13,        10,           120,       115,       125,        0.76,      0.72,         0.8,           0,             0
    224,        14,        10,           130,       125,       135,        0.76,      0.72,         0.8,           0,             0
    225,        15,        10,           140,       135,       145,        0.76,      0.72,         0.8,           0,             0
    226,        16,        10,           150,       145,       155,        0.76,      0.72,         0.8,           0,             0
    227,        17,        10,           160,       155,       165,        0.76,      0.72,         0.8,           0,             0
    228,        18,        10,           170,       165,       175,        0.76,      0.72,         0.8,           0,             0
    229,        19,        10,           180,       175,       185,        0.76,      0.72,         0.8,           0,             0
    232,         1,        11,             0,        -5,         5,        0.84,       0.8,        0.88,           0,             0
    233,         2,        11,            10,         5,        15,        0.84,       0.8,        0.88,           0,             0
    234,         3,        11,            20,        15,        25,        0.84,       0.8,        0.88,           0,             0
    235,         4,        11,            30,        25,        35,        0.84,       0.8,        0.88, 4.87361e-07,    5.7878e-08
    236,         5,        11,            40,        35,        45,        0.84,       0.8,        0.88, 1.02077e-06,   8.13257e-08
    237,         6,        11,            50,        45,        55,        0.84,       0.8,        0.88, 2.62499e-06,   4.38228e-07
    238,         7,        11,            60,        55,        65,        0.84,       0.8,        0.88,           0,             0
    239,         8,        11,            70,        65,        75,        0.84,       0.8,        0.88,           0,             0
    240,         9,        11,            80,        75,        85,        0.84,       0.8,        0.88,           0,             0
    241,        10,        11,            90,        85,        95,        0.84,       0.8,        0.88,           0,             0
    242,        11,        11,           100,        95,       105,        0.84,       0.8,        0.88,           0,             0
    243,        12,        11,           110,       105,       115,        0.84,       0.8,        0.88,           0,             0
    244,        13,        11,           120,       115,       125,        0.84,       0.8,        0.88,           0,             0
    245,        14,        11,           130,       125,       135,        0.84,       0.8,        0.88,           0,             0
    246,        15,        11,           140,       135,       145,        0.84,       0.8,        0.88,           0,             0
    247,        16,        11,           150,       145,       155,        0.84,       0.8,        0.88,           0,             0
    248,        17,        11,           160,       155,       165,        0.84,       0.8,        0.88,           0,             0
    249,        18,        11,           170,       165,       175,        0.84,       0.8,        0.88,           0,             0
    250,        19,        11,           180,       175,       185,        0.84,       0.8,        0.88,           0,             0
    253,         1,        12,             0,        -5,         5,        0.92,      0.88,        0.96,           0,             0
    254,         2,        12,            10,         5,        15,        0.92,      0.88,        0.96,           0,             0
    255,         3,        12,            20,        15,        25,        0.92,      0.88,        0.96,           0,             0
    256,         4,        12,            30,        25,        35,        0.92,      0.88,        0.96, 4.51849e-07,    2.0456e-07
    257,         5,        12,            40,        35,        45,        0.92,      0.88,        0.96, 6.39072e-07,   1.90561e-07
    258,         6,        12,            50,        45,        55,        0.92,      0.88,        0.96, 1.75346e-06,   1.75808e-06
    259,         7,        12,            60,        55,        65,        0.92,      0.88,        0.96,           0,             0
    260,         8,        12,            70,        65,        75,        0.92,      0.88,        0.96,           0,             0
    261,         9,        12,            80,        75,        85,        0.92,      0.88,        0.96,           0,             0
    262,        10,        12,            90,        85,        95,        0.92,      0.88,        0.96,           0,             0
    263,        11,        12,           100,        95,       105,        0.92,      0.88,        0.96,           0,             0
    264,        12,        12,           110,       105,       115,        0.92,      0.88,        0.96,           0,             0
    265,        13,        12,           120,       115,       125,        0.92,      0.88,        0.96,           0,             0
    266,        14,        12,           130,       125,       135,        0.92,      0.88,        0.96,           0,             0
    267,        15,        12,           140,       135,       145,        0.92,      0.88,        0.96,           0,             0
    268,        16,        12,           150,       145,       155,        0.92,      0.88,        0.96,           0,             0
    269,        17,        12,           160,       155,       165,        0.92,      0.88,        0.96,           0,             0
    270,        18,        12,           170,       165,       175,        0.92,      0.88,        0.96,           0,             0
    271,        19,        12,           180,       175,       185,        0.92,      0.88,        0.96,           0,             0
    274,         1,        13,             0,        -5,         5,           1,      0.96,        1.04,           0,             0
    275,         2,        13,            10,         5,        15,           1,      0.96,        1.04,           0,             0
    276,         3,        13,            20,        15,        25,           1,      0.96,        1.04,           0,             0
    277,         4,        13,            30,        25,        35,           1,      0.96,        1.04, 1.02945e-06,   1.45586e-06
    278,         5,        13,            40,        35,        45,           1,      0.96,        1.04, 6.37055e-07,   9.00932e-07
    279,         6,        13,            50,        45,        55,           1,      0.96,        1.04,           0,             0
    280,         7,        13,            60,        55,        65,           1,      0.96,        1.04,           0,             0
    281,         8,        13,            70,        65,        75,           1,      0.96,        1.04,           0,             0
    282,         9,        13,            80,        75,        85,           1,      0.96,        1.04,           0,             0
    283,        10,        13,            90,        85,        95,           1,      0.96,        1.04,           0,             0
    284,        11,        13,           100,        95,       105,           1,      0.96,        1.04,           0,             0
    285,        12,        13,           110,       105,       115,           1,      0.96,        1.04,           0,             0
    286,        13,        13,           120,       115,       125,           1,      0.96,        1.04,           0,             0
    287,        14,        13,           130,       125,       135,           1,      0.96,        1.04,           0,             0
    288,        15,        13,           140,       135,       145,           1,      0.96,        1.04,           0,             0
    289,        16,        13,           150,       145,       155,           1,      0.96,        1.04,           0,             0
    290,        17,        13,           160,       155,       165,           1,      0.96,        1.04,           0,             0
    291,        18,        13,           170,       165,       175,           1,      0.96,        1.04,           0,             0
    292,        19,        13,           180,       175,       185,           1,      0.96,        1.04,           0,             0
    295,         1,        14,             0,        -5,         5,        1.08,      1.04,        1.12,           0,             0
    296,         2,        14,            10,         5,        15,        1.08,      1.04,        1.12,           0,             0
    297,         3,        14,            20,        15,        25,        1.08,      1.04,        1.12,           0,             0
    298,         4,        14,            30,        25,        35,        1.08,      1.04,        1.12,           0,             0
    299,         5,        14,            40,        35,        45,        1.08,      1.04,        1.12,           0,             0
    300,         6,        14,            50,        45,        55,        1.08,      1.04,        1.12,           0,             0
    301,         7,        14,            60,        55,        65,        1.08,      1.04,        1.12,           0,             0
    302,         8,        14,            70,        65,        75,        1.08,      1.04,        1.12,           0,             0
    303,         9,        14,            80,        75,        85,        1.08,      1.04,        1.12,           0,             0
    304,        10,        14,            90,        85,        95,        1.08,      1.04,        1.12,           0,             0
    305,        11,        14,           100,        95,       105,        1.08,      1.04,        1.12,           0,             0
    306,        12,        14,           110,       105,       115,        1.08,      1.04,        1.12,           0,             0
    307,        13,        14,           120,       115,       125,        1.08,      1.04,        1.12,           0,             0
    308,        14,        14,           130,       125,       135,        1.08,      1.04,        1.12,           0,             0
    309,        15,        14,           140,       135,       145,        1.08,      1.04,        1.12,           0,             0
    310,        16,        14,           150,       145,       155,        1.08,      1.04,        1.12,           0,             0
    311,        17,        14,           160,       155,       165,        1.08,      1.04,        1.12,           0,             0
    312,        18,        14,           170,       165,       175,        1.08,      1.04,        1.12,           0,             0
    313,        19,        14,           180,       175,       185,        1.08,      1.04,        1.12,           0,             0
    316,         1,        15,             0,        -5,         5,        1.16,      1.12,         1.2,           0,             0
    317,         2,        15,            10,         5,        15,        1.16,      1.12,         1.2,           0,             0
    318,         3,        15,            20,        15,        25,        1.16,      1.12,         1.2,           0,             0
    319,         4,        15,            30,        25,        35,        1.16,      1.12,         1.2,           0,             0
    320,         5,        15,            40,        35,        45,        1.16,      1.12,         1.2,           0,             0
    321,         6,        15,            50,        45,        55,        1.16,      1.12,         1.2,           0,             0
    322,         7,        15,            60,        55,        65,        1.16,      1.12,         1.2,           0,             0
    323,         8,        15,            70,        65,        75,        1.16,      1.12,         1.2,           0,             0
    324,         9,        15,            80,        75,        85,        1.16,      1.12,         1.2,           0,             0
    325,        10,        15,            90,        85,        95,        1.16,      1.12,         1.2,           0,             0
    326,        11,        15,           100,        95,       105,        1.16,      1.12,         1.2,           0,             0
    327,        12,        15,           110,       105,       115,        1.16,      1.12,         1.2,           0,             0
    328,        13,        15,           120,       115,       125,        1.16,      1.12,         1.2,           0,             0
    329,        14,        15,           130,       125,       135,        1.16,      1.12,         1.2,           0,             0
    330,        15,        15,           140,       135,       145,        1.16,      1.12,         1.2,           0,             0
    331,        16,        15,           150,       145,       155,        1.16,      1.12,         1.2,           0,             0
    332,        17,        15,           160,       155,       165,        1.16,      1.12,         1.2,           0,             0
    333,        18,        15,           170,       165,       175,        1.16,      1.12,         1.2,           0,             0
    334,        19,        15,           180,       175,       185,        1.16,      1.12,         1.2,           0,             0
