# 2D Histogram Bin Extraction 
#                   
# histogram parameters:  
# title      : Pm vs. $\theta_{rq}$ (vertex) 
# ybins      : 15 
# ylabel     :  P_{m} [GeV/c] 
# xbins      : 19 
# xlabel     :  $\theta_{rq}$ [deg] 
# ybin_width : 0.080 
# xbin_width : 10.000 
#                   
# header definitions:
# ib:         (x,y)  bin number 
# xb:         x-axis bin number 
# yb:         y-axis bin number 
# x0:         x-axis central bin value 
# xlow:       x-axis low-edge bin value 
# xup:        x-axis up-edge bin value 
# y0:         y-axis central bin value 
# ylow:       y-axis low-edge bin value 
# yup:        y-axis up-edge bin value 
# zcont:      bin content (z-axis) 
# zcont_err:  bin content error (z-axis) 
#                                        
ib,xb,yb,x0,xlow,xup,y0,ylow,yup,zcont,zcont_err
     22,         1,         1,             0,        -5,         5,        0.04,         0,        0.08,           0,             0
     23,         2,         1,            10,         5,        15,        0.04,         0,        0.08,     236.832,       124.222
     24,         3,         1,            20,        15,        25,        0.04,         0,        0.08,           0,             0
     25,         4,         1,            30,        25,        35,        0.04,         0,        0.08,     142.205,       104.973
     26,         5,         1,            40,        35,        45,        0.04,         0,        0.08,     783.519,       275.562
     27,         6,         1,            50,        45,        55,        0.04,         0,        0.08,     593.395,       188.141
     28,         7,         1,            60,        55,        65,        0.04,         0,        0.08,     458.229,        188.64
     29,         8,         1,            70,        65,        75,        0.04,         0,        0.08,     731.225,       284.519
     30,         9,         1,            80,        75,        85,        0.04,         0,        0.08,     70.1558,       70.1558
     31,        10,         1,            90,        85,        95,        0.04,         0,        0.08,           0,             0
     32,        11,         1,           100,        95,       105,        0.04,         0,        0.08,           0,             0
     33,        12,         1,           110,       105,       115,        0.04,         0,        0.08,           0,             0
     34,        13,         1,           120,       115,       125,        0.04,         0,        0.08,           0,             0
     35,        14,         1,           130,       125,       135,        0.04,         0,        0.08,           0,             0
     36,        15,         1,           140,       135,       145,        0.04,         0,        0.08,           0,             0
     37,        16,         1,           150,       145,       155,        0.04,         0,        0.08,           0,             0
     38,        17,         1,           160,       155,       165,        0.04,         0,        0.08,           0,             0
     39,        18,         1,           170,       165,       175,        0.04,         0,        0.08,           0,             0
     40,        19,         1,           180,       175,       185,        0.04,         0,        0.08,           0,             0
     43,         1,         2,             0,        -5,         5,        0.12,      0.08,        0.16,      64.586,       22.2278
     44,         2,         2,            10,         5,        15,        0.12,      0.08,        0.16,     246.382,       54.5459
     45,         3,         2,            20,        15,        25,        0.12,      0.08,        0.16,     458.922,       62.2961
     46,         4,         2,            30,        25,        35,        0.12,      0.08,        0.16,     942.137,       101.669
     47,         5,         2,            40,        35,        45,        0.12,      0.08,        0.16,     1159.74,       111.684
     48,         6,         2,            50,        45,        55,        0.12,      0.08,        0.16,     1628.87,       137.616
     49,         7,         2,            60,        55,        65,        0.12,      0.08,        0.16,     1707.78,         137.4
     50,         8,         2,            70,        65,        75,        0.12,      0.08,        0.16,     1442.19,       141.481
     51,         9,         2,            80,        75,        85,        0.12,      0.08,        0.16,     984.306,        112.11
     52,        10,         2,            90,        85,        95,        0.12,      0.08,        0.16,     321.008,       47.7712
     53,        11,         2,           100,        95,       105,        0.12,      0.08,        0.16,     23.4226,       9.19556
     54,        12,         2,           110,       105,       115,        0.12,      0.08,        0.16,           0,             0
     55,        13,         2,           120,       115,       125,        0.12,      0.08,        0.16,           0,             0
     56,        14,         2,           130,       125,       135,        0.12,      0.08,        0.16,           0,             0
     57,        15,         2,           140,       135,       145,        0.12,      0.08,        0.16,           0,             0
     58,        16,         2,           150,       145,       155,        0.12,      0.08,        0.16,           0,             0
     59,        17,         2,           160,       155,       165,        0.12,      0.08,        0.16,           0,             0
     60,        18,         2,           170,       165,       175,        0.12,      0.08,        0.16,           0,             0
     61,        19,         2,           180,       175,       185,        0.12,      0.08,        0.16,           0,             0
     64,         1,         3,             0,        -5,         5,         0.2,      0.16,        0.24,     15.2431,       2.89086
     65,         2,         3,            10,         5,        15,         0.2,      0.16,        0.24,     103.021,       7.47144
     66,         3,         3,            20,        15,        25,         0.2,      0.16,        0.24,     157.023,       9.06074
     67,         4,         3,            30,        25,        35,         0.2,      0.16,        0.24,     215.406,       10.9821
     68,         5,         3,            40,        35,        45,         0.2,      0.16,        0.24,     294.736,       13.1058
     69,         6,         3,            50,        45,        55,         0.2,      0.16,        0.24,     365.005,       15.3859
     70,         7,         3,            60,        55,        65,         0.2,      0.16,        0.24,     412.255,       16.3876
     71,         8,         3,            70,        65,        75,         0.2,      0.16,        0.24,     399.781,       16.8655
     72,         9,         3,            80,        75,        85,         0.2,      0.16,        0.24,     360.126,       17.0694
     73,        10,         3,            90,        85,        95,         0.2,      0.16,        0.24,      259.67,       15.0477
     74,        11,         3,           100,        95,       105,         0.2,      0.16,        0.24,     51.6863,       7.65209
     75,        12,         3,           110,       105,       115,         0.2,      0.16,        0.24,           0,             0
     76,        13,         3,           120,       115,       125,         0.2,      0.16,        0.24,           0,             0
     77,        14,         3,           130,       125,       135,         0.2,      0.16,        0.24,           0,             0
     78,        15,         3,           140,       135,       145,         0.2,      0.16,        0.24,           0,             0
     79,        16,         3,           150,       145,       155,         0.2,      0.16,        0.24,           0,             0
     80,        17,         3,           160,       155,       165,         0.2,      0.16,        0.24,           0,             0
     81,        18,         3,           170,       165,       175,         0.2,      0.16,        0.24,           0,             0
     82,        19,         3,           180,       175,       185,         0.2,      0.16,        0.24,           0,             0
     85,         1,         4,             0,        -5,         5,        0.28,      0.24,        0.32,     3.29347,      0.428062
     86,         2,         4,            10,         5,        15,        0.28,      0.24,        0.32,      21.006,        1.0145
     87,         3,         4,            20,        15,        25,        0.28,      0.24,        0.32,     31.4866,       1.26451
     88,         4,         4,            30,        25,        35,        0.28,      0.24,        0.32,     44.0587,       1.53778
     89,         5,         4,            40,        35,        45,        0.28,      0.24,        0.32,      54.842,        1.7747
     90,         6,         4,            50,        45,        55,        0.28,      0.24,        0.32,     67.9949,       2.17312
     91,         7,         4,            60,        55,        65,        0.28,      0.24,        0.32,      80.687,       2.41991
     92,         8,         4,            70,        65,        75,        0.28,      0.24,        0.32,     76.0453,        2.2812
     93,         9,         4,            80,        75,        85,        0.28,      0.24,        0.32,     91.5985,       2.78916
     94,        10,         4,            90,        85,        95,        0.28,      0.24,        0.32,     107.032,       3.85047
     95,        11,         4,           100,        95,       105,        0.28,      0.24,        0.32,     25.7822,       2.28818
     96,        12,         4,           110,       105,       115,        0.28,      0.24,        0.32,           0,             0
     97,        13,         4,           120,       115,       125,        0.28,      0.24,        0.32,           0,             0
     98,        14,         4,           130,       125,       135,        0.28,      0.24,        0.32,           0,             0
     99,        15,         4,           140,       135,       145,        0.28,      0.24,        0.32,           0,             0
    100,        16,         4,           150,       145,       155,        0.28,      0.24,        0.32,           0,             0
    101,        17,         4,           160,       155,       165,        0.28,      0.24,        0.32,           0,             0
    102,        18,         4,           170,       165,       175,        0.28,      0.24,        0.32,           0,             0
    103,        19,         4,           180,       175,       185,        0.28,      0.24,        0.32,           0,             0
    106,         1,         5,             0,        -5,         5,        0.36,      0.32,         0.4,     1.00476,     0.0893042
    107,         2,         5,            10,         5,        15,        0.36,      0.32,         0.4,     5.55172,      0.208482
    108,         3,         5,            20,        15,        25,        0.36,      0.32,         0.4,      7.8645,      0.250236
    109,         4,         5,            30,        25,        35,        0.36,      0.32,         0.4,     11.1282,      0.331616
    110,         5,         5,            40,        35,        45,        0.36,      0.32,         0.4,     15.1892,      0.445574
    111,         6,         5,            50,        45,        55,        0.36,      0.32,         0.4,     23.0902,      0.648812
    112,         7,         5,            60,        55,        65,        0.36,      0.32,         0.4,     33.1241,      0.906026
    113,         8,         5,            70,        65,        75,        0.36,      0.32,         0.4,     40.6852,        1.1567
    114,         9,         5,            80,        75,        85,        0.36,      0.32,         0.4,     43.9471,       1.37842
    115,        10,         5,            90,        85,        95,        0.36,      0.32,         0.4,     45.9579,       1.65307
    116,        11,         5,           100,        95,       105,        0.36,      0.32,         0.4,     4.68742,      0.622984
    117,        12,         5,           110,       105,       115,        0.36,      0.32,         0.4,           0,             0
    118,        13,         5,           120,       115,       125,        0.36,      0.32,         0.4,           0,             0
    119,        14,         5,           130,       125,       135,        0.36,      0.32,         0.4,           0,             0
    120,        15,         5,           140,       135,       145,        0.36,      0.32,         0.4,           0,             0
    121,        16,         5,           150,       145,       155,        0.36,      0.32,         0.4,           0,             0
    122,        17,         5,           160,       155,       165,        0.36,      0.32,         0.4,           0,             0
    123,        18,         5,           170,       165,       175,        0.36,      0.32,         0.4,           0,             0
    124,        19,         5,           180,       175,       185,        0.36,      0.32,         0.4,           0,             0
    127,         1,         6,             0,        -5,         5,        0.44,       0.4,        0.48,    0.329514,      0.026663
    128,         2,         6,            10,         5,        15,        0.44,       0.4,        0.48,     1.69238,     0.0611638
    129,         3,         6,            20,        15,        25,        0.44,       0.4,        0.48,      1.8099,     0.0661677
    130,         4,         6,            30,        25,        35,        0.44,       0.4,        0.48,     3.28933,      0.103293
    131,         5,         6,            40,        35,        45,        0.44,       0.4,        0.48,     6.18577,      0.174115
    132,         6,         6,            50,        45,        55,        0.44,       0.4,        0.48,     12.1219,       0.32904
    133,         7,         6,            60,        55,        65,        0.44,       0.4,        0.48,     21.5963,      0.595492
    134,         8,         6,            70,        65,        75,        0.44,       0.4,        0.48,     27.7409,       0.84413
    135,         9,         6,            80,        75,        85,        0.44,       0.4,        0.48,     20.6209,      0.769678
    136,        10,         6,            90,        85,        95,        0.44,       0.4,        0.48,     8.07972,      0.539938
    137,        11,         6,           100,        95,       105,        0.44,       0.4,        0.48,           0,             0
    138,        12,         6,           110,       105,       115,        0.44,       0.4,        0.48,           0,             0
    139,        13,         6,           120,       115,       125,        0.44,       0.4,        0.48,           0,             0
    140,        14,         6,           130,       125,       135,        0.44,       0.4,        0.48,           0,             0
    141,        15,         6,           140,       135,       145,        0.44,       0.4,        0.48,           0,             0
    142,        16,         6,           150,       145,       155,        0.44,       0.4,        0.48,           0,             0
    143,        17,         6,           160,       155,       165,        0.44,       0.4,        0.48,           0,             0
    144,        18,         6,           170,       165,       175,        0.44,       0.4,        0.48,           0,             0
    145,        19,         6,           180,       175,       185,        0.44,       0.4,        0.48,           0,             0
    148,         1,         7,             0,        -5,         5,        0.52,      0.48,        0.56,    0.112911,     0.0105806
    149,         2,         7,            10,         5,        15,        0.52,      0.48,        0.56,    0.378125,     0.0194852
    150,         3,         7,            20,        15,        25,        0.52,      0.48,        0.56,    0.541021,     0.0236302
    151,         4,         7,            30,        25,        35,        0.52,      0.48,        0.56,     1.05239,     0.0381044
    152,         5,         7,            40,        35,        45,        0.52,      0.48,        0.56,     2.69213,     0.0805901
    153,         6,         7,            50,        45,        55,        0.52,      0.48,        0.56,     6.31305,      0.182111
    154,         7,         7,            60,        55,        65,        0.52,      0.48,        0.56,     12.5603,      0.391942
    155,         8,         7,            70,        65,        75,        0.52,      0.48,        0.56,     13.1928,      0.467918
    156,         9,         7,            80,        75,        85,        0.52,      0.48,        0.56,     5.27737,      0.304497
    157,        10,         7,            90,        85,        95,        0.52,      0.48,        0.56,    0.211449,     0.0708167
    158,        11,         7,           100,        95,       105,        0.52,      0.48,        0.56,           0,             0
    159,        12,         7,           110,       105,       115,        0.52,      0.48,        0.56,           0,             0
    160,        13,         7,           120,       115,       125,        0.52,      0.48,        0.56,           0,             0
    161,        14,         7,           130,       125,       135,        0.52,      0.48,        0.56,           0,             0
    162,        15,         7,           140,       135,       145,        0.52,      0.48,        0.56,           0,             0
    163,        16,         7,           150,       145,       155,        0.52,      0.48,        0.56,           0,             0
    164,        17,         7,           160,       155,       165,        0.52,      0.48,        0.56,           0,             0
    165,        18,         7,           170,       165,       175,        0.52,      0.48,        0.56,           0,             0
    166,        19,         7,           180,       175,       185,        0.52,      0.48,        0.56,           0,             0
    169,         1,         8,             0,        -5,         5,         0.6,      0.56,        0.64,   0.0114139,    0.00271579
    170,         2,         8,            10,         5,        15,         0.6,      0.56,        0.64,   0.0395925,    0.00469569
    171,         3,         8,            20,        15,        25,         0.6,      0.56,        0.64,    0.105577,     0.0073751
    172,         4,         8,            30,        25,        35,         0.6,      0.56,        0.64,    0.317801,     0.0144764
    173,         5,         8,            40,        35,        45,         0.6,      0.56,        0.64,    0.945603,     0.0354637
    174,         6,         8,            50,        45,        55,         0.6,      0.56,        0.64,     2.45566,     0.0912959
    175,         7,         8,            60,        55,        65,         0.6,      0.56,        0.64,     5.48765,      0.212616
    176,         8,         8,            70,        65,        75,         0.6,      0.56,        0.64,      3.7642,      0.185849
    177,         9,         8,            80,        75,        85,         0.6,      0.56,        0.64,    0.418767,     0.0634954
    178,        10,         8,            90,        85,        95,         0.6,      0.56,        0.64,           0,             0
    179,        11,         8,           100,        95,       105,         0.6,      0.56,        0.64,           0,             0
    180,        12,         8,           110,       105,       115,         0.6,      0.56,        0.64,           0,             0
    181,        13,         8,           120,       115,       125,         0.6,      0.56,        0.64,           0,             0
    182,        14,         8,           130,       125,       135,         0.6,      0.56,        0.64,           0,             0
    183,        15,         8,           140,       135,       145,         0.6,      0.56,        0.64,           0,             0
    184,        16,         8,           150,       145,       155,         0.6,      0.56,        0.64,           0,             0
    185,        17,         8,           160,       155,       165,         0.6,      0.56,        0.64,           0,             0
    186,        18,         8,           170,       165,       175,         0.6,      0.56,        0.64,           0,             0
    187,        19,         8,           180,       175,       185,         0.6,      0.56,        0.64,           0,             0
    190,         1,         9,             0,        -5,         5,        0.68,      0.64,        0.72,           0,             0
    191,         2,         9,            10,         5,        15,        0.68,      0.64,        0.72,           0,             0
    192,         3,         9,            20,        15,        25,        0.68,      0.64,        0.72,  0.00487658,    0.00119598
    193,         4,         9,            30,        25,        35,        0.68,      0.64,        0.72,   0.0539699,    0.00452407
    194,         5,         9,            40,        35,        45,        0.68,      0.64,        0.72,    0.217385,     0.0126296
    195,         6,         9,            50,        45,        55,        0.68,      0.64,        0.72,    0.646454,     0.0365286
    196,         7,         9,            60,        55,        65,        0.68,      0.64,        0.72,     1.30714,     0.0794457
    197,         8,         9,            70,        65,        75,        0.68,      0.64,        0.72,    0.636084,     0.0541289
    198,         9,         9,            80,        75,        85,        0.68,      0.64,        0.72,   0.0049688,     0.0049688
    199,        10,         9,            90,        85,        95,        0.68,      0.64,        0.72,           0,             0
    200,        11,         9,           100,        95,       105,        0.68,      0.64,        0.72,           0,             0
    201,        12,         9,           110,       105,       115,        0.68,      0.64,        0.72,           0,             0
    202,        13,         9,           120,       115,       125,        0.68,      0.64,        0.72,           0,             0
    203,        14,         9,           130,       125,       135,        0.68,      0.64,        0.72,           0,             0
    204,        15,         9,           140,       135,       145,        0.68,      0.64,        0.72,           0,             0
    205,        16,         9,           150,       145,       155,        0.68,      0.64,        0.72,           0,             0
    206,        17,         9,           160,       155,       165,        0.68,      0.64,        0.72,           0,             0
    207,        18,         9,           170,       165,       175,        0.68,      0.64,        0.72,           0,             0
    208,        19,         9,           180,       175,       185,        0.68,      0.64,        0.72,           0,             0
    211,         1,        10,             0,        -5,         5,        0.76,      0.72,         0.8,           0,             0
    212,         2,        10,            10,         5,        15,        0.76,      0.72,         0.8,           0,             0
    213,         3,        10,            20,        15,        25,        0.76,      0.72,         0.8,           0,             0
    214,         4,        10,            30,        25,        35,        0.76,      0.72,         0.8,  0.00428048,    0.00100138
    215,         5,        10,            40,        35,        45,        0.76,      0.72,         0.8,   0.0230061,    0.00310268
    216,         6,        10,            50,        45,        55,        0.76,      0.72,         0.8,   0.0521009,    0.00706976
    217,         7,        10,            60,        55,        65,        0.76,      0.72,         0.8,   0.0942662,     0.0139635
    218,         8,        10,            70,        65,        75,        0.76,      0.72,         0.8,    0.027719,    0.00730609
    219,         9,        10,            80,        75,        85,        0.76,      0.72,         0.8,           0,             0
    220,        10,        10,            90,        85,        95,        0.76,      0.72,         0.8,           0,             0
    221,        11,        10,           100,        95,       105,        0.76,      0.72,         0.8,           0,             0
    222,        12,        10,           110,       105,       115,        0.76,      0.72,         0.8,           0,             0
    223,        13,        10,           120,       115,       125,        0.76,      0.72,         0.8,           0,             0
    224,        14,        10,           130,       125,       135,        0.76,      0.72,         0.8,           0,             0
    225,        15,        10,           140,       135,       145,        0.76,      0.72,         0.8,           0,             0
    226,        16,        10,           150,       145,       155,        0.76,      0.72,         0.8,           0,             0
    227,        17,        10,           160,       155,       165,        0.76,      0.72,         0.8,           0,             0
    228,        18,        10,           170,       165,       175,        0.76,      0.72,         0.8,           0,             0
    229,        19,        10,           180,       175,       185,        0.76,      0.72,         0.8,           0,             0
    232,         1,        11,             0,        -5,         5,        0.84,       0.8,        0.88,           0,             0
    233,         2,        11,            10,         5,        15,        0.84,       0.8,        0.88,           0,             0
    234,         3,        11,            20,        15,        25,        0.84,       0.8,        0.88,           0,             0
    235,         4,        11,            30,        25,        35,        0.84,       0.8,        0.88, 0.000127319,   0.000127319
    236,         5,        11,            40,        35,        45,        0.84,       0.8,        0.88,  0.00088097,    0.00044447
    237,         6,        11,            50,        45,        55,        0.84,       0.8,        0.88,           0,             0
    238,         7,        11,            60,        55,        65,        0.84,       0.8,        0.88,   0.0017501,    0.00125534
    239,         8,        11,            70,        65,        75,        0.84,       0.8,        0.88,           0,             0
    240,         9,        11,            80,        75,        85,        0.84,       0.8,        0.88,           0,             0
    241,        10,        11,            90,        85,        95,        0.84,       0.8,        0.88,           0,             0
    242,        11,        11,           100,        95,       105,        0.84,       0.8,        0.88,           0,             0
    243,        12,        11,           110,       105,       115,        0.84,       0.8,        0.88,           0,             0
    244,        13,        11,           120,       115,       125,        0.84,       0.8,        0.88,           0,             0
    245,        14,        11,           130,       125,       135,        0.84,       0.8,        0.88,           0,             0
    246,        15,        11,           140,       135,       145,        0.84,       0.8,        0.88,           0,             0
    247,        16,        11,           150,       145,       155,        0.84,       0.8,        0.88,           0,             0
    248,        17,        11,           160,       155,       165,        0.84,       0.8,        0.88,           0,             0
    249,        18,        11,           170,       165,       175,        0.84,       0.8,        0.88,           0,             0
    250,        19,        11,           180,       175,       185,        0.84,       0.8,        0.88,           0,             0
    253,         1,        12,             0,        -5,         5,        0.92,      0.88,        0.96,           0,             0
    254,         2,        12,            10,         5,        15,        0.92,      0.88,        0.96,           0,             0
    255,         3,        12,            20,        15,        25,        0.92,      0.88,        0.96,           0,             0
    256,         4,        12,            30,        25,        35,        0.92,      0.88,        0.96,           0,             0
    257,         5,        12,            40,        35,        45,        0.92,      0.88,        0.96,           0,             0
    258,         6,        12,            50,        45,        55,        0.92,      0.88,        0.96,           0,             0
    259,         7,        12,            60,        55,        65,        0.92,      0.88,        0.96,           0,             0
    260,         8,        12,            70,        65,        75,        0.92,      0.88,        0.96,           0,             0
    261,         9,        12,            80,        75,        85,        0.92,      0.88,        0.96,           0,             0
    262,        10,        12,            90,        85,        95,        0.92,      0.88,        0.96,           0,             0
    263,        11,        12,           100,        95,       105,        0.92,      0.88,        0.96,           0,             0
    264,        12,        12,           110,       105,       115,        0.92,      0.88,        0.96,           0,             0
    265,        13,        12,           120,       115,       125,        0.92,      0.88,        0.96,           0,             0
    266,        14,        12,           130,       125,       135,        0.92,      0.88,        0.96,           0,             0
    267,        15,        12,           140,       135,       145,        0.92,      0.88,        0.96,           0,             0
    268,        16,        12,           150,       145,       155,        0.92,      0.88,        0.96,           0,             0
    269,        17,        12,           160,       155,       165,        0.92,      0.88,        0.96,           0,             0
    270,        18,        12,           170,       165,       175,        0.92,      0.88,        0.96,           0,             0
    271,        19,        12,           180,       175,       185,        0.92,      0.88,        0.96,           0,             0
    274,         1,        13,             0,        -5,         5,           1,      0.96,        1.04,           0,             0
    275,         2,        13,            10,         5,        15,           1,      0.96,        1.04,           0,             0
    276,         3,        13,            20,        15,        25,           1,      0.96,        1.04,           0,             0
    277,         4,        13,            30,        25,        35,           1,      0.96,        1.04,           0,             0
    278,         5,        13,            40,        35,        45,           1,      0.96,        1.04,           0,             0
    279,         6,        13,            50,        45,        55,           1,      0.96,        1.04,           0,             0
    280,         7,        13,            60,        55,        65,           1,      0.96,        1.04,           0,             0
    281,         8,        13,            70,        65,        75,           1,      0.96,        1.04,           0,             0
    282,         9,        13,            80,        75,        85,           1,      0.96,        1.04,           0,             0
    283,        10,        13,            90,        85,        95,           1,      0.96,        1.04,           0,             0
    284,        11,        13,           100,        95,       105,           1,      0.96,        1.04,           0,             0
    285,        12,        13,           110,       105,       115,           1,      0.96,        1.04,           0,             0
    286,        13,        13,           120,       115,       125,           1,      0.96,        1.04,           0,             0
    287,        14,        13,           130,       125,       135,           1,      0.96,        1.04,           0,             0
    288,        15,        13,           140,       135,       145,           1,      0.96,        1.04,           0,             0
    289,        16,        13,           150,       145,       155,           1,      0.96,        1.04,           0,             0
    290,        17,        13,           160,       155,       165,           1,      0.96,        1.04,           0,             0
    291,        18,        13,           170,       165,       175,           1,      0.96,        1.04,           0,             0
    292,        19,        13,           180,       175,       185,           1,      0.96,        1.04,           0,             0
    295,         1,        14,             0,        -5,         5,        1.08,      1.04,        1.12,           0,             0
    296,         2,        14,            10,         5,        15,        1.08,      1.04,        1.12,           0,             0
    297,         3,        14,            20,        15,        25,        1.08,      1.04,        1.12,           0,             0
    298,         4,        14,            30,        25,        35,        1.08,      1.04,        1.12,           0,             0
    299,         5,        14,            40,        35,        45,        1.08,      1.04,        1.12,           0,             0
    300,         6,        14,            50,        45,        55,        1.08,      1.04,        1.12,           0,             0
    301,         7,        14,            60,        55,        65,        1.08,      1.04,        1.12,           0,             0
    302,         8,        14,            70,        65,        75,        1.08,      1.04,        1.12,           0,             0
    303,         9,        14,            80,        75,        85,        1.08,      1.04,        1.12,           0,             0
    304,        10,        14,            90,        85,        95,        1.08,      1.04,        1.12,           0,             0
    305,        11,        14,           100,        95,       105,        1.08,      1.04,        1.12,           0,             0
    306,        12,        14,           110,       105,       115,        1.08,      1.04,        1.12,           0,             0
    307,        13,        14,           120,       115,       125,        1.08,      1.04,        1.12,           0,             0
    308,        14,        14,           130,       125,       135,        1.08,      1.04,        1.12,           0,             0
    309,        15,        14,           140,       135,       145,        1.08,      1.04,        1.12,           0,             0
    310,        16,        14,           150,       145,       155,        1.08,      1.04,        1.12,           0,             0
    311,        17,        14,           160,       155,       165,        1.08,      1.04,        1.12,           0,             0
    312,        18,        14,           170,       165,       175,        1.08,      1.04,        1.12,           0,             0
    313,        19,        14,           180,       175,       185,        1.08,      1.04,        1.12,           0,             0
    316,         1,        15,             0,        -5,         5,        1.16,      1.12,         1.2,           0,             0
    317,         2,        15,            10,         5,        15,        1.16,      1.12,         1.2,           0,             0
    318,         3,        15,            20,        15,        25,        1.16,      1.12,         1.2,           0,             0
    319,         4,        15,            30,        25,        35,        1.16,      1.12,         1.2,           0,             0
    320,         5,        15,            40,        35,        45,        1.16,      1.12,         1.2,           0,             0
    321,         6,        15,            50,        45,        55,        1.16,      1.12,         1.2,           0,             0
    322,         7,        15,            60,        55,        65,        1.16,      1.12,         1.2,           0,             0
    323,         8,        15,            70,        65,        75,        1.16,      1.12,         1.2,           0,             0
    324,         9,        15,            80,        75,        85,        1.16,      1.12,         1.2,           0,             0
    325,        10,        15,            90,        85,        95,        1.16,      1.12,         1.2,           0,             0
    326,        11,        15,           100,        95,       105,        1.16,      1.12,         1.2,           0,             0
    327,        12,        15,           110,       105,       115,        1.16,      1.12,         1.2,           0,             0
    328,        13,        15,           120,       115,       125,        1.16,      1.12,         1.2,           0,             0
    329,        14,        15,           130,       125,       135,        1.16,      1.12,         1.2,           0,             0
    330,        15,        15,           140,       135,       145,        1.16,      1.12,         1.2,           0,             0
    331,        16,        15,           150,       145,       155,        1.16,      1.12,         1.2,           0,             0
    332,        17,        15,           160,       155,       165,        1.16,      1.12,         1.2,           0,             0
    333,        18,        15,           170,       165,       175,        1.16,      1.12,         1.2,           0,             0
    334,        19,        15,           180,       175,       185,        1.16,      1.12,         1.2,           0,             0
