# 2D Histogram Bin Extraction 
#                   
# histogram parameters:  
# title      : Em_nuc vs. Pm 
# ybins      : 50 
# ylabel     :  
# xbins      : 15 
# xlabel     :  
# ybin_width : 0.005 
# xbin_width : 0.080 
#                   
# header definitions:
# ib:         (x,y)  bin number 
# xb:         x-axis bin number 
# yb:         y-axis bin number 
# x0:         x-axis central bin value 
# xlow:       x-axis low-edge bin value 
# xup:        x-axis up-edge bin value 
# y0:         y-axis central bin value 
# ylow:       y-axis low-edge bin value 
# yup:        y-axis up-edge bin value 
# zcont:      bin content (z-axis) 
# zcont_err:  bin content error (z-axis) 
#                                        
ib,xb,yb,x0,xlow,xup,y0,ylow,yup,zcont,zcont_err
     18,         1,         1,          0.04,         0,      0.08,     -0.0475,     -0.05,      -0.045,           0,             0
     19,         2,         1,          0.12,      0.08,      0.16,     -0.0475,     -0.05,      -0.045,     32.3243,       12.1379
     20,         3,         1,           0.2,      0.16,      0.24,     -0.0475,     -0.05,      -0.045,     331.216,       49.5182
     21,         4,         1,          0.28,      0.24,      0.32,     -0.0475,     -0.05,      -0.045,     218.748,       25.5591
     22,         5,         1,          0.36,      0.32,       0.4,     -0.0475,     -0.05,      -0.045,     11.4607,        1.9608
     23,         6,         1,          0.44,       0.4,      0.48,     -0.0475,     -0.05,      -0.045,     12.3261,       6.02552
     24,         7,         1,          0.52,      0.48,      0.56,     -0.0475,     -0.05,      -0.045,     3.17043,       1.46337
     25,         8,         1,           0.6,      0.56,      0.64,     -0.0475,     -0.05,      -0.045,   0.0941036,      0.025726
     26,         9,         1,          0.68,      0.64,      0.72,     -0.0475,     -0.05,      -0.045,   0.0360637,     0.0221266
     27,        10,         1,          0.76,      0.72,       0.8,     -0.0475,     -0.05,      -0.045,  0.00058264,   0.000440474
     28,        11,         1,          0.84,       0.8,      0.88,     -0.0475,     -0.05,      -0.045,  0.00396502,    0.00396502
     29,        12,         1,          0.92,      0.88,      0.96,     -0.0475,     -0.05,      -0.045,  0.00286567,    0.00222942
     30,        13,         1,             1,      0.96,      1.04,     -0.0475,     -0.05,      -0.045,    0.425179,      0.424691
     31,        14,         1,          1.08,      1.04,      1.12,     -0.0475,     -0.05,      -0.045,   0.0675386,     0.0675386
     32,        15,         1,          1.16,      1.12,       1.2,     -0.0475,     -0.05,      -0.045,   0.0012445,     0.0012445
     35,         1,         2,          0.04,         0,      0.08,     -0.0425,    -0.045,       -0.04,           0,             0
     36,         2,         2,          0.12,      0.08,      0.16,     -0.0425,    -0.045,       -0.04,     58.6876,       17.7649
     37,         3,         2,           0.2,      0.16,      0.24,     -0.0425,    -0.045,       -0.04,     409.467,       54.4479
     38,         4,         2,          0.28,      0.24,      0.32,     -0.0425,    -0.045,       -0.04,     215.918,        27.262
     39,         5,         2,          0.36,      0.32,       0.4,     -0.0425,    -0.045,       -0.04,     20.4725,       6.18823
     40,         6,         2,          0.44,       0.4,      0.48,     -0.0425,    -0.045,       -0.04,     14.8571,       5.89627
     41,         7,         2,          0.52,      0.48,      0.56,     -0.0425,    -0.045,       -0.04,     1.66827,      0.589155
     42,         8,         2,           0.6,      0.56,      0.64,     -0.0425,    -0.045,       -0.04,    0.317973,      0.162943
     43,         9,         2,          0.68,      0.64,      0.72,     -0.0425,    -0.045,       -0.04,  0.00818186,    0.00346442
     44,        10,         2,          0.76,      0.72,       0.8,     -0.0425,    -0.045,       -0.04,  0.00431696,    0.00279435
     45,        11,         2,          0.84,       0.8,      0.88,     -0.0425,    -0.045,       -0.04, 0.000236838,   0.000236838
     46,        12,         2,          0.92,      0.88,      0.96,     -0.0425,    -0.045,       -0.04,  0.00238411,    0.00238411
     47,        13,         2,             1,      0.96,      1.04,     -0.0425,    -0.045,       -0.04,           0,             0
     48,        14,         2,          1.08,      1.04,      1.12,     -0.0425,    -0.045,       -0.04,  0.00170836,    0.00105188
     49,        15,         2,          1.16,      1.12,       1.2,     -0.0425,    -0.045,       -0.04,           0,             0
     52,         1,         3,          0.04,         0,      0.08,     -0.0375,     -0.04,      -0.035,      1.5202,        1.5202
     53,         2,         3,          0.12,      0.08,      0.16,     -0.0375,     -0.04,      -0.035,     99.4032,       28.7123
     54,         3,         3,           0.2,      0.16,      0.24,     -0.0375,     -0.04,      -0.035,     548.475,       68.8763
     55,         4,         3,          0.28,      0.24,      0.32,     -0.0375,     -0.04,      -0.035,     175.005,       17.5868
     56,         5,         3,          0.36,      0.32,       0.4,     -0.0375,     -0.04,      -0.035,     13.3851,       1.67448
     57,         6,         3,          0.44,       0.4,      0.48,     -0.0375,     -0.04,      -0.035,     63.3028,       26.8597
     58,         7,         3,          0.52,      0.48,      0.56,     -0.0375,     -0.04,      -0.035,      1.3058,      0.575195
     59,         8,         3,           0.6,      0.56,      0.64,     -0.0375,     -0.04,      -0.035,    0.115624,     0.0419301
     60,         9,         3,          0.68,      0.64,      0.72,     -0.0375,     -0.04,      -0.035,   0.0106717,    0.00493654
     61,        10,         3,          0.76,      0.72,       0.8,     -0.0375,     -0.04,      -0.035,   0.0652279,     0.0552684
     62,        11,         3,          0.84,       0.8,      0.88,     -0.0375,     -0.04,      -0.035,  0.00100018,   0.000555084
     63,        12,         3,          0.92,      0.88,      0.96,     -0.0375,     -0.04,      -0.035,           0,             0
     64,        13,         3,             1,      0.96,      1.04,     -0.0375,     -0.04,      -0.035, 2.28563e-05,   2.28563e-05
     65,        14,         3,          1.08,      1.04,      1.12,     -0.0375,     -0.04,      -0.035,  0.00374157,    0.00374157
     66,        15,         3,          1.16,      1.12,       1.2,     -0.0375,     -0.04,      -0.035,  0.00499938,    0.00442336
     69,         1,         4,          0.04,         0,      0.08,     -0.0325,    -0.035,       -0.03,           0,             0
     70,         2,         4,          0.12,      0.08,      0.16,     -0.0325,    -0.035,       -0.03,     171.785,       34.8849
     71,         3,         4,           0.2,      0.16,      0.24,     -0.0325,    -0.035,       -0.03,     705.321,       75.0743
     72,         4,         4,          0.28,      0.24,      0.32,     -0.0325,    -0.035,       -0.03,     249.149,       23.8742
     73,         5,         4,          0.36,      0.32,       0.4,     -0.0325,    -0.035,       -0.03,     20.4363,       9.96753
     74,         6,         4,          0.44,       0.4,      0.48,     -0.0325,    -0.035,       -0.03,     19.1203,       8.57852
     75,         7,         4,          0.52,      0.48,      0.56,     -0.0325,    -0.035,       -0.03,     4.69754,       1.79102
     76,         8,         4,           0.6,      0.56,      0.64,     -0.0325,    -0.035,       -0.03,     1.23758,      0.914673
     77,         9,         4,          0.68,      0.64,      0.72,     -0.0325,    -0.035,       -0.03,   0.0331499,     0.0181431
     78,        10,         4,          0.76,      0.72,       0.8,     -0.0325,    -0.035,       -0.03,  0.00371528,    0.00206032
     79,        11,         4,          0.84,       0.8,      0.88,     -0.0325,    -0.035,       -0.03,           0,             0
     80,        12,         4,          0.92,      0.88,      0.96,     -0.0325,    -0.035,       -0.03,    0.220001,      0.220001
     81,        13,         4,             1,      0.96,      1.04,     -0.0325,    -0.035,       -0.03,           0,             0
     82,        14,         4,          1.08,      1.04,      1.12,     -0.0325,    -0.035,       -0.03,   0.0259131,     0.0225292
     83,        15,         4,          1.16,      1.12,       1.2,     -0.0325,    -0.035,       -0.03,           0,             0
     86,         1,         5,          0.04,         0,      0.08,     -0.0275,     -0.03,      -0.025,     23.1203,       16.3767
     87,         2,         5,          0.12,      0.08,      0.16,     -0.0275,     -0.03,      -0.025,     303.598,       48.0141
     88,         3,         5,           0.2,      0.16,      0.24,     -0.0275,     -0.03,      -0.025,     781.894,       77.4602
     89,         4,         5,          0.28,      0.24,      0.32,     -0.0275,     -0.03,      -0.025,     206.496,       19.3689
     90,         5,         5,          0.36,      0.32,       0.4,     -0.0275,     -0.03,      -0.025,     22.2464,       4.58516
     91,         6,         5,          0.44,       0.4,      0.48,     -0.0275,     -0.03,      -0.025,     15.5444,       9.08988
     92,         7,         5,          0.52,      0.48,      0.56,     -0.0275,     -0.03,      -0.025,     10.7148,       5.92548
     93,         8,         5,           0.6,      0.56,      0.64,     -0.0275,     -0.03,      -0.025,    0.080983,     0.0200881
     94,         9,         5,          0.68,      0.64,      0.72,     -0.0275,     -0.03,      -0.025,  0.00911614,    0.00340368
     95,        10,         5,          0.76,      0.72,       0.8,     -0.0275,     -0.03,      -0.025,  0.00253007,    0.00130205
     96,        11,         5,          0.84,       0.8,      0.88,     -0.0275,     -0.03,      -0.025,  0.00130166,    0.00130166
     97,        12,         5,          0.92,      0.88,      0.96,     -0.0275,     -0.03,      -0.025,   0.0012757,     0.0012757
     98,        13,         5,             1,      0.96,      1.04,     -0.0275,     -0.03,      -0.025,           0,             0
     99,        14,         5,          1.08,      1.04,      1.12,     -0.0275,     -0.03,      -0.025,  0.00814324,    0.00641905
    100,        15,         5,          1.16,      1.12,       1.2,     -0.0275,     -0.03,      -0.025,           0,             0
    103,         1,         6,          0.04,         0,      0.08,     -0.0225,    -0.025,       -0.02,     44.6755,       17.2295
    104,         2,         6,          0.12,      0.08,      0.16,     -0.0225,    -0.025,       -0.02,     435.171,       58.1553
    105,         3,         6,           0.2,      0.16,      0.24,     -0.0225,    -0.025,       -0.02,     911.499,       92.6949
    106,         4,         6,          0.28,      0.24,      0.32,     -0.0225,    -0.025,       -0.02,     226.336,       15.5878
    107,         5,         6,          0.36,      0.32,       0.4,     -0.0225,    -0.025,       -0.02,     28.5505,       10.4908
    108,         6,         6,          0.44,       0.4,      0.48,     -0.0225,    -0.025,       -0.02,     8.04897,       2.41996
    109,         7,         6,          0.52,      0.48,      0.56,     -0.0225,    -0.025,       -0.02,      2.4723,       1.92537
    110,         8,         6,           0.6,      0.56,      0.64,     -0.0225,    -0.025,       -0.02,     1.30707,       1.05369
    111,         9,         6,          0.68,      0.64,      0.72,     -0.0225,    -0.025,       -0.02,    0.027438,    0.00870508
    112,        10,         6,          0.76,      0.72,       0.8,     -0.0225,    -0.025,       -0.02, 0.000837407,    0.00067239
    113,        11,         6,          0.84,       0.8,      0.88,     -0.0225,    -0.025,       -0.02,           0,             0
    114,        12,         6,          0.92,      0.88,      0.96,     -0.0225,    -0.025,       -0.02,  0.00379241,    0.00285904
    115,        13,         6,             1,      0.96,      1.04,     -0.0225,    -0.025,       -0.02,           0,             0
    116,        14,         6,          1.08,      1.04,      1.12,     -0.0225,    -0.025,       -0.02,  0.00201523,    0.00201523
    117,        15,         6,          1.16,      1.12,       1.2,     -0.0225,    -0.025,       -0.02,  0.00782764,    0.00782764
    120,         1,         7,          0.04,         0,      0.08,     -0.0175,     -0.02,      -0.015,     67.7595,       22.1938
    121,         2,         7,          0.12,      0.08,      0.16,     -0.0175,     -0.02,      -0.015,     684.196,       82.6636
    122,         3,         7,           0.2,      0.16,      0.24,     -0.0175,     -0.02,      -0.015,      1231.7,       101.623
    123,         4,         7,          0.28,      0.24,      0.32,     -0.0175,     -0.02,      -0.015,     265.998,       23.1444
    124,         5,         7,          0.36,      0.32,       0.4,     -0.0175,     -0.02,      -0.015,     21.0359,       7.81943
    125,         6,         7,          0.44,       0.4,      0.48,     -0.0175,     -0.02,      -0.015,     20.8537,       14.0883
    126,         7,         7,          0.52,      0.48,      0.56,     -0.0175,     -0.02,      -0.015,     6.08914,       3.01229
    127,         8,         7,           0.6,      0.56,      0.64,     -0.0175,     -0.02,      -0.015,   0.0835387,     0.0254129
    128,         9,         7,          0.68,      0.64,      0.72,     -0.0175,     -0.02,      -0.015,   0.0245878,     0.0124591
    129,        10,         7,          0.76,      0.72,       0.8,     -0.0175,     -0.02,      -0.015,  0.00262337,    0.00112918
    130,        11,         7,          0.84,       0.8,      0.88,     -0.0175,     -0.02,      -0.015,  0.00596894,    0.00556747
    131,        12,         7,          0.92,      0.88,      0.96,     -0.0175,     -0.02,      -0.015,           0,             0
    132,        13,         7,             1,      0.96,      1.04,     -0.0175,     -0.02,      -0.015,  0.00172013,    0.00172013
    133,        14,         7,          1.08,      1.04,      1.12,     -0.0175,     -0.02,      -0.015, 4.64967e-06,   4.64967e-06
    134,        15,         7,          1.16,      1.12,       1.2,     -0.0175,     -0.02,      -0.015,  0.00117738,    0.00117738
    137,         1,         8,          0.04,         0,      0.08,     -0.0125,    -0.015,       -0.01,      164.77,       38.5665
    138,         2,         8,          0.12,      0.08,      0.16,     -0.0125,    -0.015,       -0.01,     928.469,       87.9171
    139,         3,         8,           0.2,      0.16,      0.24,     -0.0125,    -0.015,       -0.01,     1135.89,       76.6689
    140,         4,         8,          0.28,      0.24,      0.32,     -0.0125,    -0.015,       -0.01,     296.098,       20.7598
    141,         5,         8,          0.36,      0.32,       0.4,     -0.0125,    -0.015,       -0.01,     19.2696,       3.03473
    142,         6,         8,          0.44,       0.4,      0.48,     -0.0125,    -0.015,       -0.01,     13.1906,       7.28272
    143,         7,         8,          0.52,      0.48,      0.56,     -0.0125,    -0.015,       -0.01,     1.37729,      0.414343
    144,         8,         8,           0.6,      0.56,      0.64,     -0.0125,    -0.015,       -0.01,   0.0747394,     0.0223562
    145,         9,         8,          0.68,      0.64,      0.72,     -0.0125,    -0.015,       -0.01,   0.0146044,    0.00468944
    146,        10,         8,          0.76,      0.72,       0.8,     -0.0125,    -0.015,       -0.01,  0.00681991,    0.00322834
    147,        11,         8,          0.84,       0.8,      0.88,     -0.0125,    -0.015,       -0.01,   0.0145023,      0.014088
    148,        12,         8,          0.92,      0.88,      0.96,     -0.0125,    -0.015,       -0.01,           0,             0
    149,        13,         8,             1,      0.96,      1.04,     -0.0125,    -0.015,       -0.01,           0,             0
    150,        14,         8,          1.08,      1.04,      1.12,     -0.0125,    -0.015,       -0.01,           0,             0
    151,        15,         8,          1.16,      1.12,       1.2,     -0.0125,    -0.015,       -0.01,           0,             0
    154,         1,         9,          0.04,         0,      0.08,     -0.0075,     -0.01,      -0.005,     236.181,       45.0469
    155,         2,         9,          0.12,      0.08,      0.16,     -0.0075,     -0.01,      -0.005,     1580.79,       141.104
    156,         3,         9,           0.2,      0.16,      0.24,     -0.0075,     -0.01,      -0.005,     1593.79,       98.8484
    157,         4,         9,          0.28,      0.24,      0.32,     -0.0075,     -0.01,      -0.005,     289.398,       20.1643
    158,         5,         9,          0.36,      0.32,       0.4,     -0.0075,     -0.01,      -0.005,      23.788,       4.25301
    159,         6,         9,          0.44,       0.4,      0.48,     -0.0075,     -0.01,      -0.005,     22.2372,       8.39506
    160,         7,         9,          0.52,      0.48,      0.56,     -0.0075,     -0.01,      -0.005,    0.773062,      0.166726
    161,         8,         9,           0.6,      0.56,      0.64,     -0.0075,     -0.01,      -0.005,   0.0786689,     0.0205759
    162,         9,         9,          0.68,      0.64,      0.72,     -0.0075,     -0.01,      -0.005,   0.0154088,     0.0071755
    163,        10,         9,          0.76,      0.72,       0.8,     -0.0075,     -0.01,      -0.005,  0.00158841,    0.00140528
    164,        11,         9,          0.84,       0.8,      0.88,     -0.0075,     -0.01,      -0.005,  0.00587264,    0.00364467
    165,        12,         9,          0.92,      0.88,      0.96,     -0.0075,     -0.01,      -0.005,    0.012828,      0.012828
    166,        13,         9,             1,      0.96,      1.04,     -0.0075,     -0.01,      -0.005,           0,             0
    167,        14,         9,          1.08,      1.04,      1.12,     -0.0075,     -0.01,      -0.005,  0.00641139,    0.00473857
    168,        15,         9,          1.16,      1.12,       1.2,     -0.0075,     -0.01,      -0.005, 0.000637502,   0.000637502
    171,         1,        10,          0.04,         0,      0.08,     -0.0025,    -0.005,           0,      321.98,        53.065
    172,         2,        10,          0.12,      0.08,      0.16,     -0.0025,    -0.005,           0,     2113.91,       158.676
    173,         3,        10,           0.2,      0.16,      0.24,     -0.0025,    -0.005,           0,     1729.81,       98.5034
    174,         4,        10,          0.28,      0.24,      0.32,     -0.0025,    -0.005,           0,     291.238,       24.6868
    175,         5,        10,          0.36,      0.32,       0.4,     -0.0025,    -0.005,           0,     24.5963,       6.64888
    176,         6,        10,          0.44,       0.4,      0.48,     -0.0025,    -0.005,           0,     19.5746,       6.51038
    177,         7,        10,          0.52,      0.48,      0.56,     -0.0025,    -0.005,           0,     7.85795,       5.84985
    178,         8,        10,           0.6,      0.56,      0.64,     -0.0025,    -0.005,           0,     1.11345,      0.831371
    179,         9,        10,          0.68,      0.64,      0.72,     -0.0025,    -0.005,           0,    0.013955,    0.00506928
    180,        10,        10,          0.76,      0.72,       0.8,     -0.0025,    -0.005,           0,  0.00430713,    0.00203925
    181,        11,        10,          0.84,       0.8,      0.88,     -0.0025,    -0.005,           0,   0.0019835,    0.00194716
    182,        12,        10,          0.92,      0.88,      0.96,     -0.0025,    -0.005,           0,   0.0241287,     0.0219955
    183,        13,        10,             1,      0.96,      1.04,     -0.0025,    -0.005,           0,           0,             0
    184,        14,        10,          1.08,      1.04,      1.12,     -0.0025,    -0.005,           0,           0,             0
    185,        15,        10,          1.16,      1.12,       1.2,     -0.0025,    -0.005,           0,   0.0212662,      0.016535
    188,         1,        11,          0.04,         0,      0.08,      0.0025,         0,       0.005,     646.198,       90.0043
    189,         2,        11,          0.12,      0.08,      0.16,      0.0025,         0,       0.005,     3266.08,       203.534
    190,         3,        11,           0.2,      0.16,      0.24,      0.0025,         0,       0.005,     2195.76,       121.982
    191,         4,        11,          0.28,      0.24,      0.32,      0.0025,         0,       0.005,     236.234,       18.7799
    192,         5,        11,          0.36,      0.32,       0.4,      0.0025,         0,       0.005,     30.0238,       6.58099
    193,         6,        11,          0.44,       0.4,      0.48,      0.0025,         0,       0.005,     16.0065,       4.64711
    194,         7,        11,          0.52,      0.48,      0.56,      0.0025,         0,       0.005,     0.66041,      0.131057
    195,         8,        11,           0.6,      0.56,      0.64,      0.0025,         0,       0.005,    0.119758,      0.054717
    196,         9,        11,          0.68,      0.64,      0.72,      0.0025,         0,       0.005,   0.0183296,    0.00647937
    197,        10,        11,          0.76,      0.72,       0.8,      0.0025,         0,       0.005,  0.00356581,    0.00205024
    198,        11,        11,          0.84,       0.8,      0.88,      0.0025,         0,       0.005, 0.000805646,   0.000484776
    199,        12,        11,          0.92,      0.88,      0.96,      0.0025,         0,       0.005,   0.0391926,     0.0330129
    200,        13,        11,             1,      0.96,      1.04,      0.0025,         0,       0.005,  0.00199132,    0.00199132
    201,        14,        11,          1.08,      1.04,      1.12,      0.0025,         0,       0.005,           0,             0
    202,        15,        11,          1.16,      1.12,       1.2,      0.0025,         0,       0.005,           0,             0
    205,         1,        12,          0.04,         0,      0.08,      0.0075,     0.005,        0.01,     1174.11,       116.443
    206,         2,        12,          0.12,      0.08,      0.16,      0.0075,     0.005,        0.01,     3931.46,       214.471
    207,         3,        12,           0.2,      0.16,      0.24,      0.0075,     0.005,        0.01,     2435.83,       133.384
    208,         4,        12,          0.28,      0.24,      0.32,      0.0075,     0.005,        0.01,     274.779,       39.3716
    209,         5,        12,          0.36,      0.32,       0.4,      0.0075,     0.005,        0.01,     26.9132,       5.37318
    210,         6,        12,          0.44,       0.4,      0.48,      0.0075,     0.005,        0.01,     14.2214,       4.39748
    211,         7,        12,          0.52,      0.48,      0.56,      0.0075,     0.005,        0.01,     1.36375,      0.422597
    212,         8,        12,           0.6,      0.56,      0.64,      0.0075,     0.005,        0.01,    0.253201,      0.149966
    213,         9,        12,          0.68,      0.64,      0.72,      0.0075,     0.005,        0.01,   0.0981124,     0.0860863
    214,        10,        12,          0.76,      0.72,       0.8,      0.0075,     0.005,        0.01,  0.00120305,   0.000935542
    215,        11,        12,          0.84,       0.8,      0.88,      0.0075,     0.005,        0.01,  0.00228795,    0.00201478
    216,        12,        12,          0.92,      0.88,      0.96,      0.0075,     0.005,        0.01,           0,             0
    217,        13,        12,             1,      0.96,      1.04,      0.0075,     0.005,        0.01,   0.0112575,     0.0112575
    218,        14,        12,          1.08,      1.04,      1.12,      0.0075,     0.005,        0.01,  0.00432103,    0.00385906
    219,        15,        12,          1.16,      1.12,       1.2,      0.0075,     0.005,        0.01,           0,             0
    222,         1,        13,          0.04,         0,      0.08,      0.0125,      0.01,       0.015,     1476.49,       134.294
    223,         2,        13,          0.12,      0.08,      0.16,      0.0125,      0.01,       0.015,     4589.92,       243.686
    224,         3,        13,           0.2,      0.16,      0.24,      0.0125,      0.01,       0.015,     2314.17,       129.772
    225,         4,        13,          0.28,      0.24,      0.32,      0.0125,      0.01,       0.015,     197.479,       16.5872
    226,         5,        13,          0.36,      0.32,       0.4,      0.0125,      0.01,       0.015,     41.8184,       12.2003
    227,         6,        13,          0.44,       0.4,      0.48,      0.0125,      0.01,       0.015,     25.1083,       7.73169
    228,         7,        13,          0.52,      0.48,      0.56,      0.0125,      0.01,       0.015,     1.37336,      0.351613
    229,         8,        13,           0.6,      0.56,      0.64,      0.0125,      0.01,       0.015,     1.21749,      0.966128
    230,         9,        13,          0.68,      0.64,      0.72,      0.0125,      0.01,       0.015,   0.0161768,    0.00789483
    231,        10,        13,          0.76,      0.72,       0.8,      0.0125,      0.01,       0.015,   0.0053514,    0.00401411
    232,        11,        13,          0.84,       0.8,      0.88,      0.0125,      0.01,       0.015,   0.0172151,      0.012142
    233,        12,        13,          0.92,      0.88,      0.96,      0.0125,      0.01,       0.015,    0.207997,      0.144579
    234,        13,        13,             1,      0.96,      1.04,      0.0125,      0.01,       0.015,           0,             0
    235,        14,        13,          1.08,      1.04,      1.12,      0.0125,      0.01,       0.015,   0.0153758,     0.0153758
    236,        15,        13,          1.16,      1.12,       1.2,      0.0125,      0.01,       0.015,           0,             0
    239,         1,        14,          0.04,         0,      0.08,      0.0175,     0.015,        0.02,     1907.39,       152.386
    240,         2,        14,          0.12,      0.08,      0.16,      0.0175,     0.015,        0.02,     5480.98,       267.022
    241,         3,        14,           0.2,      0.16,      0.24,      0.0175,     0.015,        0.02,     2066.75,       114.067
    242,         4,        14,          0.28,      0.24,      0.32,      0.0175,     0.015,        0.02,     159.707,        12.858
    243,         5,        14,          0.36,      0.32,       0.4,      0.0175,     0.015,        0.02,       72.96,       22.3922
    244,         6,        14,          0.44,       0.4,      0.48,      0.0175,     0.015,        0.02,     32.6889,       17.0144
    245,         7,        14,          0.52,      0.48,      0.56,      0.0175,     0.015,        0.02,    0.603859,     0.0817628
    246,         8,        14,           0.6,      0.56,      0.64,      0.0175,     0.015,        0.02,   0.0541148,     0.0155425
    247,         9,        14,          0.68,      0.64,      0.72,      0.0175,     0.015,        0.02,   0.0103247,    0.00363851
    248,        10,        14,          0.76,      0.72,       0.8,      0.0175,     0.015,        0.02,  0.00508943,     0.0029858
    249,        11,        14,          0.84,       0.8,      0.88,      0.0175,     0.015,        0.02,    0.750547,      0.739463
    250,        12,        14,          0.92,      0.88,      0.96,      0.0175,     0.015,        0.02, 0.000463123,   0.000398173
    251,        13,        14,             1,      0.96,      1.04,      0.0175,     0.015,        0.02,   0.0315697,     0.0243273
    252,        14,        14,          1.08,      1.04,      1.12,      0.0175,     0.015,        0.02,  0.00842964,    0.00632254
    253,        15,        14,          1.16,      1.12,       1.2,      0.0175,     0.015,        0.02,           0,             0
    256,         1,        15,          0.04,         0,      0.08,      0.0225,      0.02,       0.025,     2177.14,       147.879
    257,         2,        15,          0.12,      0.08,      0.16,      0.0225,      0.02,       0.025,     5215.55,       251.714
    258,         3,        15,           0.2,      0.16,      0.24,      0.0225,      0.02,       0.025,     1536.72,       93.3408
    259,         4,        15,          0.28,      0.24,      0.32,      0.0225,      0.02,       0.025,     208.111,       27.1987
    260,         5,        15,          0.36,      0.32,       0.4,      0.0225,      0.02,       0.025,     51.0095,       13.8725
    261,         6,        15,          0.44,       0.4,      0.48,      0.0225,      0.02,       0.025,     20.2989,       6.30283
    262,         7,        15,          0.52,      0.48,      0.56,      0.0225,      0.02,       0.025,     1.25402,      0.467179
    263,         8,        15,           0.6,      0.56,      0.64,      0.0225,      0.02,       0.025,    0.105092,     0.0320155
    264,         9,        15,          0.68,      0.64,      0.72,      0.0225,      0.02,       0.025,   0.0199597,    0.00704744
    265,        10,        15,          0.76,      0.72,       0.8,      0.0225,      0.02,       0.025,    0.045889,     0.0238625
    266,        11,        15,          0.84,       0.8,      0.88,      0.0225,      0.02,       0.025,  0.00227291,    0.00135786
    267,        12,        15,          0.92,      0.88,      0.96,      0.0225,      0.02,       0.025,   0.0135978,    0.00887557
    268,        13,        15,             1,      0.96,      1.04,      0.0225,      0.02,       0.025,    0.514968,      0.514968
    269,        14,        15,          1.08,      1.04,      1.12,      0.0225,      0.02,       0.025,  0.00423455,    0.00423455
    270,        15,        15,          1.16,      1.12,       1.2,      0.0225,      0.02,       0.025,  0.00253179,    0.00253179
    273,         1,        16,          0.04,         0,      0.08,      0.0275,     0.025,        0.03,     2261.99,       150.331
    274,         2,        16,          0.12,      0.08,      0.16,      0.0275,     0.025,        0.03,     4529.85,       211.431
    275,         3,        16,           0.2,      0.16,      0.24,      0.0275,     0.025,        0.03,     1298.58,       74.0702
    276,         4,        16,          0.28,      0.24,      0.32,      0.0275,     0.025,        0.03,     215.347,       31.4338
    277,         5,        16,          0.36,      0.32,       0.4,      0.0275,     0.025,        0.03,     39.3932,       8.48054
    278,         6,        16,          0.44,       0.4,      0.48,      0.0275,     0.025,        0.03,     9.74114,       2.34201
    279,         7,        16,          0.52,      0.48,      0.56,      0.0275,     0.025,        0.03,     1.21671,      0.422339
    280,         8,        16,           0.6,      0.56,      0.64,      0.0275,     0.025,        0.03,    0.114547,     0.0381608
    281,         9,        16,          0.68,      0.64,      0.72,      0.0275,     0.025,        0.03,   0.0203787,    0.00945658
    282,        10,        16,          0.76,      0.72,       0.8,      0.0275,     0.025,        0.03,   0.0269563,     0.0154001
    283,        11,        16,          0.84,       0.8,      0.88,      0.0275,     0.025,        0.03,    0.357106,      0.347192
    284,        12,        16,          0.92,      0.88,      0.96,      0.0275,     0.025,        0.03,   0.0239434,      0.017157
    285,        13,        16,             1,      0.96,      1.04,      0.0275,     0.025,        0.03,     2.80624,       2.01113
    286,        14,        16,          1.08,      1.04,      1.12,      0.0275,     0.025,        0.03,     7.58305,       7.58305
    287,        15,        16,          1.16,      1.12,       1.2,      0.0275,     0.025,        0.03,           0,             0
    290,         1,        17,          0.04,         0,      0.08,      0.0325,      0.03,       0.035,     2044.56,       131.398
    291,         2,        17,          0.12,      0.08,      0.16,      0.0325,      0.03,       0.035,     4115.93,       198.661
    292,         3,        17,           0.2,      0.16,      0.24,      0.0325,      0.03,       0.035,     1157.53,       76.8922
    293,         4,        17,          0.28,      0.24,      0.32,      0.0325,      0.03,       0.035,     177.729,       30.3121
    294,         5,        17,          0.36,      0.32,       0.4,      0.0325,      0.03,       0.035,     36.2417,       6.02443
    295,         6,        17,          0.44,       0.4,      0.48,      0.0325,      0.03,       0.035,     12.6796,       3.46135
    296,         7,        17,          0.52,      0.48,      0.56,      0.0325,      0.03,       0.035,     1.34148,      0.562809
    297,         8,        17,           0.6,      0.56,      0.64,      0.0325,      0.03,       0.035,     0.10495,     0.0286622
    298,         9,        17,          0.68,      0.64,      0.72,      0.0325,      0.03,       0.035,   0.0496695,     0.0308053
    299,        10,        17,          0.76,      0.72,       0.8,      0.0325,      0.03,       0.035,  0.00569303,    0.00306936
    300,        11,        17,          0.84,       0.8,      0.88,      0.0325,      0.03,       0.035, 0.000553144,   0.000550419
    301,        12,        17,          0.92,      0.88,      0.96,      0.0325,      0.03,       0.035,    0.108732,     0.0810096
    302,        13,        17,             1,      0.96,      1.04,      0.0325,      0.03,       0.035,  0.00255417,    0.00255417
    303,        14,        17,          1.08,      1.04,      1.12,      0.0325,      0.03,       0.035,  0.00212653,    0.00178156
    304,        15,        17,          1.16,      1.12,       1.2,      0.0325,      0.03,       0.035,  0.00141292,    0.00141292
    307,         1,        18,          0.04,         0,      0.08,      0.0375,     0.035,        0.04,     1969.91,       121.579
    308,         2,        18,          0.12,      0.08,      0.16,      0.0375,     0.035,        0.04,     3387.53,        152.83
    309,         3,        18,           0.2,      0.16,      0.24,      0.0375,     0.035,        0.04,     1023.48,       70.4677
    310,         4,        18,          0.28,      0.24,      0.32,      0.0375,     0.035,        0.04,     131.042,       14.2599
    311,         5,        18,          0.36,      0.32,       0.4,      0.0375,     0.035,        0.04,     48.5835,       12.1373
    312,         6,        18,          0.44,       0.4,      0.48,      0.0375,     0.035,        0.04,      18.088,       8.68882
    313,         7,        18,          0.52,      0.48,      0.56,      0.0375,     0.035,        0.04,    0.871531,      0.159558
    314,         8,        18,           0.6,      0.56,      0.64,      0.0375,     0.035,        0.04,    0.104311,     0.0238351
    315,         9,        18,          0.68,      0.64,      0.72,      0.0375,     0.035,        0.04,   0.0948269,      0.065333
    316,        10,        18,          0.76,      0.72,       0.8,      0.0375,     0.035,        0.04,    0.993623,      0.976091
    317,        11,        18,          0.84,       0.8,      0.88,      0.0375,     0.035,        0.04,     3.36066,       3.35615
    318,        12,        18,          0.92,      0.88,      0.96,      0.0375,     0.035,        0.04,  0.00406319,    0.00289486
    319,        13,        18,             1,      0.96,      1.04,      0.0375,     0.035,        0.04, 0.000387588,   0.000387588
    320,        14,        18,          1.08,      1.04,      1.12,      0.0375,     0.035,        0.04,           0,             0
    321,        15,        18,          1.16,      1.12,       1.2,      0.0375,     0.035,        0.04,           0,             0
    324,         1,        19,          0.04,         0,      0.08,      0.0425,      0.04,       0.045,     1777.24,       111.376
    325,         2,        19,          0.12,      0.08,      0.16,      0.0425,      0.04,       0.045,      2525.8,       119.335
    326,         3,        19,           0.2,      0.16,      0.24,      0.0425,      0.04,       0.045,     840.901,       59.0959
    327,         4,        19,          0.28,      0.24,      0.32,      0.0425,      0.04,       0.045,     122.965,       13.7219
    328,         5,        19,          0.36,      0.32,       0.4,      0.0425,      0.04,       0.045,     30.6882,       5.22905
    329,         6,        19,          0.44,       0.4,      0.48,      0.0425,      0.04,       0.045,      5.8884,       1.01784
    330,         7,        19,          0.52,      0.48,      0.56,      0.0425,      0.04,       0.045,     2.32672,       1.17257
    331,         8,        19,           0.6,      0.56,      0.64,      0.0425,      0.04,       0.045,    0.272245,      0.111572
    332,         9,        19,          0.68,      0.64,      0.72,      0.0425,      0.04,       0.045,   0.0952467,     0.0579055
    333,        10,        19,          0.76,      0.72,       0.8,      0.0425,      0.04,       0.045,   0.0670347,      0.042123
    334,        11,        19,          0.84,       0.8,      0.88,      0.0425,      0.04,       0.045, 0.000925157,   0.000902304
    335,        12,        19,          0.92,      0.88,      0.96,      0.0425,      0.04,       0.045,  0.00268833,    0.00139364
    336,        13,        19,             1,      0.96,      1.04,      0.0425,      0.04,       0.045,  0.00464611,    0.00464611
    337,        14,        19,          1.08,      1.04,      1.12,      0.0425,      0.04,       0.045,   0.0063336,     0.0063336
    338,        15,        19,          1.16,      1.12,       1.2,      0.0425,      0.04,       0.045,  0.00152277,    0.00152277
    341,         1,        20,          0.04,         0,      0.08,      0.0475,     0.045,        0.05,     1668.86,       106.006
    342,         2,        20,          0.12,      0.08,      0.16,      0.0475,     0.045,        0.05,     2156.64,       110.128
    343,         3,        20,           0.2,      0.16,      0.24,      0.0475,     0.045,        0.05,     733.438,       62.0335
    344,         4,        20,          0.28,      0.24,      0.32,      0.0475,     0.045,        0.05,     145.313,       20.5974
    345,         5,        20,          0.36,      0.32,       0.4,      0.0475,     0.045,        0.05,     67.7896,       28.2296
    346,         6,        20,          0.44,       0.4,      0.48,      0.0475,     0.045,        0.05,     9.48195,       1.88073
    347,         7,        20,          0.52,      0.48,      0.56,      0.0475,     0.045,        0.05,     1.13539,      0.438308
    348,         8,        20,           0.6,      0.56,      0.64,      0.0475,     0.045,        0.05,    0.636391,      0.462183
    349,         9,        20,          0.68,      0.64,      0.72,      0.0475,     0.045,        0.05,   0.0279164,    0.00869384
    350,        10,        20,          0.76,      0.72,       0.8,      0.0475,     0.045,        0.05,   0.0116958,    0.00695204
    351,        11,        20,          0.84,       0.8,      0.88,      0.0475,     0.045,        0.05,  0.00254749,    0.00245342
    352,        12,        20,          0.92,      0.88,      0.96,      0.0475,     0.045,        0.05,   0.0106433,    0.00574108
    353,        13,        20,             1,      0.96,      1.04,      0.0475,     0.045,        0.05,   0.0255235,     0.0255235
    354,        14,        20,          1.08,      1.04,      1.12,      0.0475,     0.045,        0.05,           0,             0
    355,        15,        20,          1.16,      1.12,       1.2,      0.0475,     0.045,        0.05, 7.03108e-05,   7.03108e-05
    358,         1,        21,          0.04,         0,      0.08,      0.0525,      0.05,       0.055,     1278.59,       85.8489
    359,         2,        21,          0.12,      0.08,      0.16,      0.0525,      0.05,       0.055,     1898.13,       95.5102
    360,         3,        21,           0.2,      0.16,      0.24,      0.0525,      0.05,       0.055,     564.254,       41.6443
    361,         4,        21,          0.28,      0.24,      0.32,      0.0525,      0.05,       0.055,     162.318,       38.0218
    362,         5,        21,          0.36,      0.32,       0.4,      0.0525,      0.05,       0.055,     54.6904,        11.322
    363,         6,        21,          0.44,       0.4,      0.48,      0.0525,      0.05,       0.055,     16.4672,       8.59859
    364,         7,        21,          0.52,      0.48,      0.56,      0.0525,      0.05,       0.055,      1.0691,      0.219938
    365,         8,        21,           0.6,      0.56,      0.64,      0.0525,      0.05,       0.055,    0.369164,      0.296907
    366,         9,        21,          0.68,      0.64,      0.72,      0.0525,      0.05,       0.055,   0.0477082,      0.014459
    367,        10,        21,          0.76,      0.72,       0.8,      0.0525,      0.05,       0.055,   0.0115844,    0.00670981
    368,        11,        21,          0.84,       0.8,      0.88,      0.0525,      0.05,       0.055,    0.165344,      0.156297
    369,        12,        21,          0.92,      0.88,      0.96,      0.0525,      0.05,       0.055,   0.0175203,     0.0157652
    370,        13,        21,             1,      0.96,      1.04,      0.0525,      0.05,       0.055,   0.0609494,     0.0602539
    371,        14,        21,          1.08,      1.04,      1.12,      0.0525,      0.05,       0.055,  0.00153576,    0.00153576
    372,        15,        21,          1.16,      1.12,       1.2,      0.0525,      0.05,       0.055, 0.000450324,   0.000450324
    375,         1,        22,          0.04,         0,      0.08,      0.0575,     0.055,        0.06,     1090.25,       81.1902
    376,         2,        22,          0.12,      0.08,      0.16,      0.0575,     0.055,        0.06,     1809.23,       119.544
    377,         3,        22,           0.2,      0.16,      0.24,      0.0575,     0.055,        0.06,     440.781,       31.8267
    378,         4,        22,          0.28,      0.24,      0.32,      0.0575,     0.055,        0.06,     172.261,       28.7997
    379,         5,        22,          0.36,      0.32,       0.4,      0.0575,     0.055,        0.06,     42.9811,       11.6176
    380,         6,        22,          0.44,       0.4,      0.48,      0.0575,     0.055,        0.06,     13.3765,       3.17704
    381,         7,        22,          0.52,      0.48,      0.56,      0.0575,     0.055,        0.06,    0.891585,      0.179078
    382,         8,        22,           0.6,      0.56,      0.64,      0.0575,     0.055,        0.06,    0.270315,      0.130337
    383,         9,        22,          0.68,      0.64,      0.72,      0.0575,     0.055,        0.06,   0.0327545,     0.0130423
    384,        10,        22,          0.76,      0.72,       0.8,      0.0575,     0.055,        0.06,  0.00426684,    0.00314475
    385,        11,        22,          0.84,       0.8,      0.88,      0.0575,     0.055,        0.06,    0.035864,      0.030395
    386,        12,        22,          0.92,      0.88,      0.96,      0.0575,     0.055,        0.06,   0.0228452,     0.0180986
    387,        13,        22,             1,      0.96,      1.04,      0.0575,     0.055,        0.06,    0.010259,     0.0094568
    388,        14,        22,          1.08,      1.04,      1.12,      0.0575,     0.055,        0.06,   0.0199678,     0.0157575
    389,        15,        22,          1.16,      1.12,       1.2,      0.0575,     0.055,        0.06,           0,             0
    392,         1,        23,          0.04,         0,      0.08,      0.0625,      0.06,       0.065,     673.329,       59.7385
    393,         2,        23,          0.12,      0.08,      0.16,      0.0625,      0.06,       0.065,     1242.89,       74.9096
    394,         3,        23,           0.2,      0.16,      0.24,      0.0625,      0.06,       0.065,     518.904,       53.6073
    395,         4,        23,          0.28,      0.24,      0.32,      0.0625,      0.06,       0.065,     136.506,        22.667
    396,         5,        23,          0.36,      0.32,       0.4,      0.0625,      0.06,       0.065,     98.2448,        29.854
    397,         6,        23,          0.44,       0.4,      0.48,      0.0625,      0.06,       0.065,     23.2221,       14.7926
    398,         7,        23,          0.52,      0.48,      0.56,      0.0625,      0.06,       0.065,     1.97499,      0.913578
    399,         8,        23,           0.6,      0.56,      0.64,      0.0625,      0.06,       0.065,   0.0851705,     0.0199037
    400,         9,        23,          0.68,      0.64,      0.72,      0.0625,      0.06,       0.065,    0.517591,      0.370284
    401,        10,        23,          0.76,      0.72,       0.8,      0.0625,      0.06,       0.065,   0.0250532,     0.0135913
    402,        11,        23,          0.84,       0.8,      0.88,      0.0625,      0.06,       0.065,  0.00169999,    0.00114617
    403,        12,        23,          0.92,      0.88,      0.96,      0.0625,      0.06,       0.065,  0.00201672,    0.00165375
    404,        13,        23,             1,      0.96,      1.04,      0.0625,      0.06,       0.065,           0,             0
    405,        14,        23,          1.08,      1.04,      1.12,      0.0625,      0.06,       0.065,  0.00553809,    0.00490914
    406,        15,        23,          1.16,      1.12,       1.2,      0.0625,      0.06,       0.065,           0,             0
    409,         1,        24,          0.04,         0,      0.08,      0.0675,     0.065,        0.07,     615.527,       63.1727
    410,         2,        24,          0.12,      0.08,      0.16,      0.0675,     0.065,        0.07,     1113.34,       90.6851
    411,         3,        24,           0.2,      0.16,      0.24,      0.0675,     0.065,        0.07,      439.08,       44.2533
    412,         4,        24,          0.28,      0.24,      0.32,      0.0675,     0.065,        0.07,     106.329,       14.9516
    413,         5,        24,          0.36,      0.32,       0.4,      0.0675,     0.065,        0.07,     54.1218,       13.9303
    414,         6,        24,          0.44,       0.4,      0.48,      0.0675,     0.065,        0.07,      9.0294,       2.54163
    415,         7,        24,          0.52,      0.48,      0.56,      0.0675,     0.065,        0.07,     1.24823,      0.302972
    416,         8,        24,           0.6,      0.56,      0.64,      0.0675,     0.065,        0.07,     1.13132,      0.979418
    417,         9,        24,          0.68,      0.64,      0.72,      0.0675,     0.065,        0.07,   0.0832544,     0.0342094
    418,        10,        24,          0.76,      0.72,       0.8,      0.0675,     0.065,        0.07,   0.0490695,     0.0301635
    419,        11,        24,          0.84,       0.8,      0.88,      0.0675,     0.065,        0.07,    0.390683,      0.303267
    420,        12,        24,          0.92,      0.88,      0.96,      0.0675,     0.065,        0.07,   0.0211303,     0.0164902
    421,        13,        24,             1,      0.96,      1.04,      0.0675,     0.065,        0.07,  0.00288364,    0.00288364
    422,        14,        24,          1.08,      1.04,      1.12,      0.0675,     0.065,        0.07, 0.000308071,   0.000308071
    423,        15,        24,          1.16,      1.12,       1.2,      0.0675,     0.065,        0.07,           0,             0
    426,         1,        25,          0.04,         0,      0.08,      0.0725,      0.07,       0.075,     554.402,       58.0183
    427,         2,        25,          0.12,      0.08,      0.16,      0.0725,      0.07,       0.075,       960.1,       67.5842
    428,         3,        25,           0.2,      0.16,      0.24,      0.0725,      0.07,       0.075,     558.996,        63.809
    429,         4,        25,          0.28,      0.24,      0.32,      0.0725,      0.07,       0.075,     133.869,       20.3119
    430,         5,        25,          0.36,      0.32,       0.4,      0.0725,      0.07,       0.075,     43.2491,       10.3532
    431,         6,        25,          0.44,       0.4,      0.48,      0.0725,      0.07,       0.075,     13.3159,       3.62165
    432,         7,        25,          0.52,      0.48,      0.56,      0.0725,      0.07,       0.075,     1.76333,      0.532103
    433,         8,        25,           0.6,      0.56,      0.64,      0.0725,      0.07,       0.075,    0.222696,      0.089335
    434,         9,        25,          0.68,      0.64,      0.72,      0.0725,      0.07,       0.075,    0.511081,      0.455709
    435,        10,        25,          0.76,      0.72,       0.8,      0.0725,      0.07,       0.075,   0.0192707,    0.00936348
    436,        11,        25,          0.84,       0.8,      0.88,      0.0725,      0.07,       0.075,     2.25233,       2.24533
    437,        12,        25,          0.92,      0.88,      0.96,      0.0725,      0.07,       0.075,    0.001565,    0.00113519
    438,        13,        25,             1,      0.96,      1.04,      0.0725,      0.07,       0.075,           0,             0
    439,        14,        25,          1.08,      1.04,      1.12,      0.0725,      0.07,       0.075,  0.00130403,    0.00130403
    440,        15,        25,          1.16,      1.12,       1.2,      0.0725,      0.07,       0.075,           0,             0
    443,         1,        26,          0.04,         0,      0.08,      0.0775,     0.075,        0.08,     365.624,       39.3628
    444,         2,        26,          0.12,      0.08,      0.16,      0.0775,     0.075,        0.08,      905.49,       77.4278
    445,         3,        26,           0.2,      0.16,      0.24,      0.0775,     0.075,        0.08,     403.764,       42.0957
    446,         4,        26,          0.28,      0.24,      0.32,      0.0775,     0.075,        0.08,     153.905,       30.4641
    447,         5,        26,          0.36,      0.32,       0.4,      0.0775,     0.075,        0.08,      49.349,        11.981
    448,         6,        26,          0.44,       0.4,      0.48,      0.0775,     0.075,        0.08,     6.77645,      0.907687
    449,         7,        26,          0.52,      0.48,      0.56,      0.0775,     0.075,        0.08,     8.02923,       6.74093
    450,         8,        26,           0.6,      0.56,      0.64,      0.0775,     0.075,        0.08,     0.21841,     0.0622371
    451,         9,        26,          0.68,      0.64,      0.72,      0.0775,     0.075,        0.08,     0.26932,       0.13623
    452,        10,        26,          0.76,      0.72,       0.8,      0.0775,     0.075,        0.08,    0.263115,      0.227204
    453,        11,        26,          0.84,       0.8,      0.88,      0.0775,     0.075,        0.08,   0.0287205,     0.0179319
    454,        12,        26,          0.92,      0.88,      0.96,      0.0775,     0.075,        0.08,   0.0134402,     0.0134301
    455,        13,        26,             1,      0.96,      1.04,      0.0775,     0.075,        0.08,  0.00534892,    0.00391581
    456,        14,        26,          1.08,      1.04,      1.12,      0.0775,     0.075,        0.08,    0.125217,      0.125217
    457,        15,        26,          1.16,      1.12,       1.2,      0.0775,     0.075,        0.08,    0.386721,      0.383423
    460,         1,        27,          0.04,         0,      0.08,      0.0825,      0.08,       0.085,     322.688,       43.0141
    461,         2,        27,          0.12,      0.08,      0.16,      0.0825,      0.08,       0.085,     723.213,       60.7295
    462,         3,        27,           0.2,      0.16,      0.24,      0.0825,      0.08,       0.085,      461.77,        52.606
    463,         4,        27,          0.28,      0.24,      0.32,      0.0825,      0.08,       0.085,     88.1669,        11.087
    464,         5,        27,          0.36,      0.32,       0.4,      0.0825,      0.08,       0.085,     49.6296,       13.5103
    465,         6,        27,          0.44,       0.4,      0.48,      0.0825,      0.08,       0.085,     14.5452,       3.87823
    466,         7,        27,          0.52,      0.48,      0.56,      0.0825,      0.08,       0.085,     3.55838,       2.39799
    467,         8,        27,           0.6,      0.56,      0.64,      0.0825,      0.08,       0.085,    0.391174,      0.244998
    468,         9,        27,          0.68,      0.64,      0.72,      0.0825,      0.08,       0.085,    0.403575,       0.31513
    469,        10,        27,          0.76,      0.72,       0.8,      0.0825,      0.08,       0.085,    0.210478,       0.20196
    470,        11,        27,          0.84,       0.8,      0.88,      0.0825,      0.08,       0.085,   0.0027761,     0.0020482
    471,        12,        27,          0.92,      0.88,      0.96,      0.0825,      0.08,       0.085,  0.00131774,    0.00131774
    472,        13,        27,             1,      0.96,      1.04,      0.0825,      0.08,       0.085, 0.000814518,   0.000814518
    473,        14,        27,          1.08,      1.04,      1.12,      0.0825,      0.08,       0.085,           0,             0
    474,        15,        27,          1.16,      1.12,       1.2,      0.0825,      0.08,       0.085,           0,             0
    477,         1,        28,          0.04,         0,      0.08,      0.0875,     0.085,        0.09,     261.696,       42.1545
    478,         2,        28,          0.12,      0.08,      0.16,      0.0875,     0.085,        0.09,      602.03,       49.5145
    479,         3,        28,           0.2,      0.16,      0.24,      0.0875,     0.085,        0.09,     444.541,       56.4625
    480,         4,        28,          0.28,      0.24,      0.32,      0.0875,     0.085,        0.09,     164.899,       28.2273
    481,         5,        28,          0.36,      0.32,       0.4,      0.0875,     0.085,        0.09,      35.702,       5.38206
    482,         6,        28,          0.44,       0.4,      0.48,      0.0875,     0.085,        0.09,     11.9472,       3.50819
    483,         7,        28,          0.52,      0.48,      0.56,      0.0875,     0.085,        0.09,     2.70418,       1.48568
    484,         8,        28,           0.6,      0.56,      0.64,      0.0875,     0.085,        0.09,    0.751896,      0.631971
    485,         9,        28,          0.68,      0.64,      0.72,      0.0875,     0.085,        0.09,     2.88629,       1.78497
    486,        10,        28,          0.76,      0.72,       0.8,      0.0875,     0.085,        0.09,   0.0212775,     0.0124341
    487,        11,        28,          0.84,       0.8,      0.88,      0.0875,     0.085,        0.09,   0.0100547,    0.00895385
    488,        12,        28,          0.92,      0.88,      0.96,      0.0875,     0.085,        0.09,   0.0285858,     0.0233106
    489,        13,        28,             1,      0.96,      1.04,      0.0875,     0.085,        0.09,           0,             0
    490,        14,        28,          1.08,      1.04,      1.12,      0.0875,     0.085,        0.09,  0.00997631,    0.00997631
    491,        15,        28,          1.16,      1.12,       1.2,      0.0875,     0.085,        0.09,  0.00510442,    0.00510442
    494,         1,        29,          0.04,         0,      0.08,      0.0925,      0.09,       0.095,     232.618,       38.2246
    495,         2,        29,          0.12,      0.08,      0.16,      0.0925,      0.09,       0.095,     598.888,       61.8801
    496,         3,        29,           0.2,      0.16,      0.24,      0.0925,      0.09,       0.095,     346.911,       37.2403
    497,         4,        29,          0.28,      0.24,      0.32,      0.0925,      0.09,       0.095,      102.75,       14.1686
    498,         5,        29,          0.36,      0.32,       0.4,      0.0925,      0.09,       0.095,     58.8352,       13.4392
    499,         6,        29,          0.44,       0.4,      0.48,      0.0925,      0.09,       0.095,      12.772,       6.00353
    500,         7,        29,          0.52,      0.48,      0.56,      0.0925,      0.09,       0.095,     2.80311,      0.951608
    501,         8,        29,           0.6,      0.56,      0.64,      0.0925,      0.09,       0.095,    0.385821,      0.279857
    502,         9,        29,          0.68,      0.64,      0.72,      0.0925,      0.09,       0.095,    0.548975,      0.359284
    503,        10,        29,          0.76,      0.72,       0.8,      0.0925,      0.09,       0.095,     1.30572,       1.13387
    504,        11,        29,          0.84,       0.8,      0.88,      0.0925,      0.09,       0.095,  0.00573584,    0.00404577
    505,        12,        29,          0.92,      0.88,      0.96,      0.0925,      0.09,       0.095,   0.0763321,     0.0563729
    506,        13,        29,             1,      0.96,      1.04,      0.0925,      0.09,       0.095,   0.0284708,     0.0240355
    507,        14,        29,          1.08,      1.04,      1.12,      0.0925,      0.09,       0.095, 0.000595349,   0.000595349
    508,        15,        29,          1.16,      1.12,       1.2,      0.0925,      0.09,       0.095,  0.00345467,    0.00324711
    511,         1,        30,          0.04,         0,      0.08,      0.0975,     0.095,         0.1,     299.281,       48.8807
    512,         2,        30,          0.12,      0.08,      0.16,      0.0975,     0.095,         0.1,     607.904,       65.8566
    513,         3,        30,           0.2,      0.16,      0.24,      0.0975,     0.095,         0.1,      476.52,       65.3252
    514,         4,        30,          0.28,      0.24,      0.32,      0.0975,     0.095,         0.1,     155.907,       23.0474
    515,         5,        30,          0.36,      0.32,       0.4,      0.0975,     0.095,         0.1,     40.4217,         7.771
    516,         6,        30,          0.44,       0.4,      0.48,      0.0975,     0.095,         0.1,     5.74866,      0.695534
    517,         7,        30,          0.52,      0.48,      0.56,      0.0975,     0.095,         0.1,     2.62353,       1.19054
    518,         8,        30,           0.6,      0.56,      0.64,      0.0975,     0.095,         0.1,     7.50206,       6.75555
    519,         9,        30,          0.68,      0.64,      0.72,      0.0975,     0.095,         0.1,    0.336963,      0.196703
    520,        10,        30,          0.76,      0.72,       0.8,      0.0975,     0.095,         0.1,     1.15251,      0.890259
    521,        11,        30,          0.84,       0.8,      0.88,      0.0975,     0.095,         0.1,   0.0310586,     0.0218066
    522,        12,        30,          0.92,      0.88,      0.96,      0.0975,     0.095,         0.1,   0.0111729,     0.0082998
    523,        13,        30,             1,      0.96,      1.04,      0.0975,     0.095,         0.1,     0.02183,     0.0207589
    524,        14,        30,          1.08,      1.04,      1.12,      0.0975,     0.095,         0.1,  0.00527478,    0.00322355
    525,        15,        30,          1.16,      1.12,       1.2,      0.0975,     0.095,         0.1,  0.00196116,    0.00196116
    528,         1,        31,          0.04,         0,      0.08,      0.1025,       0.1,       0.105,     168.488,       31.6527
    529,         2,        31,          0.12,      0.08,      0.16,      0.1025,       0.1,       0.105,     419.803,       50.0074
    530,         3,        31,           0.2,      0.16,      0.24,      0.1025,       0.1,       0.105,     540.163,       78.2949
    531,         4,        31,          0.28,      0.24,      0.32,      0.1025,       0.1,       0.105,     188.655,       31.0454
    532,         5,        31,          0.36,      0.32,       0.4,      0.1025,       0.1,       0.105,     48.9378,       12.1866
    533,         6,        31,          0.44,       0.4,      0.48,      0.1025,       0.1,       0.105,     10.2363,       3.27144
    534,         7,        31,          0.52,      0.48,      0.56,      0.1025,       0.1,       0.105,     4.70724,       3.50551
    535,         8,        31,           0.6,      0.56,      0.64,      0.1025,       0.1,       0.105,     4.20225,       3.82473
    536,         9,        31,          0.68,      0.64,      0.72,      0.1025,       0.1,       0.105,    0.412732,      0.224092
    537,        10,        31,          0.76,      0.72,       0.8,      0.1025,       0.1,       0.105,    0.196872,      0.152202
    538,        11,        31,          0.84,       0.8,      0.88,      0.1025,       0.1,       0.105,  0.00421787,    0.00226049
    539,        12,        31,          0.92,      0.88,      0.96,      0.1025,       0.1,       0.105,  0.00546372,    0.00441158
    540,        13,        31,             1,      0.96,      1.04,      0.1025,       0.1,       0.105,  0.00573477,    0.00422611
    541,        14,        31,          1.08,      1.04,      1.12,      0.1025,       0.1,       0.105,           0,             0
    542,        15,        31,          1.16,      1.12,       1.2,      0.1025,       0.1,       0.105, 0.000605326,   0.000605326
    545,         1,        32,          0.04,         0,      0.08,      0.1075,     0.105,        0.11,     133.927,       35.8377
    546,         2,        32,          0.12,      0.08,      0.16,      0.1075,     0.105,        0.11,     533.377,        62.718
    547,         3,        32,           0.2,      0.16,      0.24,      0.1075,     0.105,        0.11,     468.224,       62.2383
    548,         4,        32,          0.28,      0.24,      0.32,      0.1075,     0.105,        0.11,     105.538,       12.8276
    549,         5,        32,          0.36,      0.32,       0.4,      0.1075,     0.105,        0.11,     39.9411,       8.33908
    550,         6,        32,          0.44,       0.4,      0.48,      0.1075,     0.105,        0.11,     7.72081,       1.88571
    551,         7,        32,          0.52,      0.48,      0.56,      0.1075,     0.105,        0.11,     3.29858,       1.48626
    552,         8,        32,           0.6,      0.56,      0.64,      0.1075,     0.105,        0.11,     2.78021,        1.8516
    553,         9,        32,          0.68,      0.64,      0.72,      0.1075,     0.105,        0.11,     0.15293,     0.0593365
    554,        10,        32,          0.76,      0.72,       0.8,      0.1075,     0.105,        0.11,     4.16676,       4.14891
    555,        11,        32,          0.84,       0.8,      0.88,      0.1075,     0.105,        0.11,  0.00638799,    0.00375982
    556,        12,        32,          0.92,      0.88,      0.96,      0.1075,     0.105,        0.11,   0.0132851,    0.00993255
    557,        13,        32,             1,      0.96,      1.04,      0.1075,     0.105,        0.11,  0.00379875,    0.00293843
    558,        14,        32,          1.08,      1.04,      1.12,      0.1075,     0.105,        0.11,   0.0138402,     0.0120155
    559,        15,        32,          1.16,      1.12,       1.2,      0.1075,     0.105,        0.11, 0.000162079,   0.000162079
    562,         1,        33,          0.04,         0,      0.08,      0.1125,      0.11,       0.115,      142.73,       41.6565
    563,         2,        33,          0.12,      0.08,      0.16,      0.1125,      0.11,       0.115,     533.393,       70.2136
    564,         3,        33,           0.2,      0.16,      0.24,      0.1125,      0.11,       0.115,     436.463,       61.4349
    565,         4,        33,          0.28,      0.24,      0.32,      0.1125,      0.11,       0.115,      164.54,        25.021
    566,         5,        33,          0.36,      0.32,       0.4,      0.1125,      0.11,       0.115,     44.4877,       6.99139
    567,         6,        33,          0.44,       0.4,      0.48,      0.1125,      0.11,       0.115,     13.2231,        5.0389
    568,         7,        33,          0.52,      0.48,      0.56,      0.1125,      0.11,       0.115,     1.40539,      0.424434
    569,         8,        33,           0.6,      0.56,      0.64,      0.1125,      0.11,       0.115,    0.732378,      0.370928
    570,         9,        33,          0.68,      0.64,      0.72,      0.1125,      0.11,       0.115,     10.8918,       7.14136
    571,        10,        33,          0.76,      0.72,       0.8,      0.1125,      0.11,       0.115,     3.93792,       3.91656
    572,        11,        33,          0.84,       0.8,      0.88,      0.1125,      0.11,       0.115,   0.0303254,     0.0286799
    573,        12,        33,          0.92,      0.88,      0.96,      0.1125,      0.11,       0.115,  0.00156272,    0.00111938
    574,        13,        33,             1,      0.96,      1.04,      0.1125,      0.11,       0.115,           0,             0
    575,        14,        33,          1.08,      1.04,      1.12,      0.1125,      0.11,       0.115,           0,             0
    576,        15,        33,          1.16,      1.12,       1.2,      0.1125,      0.11,       0.115,    0.162656,      0.162509
    579,         1,        34,          0.04,         0,      0.08,      0.1175,     0.115,        0.12,     59.8362,       18.3936
    580,         2,        34,          0.12,      0.08,      0.16,      0.1175,     0.115,        0.12,     505.304,       82.7011
    581,         3,        34,           0.2,      0.16,      0.24,      0.1175,     0.115,        0.12,     345.023,       45.1662
    582,         4,        34,          0.28,      0.24,      0.32,      0.1175,     0.115,        0.12,     142.684,       19.0012
    583,         5,        34,          0.36,      0.32,       0.4,      0.1175,     0.115,        0.12,     41.2013,       8.08515
    584,         6,        34,          0.44,       0.4,      0.48,      0.1175,     0.115,        0.12,     15.0825,       5.89155
    585,         7,        34,          0.52,      0.48,      0.56,      0.1175,     0.115,        0.12,     1.50883,      0.322084
    586,         8,        34,           0.6,      0.56,      0.64,      0.1175,     0.115,        0.12,    0.338878,      0.178676
    587,         9,        34,          0.68,      0.64,      0.72,      0.1175,     0.115,        0.12,     1.84722,       1.73058
    588,        10,        34,          0.76,      0.72,       0.8,      0.1175,     0.115,        0.12,   0.0568008,      0.024358
    589,        11,        34,          0.84,       0.8,      0.88,      0.1175,     0.115,        0.12,   0.0181819,     0.0110191
    590,        12,        34,          0.92,      0.88,      0.96,      0.1175,     0.115,        0.12,     2.42006,       2.41021
    591,        13,        34,             1,      0.96,      1.04,      0.1175,     0.115,        0.12, 0.000392946,   0.000392946
    592,        14,        34,          1.08,      1.04,      1.12,      0.1175,     0.115,        0.12,           0,             0
    593,        15,        34,          1.16,      1.12,       1.2,      0.1175,     0.115,        0.12,     2.13326,       2.13316
    596,         1,        35,          0.04,         0,      0.08,      0.1225,      0.12,       0.125,      66.636,       28.5999
    597,         2,        35,          0.12,      0.08,      0.16,      0.1225,      0.12,       0.125,     510.041,       73.9295
    598,         3,        35,           0.2,      0.16,      0.24,      0.1225,      0.12,       0.125,     271.778,        27.456
    599,         4,        35,          0.28,      0.24,      0.32,      0.1225,      0.12,       0.125,     197.484,       28.5397
    600,         5,        35,          0.36,      0.32,       0.4,      0.1225,      0.12,       0.125,     48.7511,       10.0694
    601,         6,        35,          0.44,       0.4,      0.48,      0.1225,      0.12,       0.125,     16.1494,       4.01536
    602,         7,        35,          0.52,      0.48,      0.56,      0.1225,      0.12,       0.125,     5.91712,       2.44863
    603,         8,        35,           0.6,      0.56,      0.64,      0.1225,      0.12,       0.125,     2.58992,       1.93136
    604,         9,        35,          0.68,      0.64,      0.72,      0.1225,      0.12,       0.125,     2.21693,       1.59399
    605,        10,        35,          0.76,      0.72,       0.8,      0.1225,      0.12,       0.125,    0.587658,      0.421239
    606,        11,        35,          0.84,       0.8,      0.88,      0.1225,      0.12,       0.125,     17.9375,       17.9229
    607,        12,        35,          0.92,      0.88,      0.96,      0.1225,      0.12,       0.125,   0.0426244,     0.0415289
    608,        13,        35,             1,      0.96,      1.04,      0.1225,      0.12,       0.125,   0.0163573,     0.0123838
    609,        14,        35,          1.08,      1.04,      1.12,      0.1225,      0.12,       0.125,    0.292528,      0.292528
    610,        15,        35,          1.16,      1.12,       1.2,      0.1225,      0.12,       0.125,           0,             0
    613,         1,        36,          0.04,         0,      0.08,      0.1275,     0.125,        0.13,     48.9492,       14.2722
    614,         2,        36,          0.12,      0.08,      0.16,      0.1275,     0.125,        0.13,     413.268,       61.6262
    615,         3,        36,           0.2,      0.16,      0.24,      0.1275,     0.125,        0.13,     332.917,       33.7092
    616,         4,        36,          0.28,      0.24,      0.32,      0.1275,     0.125,        0.13,     101.434,       14.3983
    617,         5,        36,          0.36,      0.32,       0.4,      0.1275,     0.125,        0.13,     37.9676,       8.01884
    618,         6,        36,          0.44,       0.4,      0.48,      0.1275,     0.125,        0.13,     12.7459,       3.60126
    619,         7,        36,          0.52,      0.48,      0.56,      0.1275,     0.125,        0.13,     21.8302,       18.6913
    620,         8,        36,           0.6,      0.56,      0.64,      0.1275,     0.125,        0.13,    0.426285,      0.191965
    621,         9,        36,          0.68,      0.64,      0.72,      0.1275,     0.125,        0.13,     2.42753,       2.10503
    622,        10,        36,          0.76,      0.72,       0.8,      0.1275,     0.125,        0.13,   0.0106678,    0.00500267
    623,        11,        36,          0.84,       0.8,      0.88,      0.1275,     0.125,        0.13,   0.0677238,     0.0456356
    624,        12,        36,          0.92,      0.88,      0.96,      0.1275,     0.125,        0.13,   0.0137422,    0.00781837
    625,        13,        36,             1,      0.96,      1.04,      0.1275,     0.125,        0.13,     4.06875,       4.06875
    626,        14,        36,          1.08,      1.04,      1.12,      0.1275,     0.125,        0.13,   0.0102699,    0.00996647
    627,        15,        36,          1.16,      1.12,       1.2,      0.1275,     0.125,        0.13,           0,             0
    630,         1,        37,          0.04,         0,      0.08,      0.1325,      0.13,       0.135,     29.0232,       14.9654
    631,         2,        37,          0.12,      0.08,      0.16,      0.1325,      0.13,       0.135,      310.01,       55.9997
    632,         3,        37,           0.2,      0.16,      0.24,      0.1325,      0.13,       0.135,     372.469,       53.1713
    633,         4,        37,          0.28,      0.24,      0.32,      0.1325,      0.13,       0.135,     172.076,       31.7775
    634,         5,        37,          0.36,      0.32,       0.4,      0.1325,      0.13,       0.135,     36.6507,       9.30893
    635,         6,        37,          0.44,       0.4,      0.48,      0.1325,      0.13,       0.135,     14.0805,       4.59515
    636,         7,        37,          0.52,      0.48,      0.56,      0.1325,      0.13,       0.135,     10.4413,       7.12742
    637,         8,        37,           0.6,      0.56,      0.64,      0.1325,      0.13,       0.135,     1.38545,      0.609783
    638,         9,        37,          0.68,      0.64,      0.72,      0.1325,      0.13,       0.135,     1.09793,      0.905444
    639,        10,        37,          0.76,      0.72,       0.8,      0.1325,      0.13,       0.135,   0.0438414,     0.0169454
    640,        11,        37,          0.84,       0.8,      0.88,      0.1325,      0.13,       0.135,   0.0111797,     0.0063532
    641,        12,        37,          0.92,      0.88,      0.96,      0.1325,      0.13,       0.135,    0.167255,        0.1599
    642,        13,        37,             1,      0.96,      1.04,      0.1325,      0.13,       0.135,           0,             0
    643,        14,        37,          1.08,      1.04,      1.12,      0.1325,      0.13,       0.135,  0.00168256,    0.00168256
    644,        15,        37,          1.16,      1.12,       1.2,      0.1325,      0.13,       0.135, 0.000154846,   0.000154846
    647,         1,        38,          0.04,         0,      0.08,      0.1375,     0.135,        0.14,     56.1605,       32.2514
    648,         2,        38,          0.12,      0.08,      0.16,      0.1375,     0.135,        0.14,     418.882,       60.5124
    649,         3,        38,           0.2,      0.16,      0.24,      0.1375,     0.135,        0.14,     460.367,       60.7682
    650,         4,        38,          0.28,      0.24,      0.32,      0.1375,     0.135,        0.14,     162.456,       22.5003
    651,         5,        38,          0.36,      0.32,       0.4,      0.1375,     0.135,        0.14,     39.3846,       7.60351
    652,         6,        38,          0.44,       0.4,      0.48,      0.1375,     0.135,        0.14,     22.4891,       6.27107
    653,         7,        38,          0.52,      0.48,      0.56,      0.1375,     0.135,        0.14,     5.42906,       3.05251
    654,         8,        38,           0.6,      0.56,      0.64,      0.1375,     0.135,        0.14,       7.696,        6.6731
    655,         9,        38,          0.68,      0.64,      0.72,      0.1375,     0.135,        0.14,    0.771491,      0.634362
    656,        10,        38,          0.76,      0.72,       0.8,      0.1375,     0.135,        0.14,    0.123628,     0.0744528
    657,        11,        38,          0.84,       0.8,      0.88,      0.1375,     0.135,        0.14,   0.0134264,    0.00704103
    658,        12,        38,          0.92,      0.88,      0.96,      0.1375,     0.135,        0.14,  0.00271589,    0.00120536
    659,        13,        38,             1,      0.96,      1.04,      0.1375,     0.135,        0.14,   0.0483655,     0.0445755
    660,        14,        38,          1.08,      1.04,      1.12,      0.1375,     0.135,        0.14,  0.00122344,   0.000881367
    661,        15,        38,          1.16,      1.12,       1.2,      0.1375,     0.135,        0.14, 0.000184833,   0.000184833
    664,         1,        39,          0.04,         0,      0.08,      0.1425,      0.14,       0.145,     9.71154,       6.31918
    665,         2,        39,          0.12,      0.08,      0.16,      0.1425,      0.14,       0.145,     419.565,       67.7925
    666,         3,        39,           0.2,      0.16,      0.24,      0.1425,      0.14,       0.145,      431.57,       53.5941
    667,         4,        39,          0.28,      0.24,      0.32,      0.1425,      0.14,       0.145,     163.238,       23.8637
    668,         5,        39,          0.36,      0.32,       0.4,      0.1425,      0.14,       0.145,     33.5899,       8.54354
    669,         6,        39,          0.44,       0.4,      0.48,      0.1425,      0.14,       0.145,      14.423,       5.26435
    670,         7,        39,          0.52,      0.48,      0.56,      0.1425,      0.14,       0.145,     12.8688,       5.29559
    671,         8,        39,           0.6,      0.56,      0.64,      0.1425,      0.14,       0.145,     1.09935,      0.672273
    672,         9,        39,          0.68,      0.64,      0.72,      0.1425,      0.14,       0.145,     2.52932,       2.24962
    673,        10,        39,          0.76,      0.72,       0.8,      0.1425,      0.14,       0.145,   0.0219113,    0.00746353
    674,        11,        39,          0.84,       0.8,      0.88,      0.1425,      0.14,       0.145,   0.0913484,     0.0678761
    675,        12,        39,          0.92,      0.88,      0.96,      0.1425,      0.14,       0.145,  0.00641548,    0.00524016
    676,        13,        39,             1,      0.96,      1.04,      0.1425,      0.14,       0.145,  0.00159222,   0.000900174
    677,        14,        39,          1.08,      1.04,      1.12,      0.1425,      0.14,       0.145,  0.00452515,    0.00367587
    678,        15,        39,          1.16,      1.12,       1.2,      0.1425,      0.14,       0.145,     2.99475,       2.99475
    681,         1,        40,          0.04,         0,      0.08,      0.1475,     0.145,        0.15,     25.1694,       14.9341
    682,         2,        40,          0.12,      0.08,      0.16,      0.1475,     0.145,        0.15,     359.299,        57.446
    683,         3,        40,           0.2,      0.16,      0.24,      0.1475,     0.145,        0.15,     379.432,       55.5871
    684,         4,        40,          0.28,      0.24,      0.32,      0.1475,     0.145,        0.15,      166.57,       27.3713
    685,         5,        40,          0.36,      0.32,       0.4,      0.1475,     0.145,        0.15,     48.9078,       7.23409
    686,         6,        40,          0.44,       0.4,      0.48,      0.1475,     0.145,        0.15,     12.5171,       2.77956
    687,         7,        40,          0.52,      0.48,      0.56,      0.1475,     0.145,        0.15,     2.54527,      0.880082
    688,         8,        40,           0.6,      0.56,      0.64,      0.1475,     0.145,        0.15,     1.35292,      0.847472
    689,         9,        40,          0.68,      0.64,      0.72,      0.1475,     0.145,        0.15,     1.11586,      0.778002
    690,        10,        40,          0.76,      0.72,       0.8,      0.1475,     0.145,        0.15,    0.214626,      0.148878
    691,        11,        40,          0.84,       0.8,      0.88,      0.1475,     0.145,        0.15,    0.495996,      0.309854
    692,        12,        40,          0.92,      0.88,      0.96,      0.1475,     0.145,        0.15,  0.00559695,    0.00335464
    693,        13,        40,             1,      0.96,      1.04,      0.1475,     0.145,        0.15,   0.0151402,     0.0111986
    694,        14,        40,          1.08,      1.04,      1.12,      0.1475,     0.145,        0.15, 0.000712567,   0.000574716
    695,        15,        40,          1.16,      1.12,       1.2,      0.1475,     0.145,        0.15,   0.0931378,     0.0931378
    698,         1,        41,          0.04,         0,      0.08,      0.1525,      0.15,       0.155,     2.53014,       1.42322
    699,         2,        41,          0.12,      0.08,      0.16,      0.1525,      0.15,       0.155,     236.264,       46.7098
    700,         3,        41,           0.2,      0.16,      0.24,      0.1525,      0.15,       0.155,     502.296,       66.2339
    701,         4,        41,          0.28,      0.24,      0.32,      0.1525,      0.15,       0.155,     153.981,       23.4961
    702,         5,        41,          0.36,      0.32,       0.4,      0.1525,      0.15,       0.155,     47.9523,       8.49042
    703,         6,        41,          0.44,       0.4,      0.48,      0.1525,      0.15,       0.155,     19.6118,        6.3787
    704,         7,        41,          0.52,      0.48,      0.56,      0.1525,      0.15,       0.155,     3.72259,       1.37479
    705,         8,        41,           0.6,      0.56,      0.64,      0.1525,      0.15,       0.155,     4.84835,       4.44428
    706,         9,        41,          0.68,      0.64,      0.72,      0.1525,      0.15,       0.155,   0.0715465,     0.0170425
    707,        10,        41,          0.76,      0.72,       0.8,      0.1525,      0.15,       0.155,  0.00908159,     0.0045495
    708,        11,        41,          0.84,       0.8,      0.88,      0.1525,      0.15,       0.155,  0.00992841,    0.00651081
    709,        12,        41,          0.92,      0.88,      0.96,      0.1525,      0.15,       0.155,   0.0133528,    0.00678232
    710,        13,        41,             1,      0.96,      1.04,      0.1525,      0.15,       0.155,   0.0165476,     0.0115333
    711,        14,        41,          1.08,      1.04,      1.12,      0.1525,      0.15,       0.155,  0.00139204,    0.00139204
    712,        15,        41,          1.16,      1.12,       1.2,      0.1525,      0.15,       0.155,           0,             0
    715,         1,        42,          0.04,         0,      0.08,      0.1575,     0.155,        0.16,     26.1782,       25.4887
    716,         2,        42,          0.12,      0.08,      0.16,      0.1575,     0.155,        0.16,     320.405,       55.9001
    717,         3,        42,           0.2,      0.16,      0.24,      0.1575,     0.155,        0.16,     393.938,       60.8362
    718,         4,        42,          0.28,      0.24,      0.32,      0.1575,     0.155,        0.16,     172.266,       22.9887
    719,         5,        42,          0.36,      0.32,       0.4,      0.1575,     0.155,        0.16,     62.9415,       12.8205
    720,         6,        42,          0.44,       0.4,      0.48,      0.1575,     0.155,        0.16,     31.2405,       9.04723
    721,         7,        42,          0.52,      0.48,      0.56,      0.1575,     0.155,        0.16,     16.9541,       11.1768
    722,         8,        42,           0.6,      0.56,      0.64,      0.1575,     0.155,        0.16,    0.245336,     0.0568747
    723,         9,        42,          0.68,      0.64,      0.72,      0.1575,     0.155,        0.16,    0.760995,      0.569684
    724,        10,        42,          0.76,      0.72,       0.8,      0.1575,     0.155,        0.16,   0.0199878,     0.0077152
    725,        11,        42,          0.84,       0.8,      0.88,      0.1575,     0.155,        0.16,  0.00399843,    0.00200604
    726,        12,        42,          0.92,      0.88,      0.96,      0.1575,     0.155,        0.16,   0.0173326,     0.0108254
    727,        13,        42,             1,      0.96,      1.04,      0.1575,     0.155,        0.16, 0.000552359,   0.000552359
    728,        14,        42,          1.08,      1.04,      1.12,      0.1575,     0.155,        0.16,  0.00232717,    0.00200228
    729,        15,        42,          1.16,      1.12,       1.2,      0.1575,     0.155,        0.16, 0.000301808,   0.000301808
    732,         1,        43,          0.04,         0,      0.08,      0.1625,      0.16,       0.165,   0.0168237,    0.00904124
    733,         2,        43,          0.12,      0.08,      0.16,      0.1625,      0.16,       0.165,     285.685,       52.4624
    734,         3,        43,           0.2,      0.16,      0.24,      0.1625,      0.16,       0.165,     415.795,       57.5231
    735,         4,        43,          0.28,      0.24,      0.32,      0.1625,      0.16,       0.165,     188.246,       36.7788
    736,         5,        43,          0.36,      0.32,       0.4,      0.1625,      0.16,       0.165,      48.554,        12.702
    737,         6,        43,          0.44,       0.4,      0.48,      0.1625,      0.16,       0.165,      18.749,       5.95655
    738,         7,        43,          0.52,      0.48,      0.56,      0.1625,      0.16,       0.165,     3.30277,       1.82483
    739,         8,        43,           0.6,      0.56,      0.64,      0.1625,      0.16,       0.165,    0.521803,       0.31749
    740,         9,        43,          0.68,      0.64,      0.72,      0.1625,      0.16,       0.165,     1.71554,       1.33449
    741,        10,        43,          0.76,      0.72,       0.8,      0.1625,      0.16,       0.165,   0.0928461,     0.0576162
    742,        11,        43,          0.84,       0.8,      0.88,      0.1625,      0.16,       0.165,   0.0165037,     0.0111161
    743,        12,        43,          0.92,      0.88,      0.96,      0.1625,      0.16,       0.165,   0.0323356,     0.0274332
    744,        13,        43,             1,      0.96,      1.04,      0.1625,      0.16,       0.165,   0.0482149,     0.0398506
    745,        14,        43,          1.08,      1.04,      1.12,      0.1625,      0.16,       0.165,  0.00830414,    0.00501862
    746,        15,        43,          1.16,      1.12,       1.2,      0.1625,      0.16,       0.165,           0,             0
    749,         1,        44,          0.04,         0,      0.08,      0.1675,     0.165,        0.17,   0.0112905,    0.00705647
    750,         2,        44,          0.12,      0.08,      0.16,      0.1675,     0.165,        0.17,     206.451,       49.4277
    751,         3,        44,           0.2,      0.16,      0.24,      0.1675,     0.165,        0.17,     430.021,       65.7565
    752,         4,        44,          0.28,      0.24,      0.32,      0.1675,     0.165,        0.17,     181.184,       26.8478
    753,         5,        44,          0.36,      0.32,       0.4,      0.1675,     0.165,        0.17,     40.2999,       8.12495
    754,         6,        44,          0.44,       0.4,      0.48,      0.1675,     0.165,        0.17,     21.7986,       7.66334
    755,         7,        44,          0.52,      0.48,      0.56,      0.1675,     0.165,        0.17,     12.1585,       5.72981
    756,         8,        44,           0.6,      0.56,      0.64,      0.1675,     0.165,        0.17,    0.775978,      0.594373
    757,         9,        44,          0.68,      0.64,      0.72,      0.1675,     0.165,        0.17,     2.93675,       1.87197
    758,        10,        44,          0.76,      0.72,       0.8,      0.1675,     0.165,        0.17,   0.0473176,     0.0208718
    759,        11,        44,          0.84,       0.8,      0.88,      0.1675,     0.165,        0.17,  0.00831396,    0.00399491
    760,        12,        44,          0.92,      0.88,      0.96,      0.1675,     0.165,        0.17,  0.00738526,    0.00715879
    761,        13,        44,             1,      0.96,      1.04,      0.1675,     0.165,        0.17,  0.00476303,    0.00276643
    762,        14,        44,          1.08,      1.04,      1.12,      0.1675,     0.165,        0.17, 0.000437188,   0.000313555
    763,        15,        44,          1.16,      1.12,       1.2,      0.1675,     0.165,        0.17, 8.01454e-05,   8.01454e-05
    766,         1,        45,          0.04,         0,      0.08,      0.1725,      0.17,       0.175,  0.00864516,    0.00546104
    767,         2,        45,          0.12,      0.08,      0.16,      0.1725,      0.17,       0.175,     324.863,       72.9628
    768,         3,        45,           0.2,      0.16,      0.24,      0.1725,      0.17,       0.175,     422.742,       51.7561
    769,         4,        45,          0.28,      0.24,      0.32,      0.1725,      0.17,       0.175,     178.681,       25.8366
    770,         5,        45,          0.36,      0.32,       0.4,      0.1725,      0.17,       0.175,     41.0328,       7.94327
    771,         6,        45,          0.44,       0.4,      0.48,      0.1725,      0.17,       0.175,     20.1364,       8.08058
    772,         7,        45,          0.52,      0.48,      0.56,      0.1725,      0.17,       0.175,     1.39762,      0.261996
    773,         8,        45,           0.6,      0.56,      0.64,      0.1725,      0.17,       0.175,     7.64706,       6.21335
    774,         9,        45,          0.68,      0.64,      0.72,      0.1725,      0.17,       0.175,   0.0758142,     0.0263867
    775,        10,        45,          0.76,      0.72,       0.8,      0.1725,      0.17,       0.175,    0.412386,      0.328363
    776,        11,        45,          0.84,       0.8,      0.88,      0.1725,      0.17,       0.175,  0.00394196,    0.00247907
    777,        12,        45,          0.92,      0.88,      0.96,      0.1725,      0.17,       0.175,    0.029173,     0.0184485
    778,        13,        45,             1,      0.96,      1.04,      0.1725,      0.17,       0.175, 0.000944897,   0.000673159
    779,        14,        45,          1.08,      1.04,      1.12,      0.1725,      0.17,       0.175,  0.00120475,    0.00115923
    780,        15,        45,          1.16,      1.12,       1.2,      0.1725,      0.17,       0.175,   0.0223541,     0.0223541
    783,         1,        46,          0.04,         0,      0.08,      0.1775,     0.175,        0.18,           0,             0
    784,         2,        46,          0.12,      0.08,      0.16,      0.1775,     0.175,        0.18,     182.505,       44.7281
    785,         3,        46,           0.2,      0.16,      0.24,      0.1775,     0.175,        0.18,     381.021,       61.1417
    786,         4,        46,          0.28,      0.24,      0.32,      0.1775,     0.175,        0.18,     215.317,        30.793
    787,         5,        46,          0.36,      0.32,       0.4,      0.1775,     0.175,        0.18,      58.297,        17.008
    788,         6,        46,          0.44,       0.4,      0.48,      0.1775,     0.175,        0.18,     8.47334,       2.54021
    789,         7,        46,          0.52,      0.48,      0.56,      0.1775,     0.175,        0.18,     6.85663,       1.87648
    790,         8,        46,           0.6,      0.56,      0.64,      0.1775,     0.175,        0.18,    0.998443,      0.367422
    791,         9,        46,          0.68,      0.64,      0.72,      0.1775,     0.175,        0.18,    0.412669,      0.322745
    792,        10,        46,          0.76,      0.72,       0.8,      0.1775,     0.175,        0.18,    0.336444,      0.307493
    793,        11,        46,          0.84,       0.8,      0.88,      0.1775,     0.175,        0.18,     10.9372,       10.9263
    794,        12,        46,          0.92,      0.88,      0.96,      0.1775,     0.175,        0.18,   0.0119012,    0.00817328
    795,        13,        46,             1,      0.96,      1.04,      0.1775,     0.175,        0.18,   0.0031114,    0.00290791
    796,        14,        46,          1.08,      1.04,      1.12,      0.1775,     0.175,        0.18,  0.00569381,    0.00569381
    797,        15,        46,          1.16,      1.12,       1.2,      0.1775,     0.175,        0.18,  0.00875814,    0.00875814
    800,         1,        47,          0.04,         0,      0.08,      0.1825,      0.18,       0.185,           0,             0
    801,         2,        47,          0.12,      0.08,      0.16,      0.1825,      0.18,       0.185,     109.362,        32.865
    802,         3,        47,           0.2,      0.16,      0.24,      0.1825,      0.18,       0.185,     278.711,        42.974
    803,         4,        47,          0.28,      0.24,      0.32,      0.1825,      0.18,       0.185,     156.563,       27.0213
    804,         5,        47,          0.36,      0.32,       0.4,      0.1825,      0.18,       0.185,     64.5212,       18.2888
    805,         6,        47,          0.44,       0.4,      0.48,      0.1825,      0.18,       0.185,     30.5272,       16.8976
    806,         7,        47,          0.52,      0.48,      0.56,      0.1825,      0.18,       0.185,     12.6355,        5.5923
    807,         8,        47,           0.6,      0.56,      0.64,      0.1825,      0.18,       0.185,     10.7806,       8.50485
    808,         9,        47,          0.68,      0.64,      0.72,      0.1825,      0.18,       0.185,    0.791796,      0.482819
    809,        10,        47,          0.76,      0.72,       0.8,      0.1825,      0.18,       0.185,    0.140405,      0.108147
    810,        11,        47,          0.84,       0.8,      0.88,      0.1825,      0.18,       0.185,   0.0239609,     0.0170665
    811,        12,        47,          0.92,      0.88,      0.96,      0.1825,      0.18,       0.185,  0.00524147,    0.00201861
    812,        13,        47,             1,      0.96,      1.04,      0.1825,      0.18,       0.185,   0.0120773,     0.0115525
    813,        14,        47,          1.08,      1.04,      1.12,      0.1825,      0.18,       0.185,           0,             0
    814,        15,        47,          1.16,      1.12,       1.2,      0.1825,      0.18,       0.185,           0,             0
    817,         1,        48,          0.04,         0,      0.08,      0.1875,     0.185,        0.19,  0.00025373,    0.00025373
    818,         2,        48,          0.12,      0.08,      0.16,      0.1875,     0.185,        0.19,      139.65,       43.6002
    819,         3,        48,           0.2,      0.16,      0.24,      0.1875,     0.185,        0.19,     331.922,       46.8068
    820,         4,        48,          0.28,      0.24,      0.32,      0.1875,     0.185,        0.19,     252.845,       51.8522
    821,         5,        48,          0.36,      0.32,       0.4,      0.1875,     0.185,        0.19,     60.8252,       11.7905
    822,         6,        48,          0.44,       0.4,      0.48,      0.1875,     0.185,        0.19,       22.99,       13.4006
    823,         7,        48,          0.52,      0.48,      0.56,      0.1875,     0.185,        0.19,     7.26864,       4.08385
    824,         8,        48,           0.6,      0.56,      0.64,      0.1875,     0.185,        0.19,     3.44379,       2.13911
    825,         9,        48,          0.68,      0.64,      0.72,      0.1875,     0.185,        0.19,   0.0472687,     0.0128224
    826,        10,        48,          0.76,      0.72,       0.8,      0.1875,     0.185,        0.19,   0.0251896,     0.0165414
    827,        11,        48,          0.84,       0.8,      0.88,      0.1875,     0.185,        0.19,   0.0228791,     0.0122016
    828,        12,        48,          0.92,      0.88,      0.96,      0.1875,     0.185,        0.19,    0.094437,     0.0866688
    829,        13,        48,             1,      0.96,      1.04,      0.1875,     0.185,        0.19,  0.00399111,    0.00399111
    830,        14,        48,          1.08,      1.04,      1.12,      0.1875,     0.185,        0.19, 0.000155152,   0.000155152
    831,        15,        48,          1.16,      1.12,       1.2,      0.1875,     0.185,        0.19,  0.00146125,    0.00114197
    834,         1,        49,          0.04,         0,      0.08,      0.1925,      0.19,       0.195,           0,             0
    835,         2,        49,          0.12,      0.08,      0.16,      0.1925,      0.19,       0.195,     129.094,       40.6359
    836,         3,        49,           0.2,      0.16,      0.24,      0.1925,      0.19,       0.195,     447.934,       65.5988
    837,         4,        49,          0.28,      0.24,      0.32,      0.1925,      0.19,       0.195,     160.396,       24.1349
    838,         5,        49,          0.36,      0.32,       0.4,      0.1925,      0.19,       0.195,     60.9215,       14.0929
    839,         6,        49,          0.44,       0.4,      0.48,      0.1925,      0.19,       0.195,     10.1686,       3.36729
    840,         7,        49,          0.52,      0.48,      0.56,      0.1925,      0.19,       0.195,     7.05999,        3.6353
    841,         8,        49,           0.6,      0.56,      0.64,      0.1925,      0.19,       0.195,     17.8807,       9.37626
    842,         9,        49,          0.68,      0.64,      0.72,      0.1925,      0.19,       0.195,    0.883956,      0.750493
    843,        10,        49,          0.76,      0.72,       0.8,      0.1925,      0.19,       0.195,    0.902393,      0.669817
    844,        11,        49,          0.84,       0.8,      0.88,      0.1925,      0.19,       0.195,    0.146132,      0.142234
    845,        12,        49,          0.92,      0.88,      0.96,      0.1925,      0.19,       0.195,  0.00116151,   0.000809461
    846,        13,        49,             1,      0.96,      1.04,      0.1925,      0.19,       0.195,   0.0127239,     0.0125394
    847,        14,        49,          1.08,      1.04,      1.12,      0.1925,      0.19,       0.195,           0,             0
    848,        15,        49,          1.16,      1.12,       1.2,      0.1925,      0.19,       0.195, 6.08822e-05,   6.08822e-05
    851,         1,        50,          0.04,         0,      0.08,      0.1975,     0.195,         0.2,           0,             0
    852,         2,        50,          0.12,      0.08,      0.16,      0.1975,     0.195,         0.2,     41.6211,       14.2944
    853,         3,        50,           0.2,      0.16,      0.24,      0.1975,     0.195,         0.2,     367.284,       62.4548
    854,         4,        50,          0.28,      0.24,      0.32,      0.1975,     0.195,         0.2,     165.565,       27.6487
    855,         5,        50,          0.36,      0.32,       0.4,      0.1975,     0.195,         0.2,     63.9649,       14.6601
    856,         6,        50,          0.44,       0.4,      0.48,      0.1975,     0.195,         0.2,     16.0931,       4.61371
    857,         7,        50,          0.52,      0.48,      0.56,      0.1975,     0.195,         0.2,     1.21158,       0.28284
    858,         8,        50,           0.6,      0.56,      0.64,      0.1975,     0.195,         0.2,     1.23128,        1.0197
    859,         9,        50,          0.68,      0.64,      0.72,      0.1975,     0.195,         0.2,     1.98505,       1.89653
    860,        10,        50,          0.76,      0.72,       0.8,      0.1975,     0.195,         0.2,    0.097133,     0.0426316
    861,        11,        50,          0.84,       0.8,      0.88,      0.1975,     0.195,         0.2,    0.837609,      0.812124
    862,        12,        50,          0.92,      0.88,      0.96,      0.1975,     0.195,         0.2,   0.0287226,     0.0217658
    863,        13,        50,             1,      0.96,      1.04,      0.1975,     0.195,         0.2,  0.00401793,    0.00355948
    864,        14,        50,          1.08,      1.04,      1.12,      0.1975,     0.195,         0.2,   0.0561476,     0.0396942
    865,        15,        50,          1.16,      1.12,       1.2,      0.1975,     0.195,         0.2,           0,             0
