# 1D Histogram Bin Extraction 
#                   
# histogram parameters:  
# title      : Out-of-Plane Angle, $\phi_{pq}$ (vertex)   
# xbins      : 200   
# xlabel     :  out-of-plane angle, $\phi_{pq}$ [deg]   
# xbin_width : 1.900 
# ylabel     :  Counts   
#                   
# header definitions:
# xb:         x-axis bin number 
# x0:         x-axis central bin value 
# xlow:       x-axis low-edge bin value 
# xup:        x-axis up-edge bin value 
# ycont:      bin content (y-axis) 
# ycont_err:  bin content error (y-axis) 
#                                        
xb,x0,xlow,xup,ycont,ycont_err
1,-189.050,-190.000,-188.100,0.000,0.000
2,-187.150,-188.100,-186.200,0.000,0.000
3,-185.250,-186.200,-184.300,0.000,0.000
4,-183.350,-184.300,-182.400,0.000,0.000
5,-181.450,-182.400,-180.500,0.000,0.000
6,-179.550,-180.500,-178.600,0.409,0.029
7,-177.650,-178.600,-176.700,0.558,0.037
8,-175.750,-176.700,-174.800,0.692,0.042
9,-173.850,-174.800,-172.900,0.610,0.039
10,-171.950,-172.900,-171.000,0.577,0.037
11,-170.050,-171.000,-169.100,0.606,0.039
12,-168.150,-169.100,-167.200,0.545,0.033
13,-166.250,-167.200,-165.300,0.600,0.037
14,-164.350,-165.300,-163.400,0.598,0.037
15,-162.450,-163.400,-161.500,0.662,0.040
16,-160.550,-161.500,-159.600,0.580,0.036
17,-158.650,-159.600,-157.700,0.604,0.034
18,-156.750,-157.700,-155.800,0.648,0.037
19,-154.850,-155.800,-153.900,0.587,0.032
20,-152.950,-153.900,-152.000,0.637,0.035
21,-151.050,-152.000,-150.100,0.562,0.030
22,-149.150,-150.100,-148.200,0.594,0.033
23,-147.250,-148.200,-146.300,0.645,0.037
24,-145.350,-146.300,-144.400,0.583,0.032
25,-143.450,-144.400,-142.500,0.597,0.031
26,-141.550,-142.500,-140.600,0.518,0.025
27,-139.650,-140.600,-138.700,0.531,0.025
28,-137.750,-138.700,-136.800,0.580,0.029
29,-135.850,-136.800,-134.900,0.571,0.029
30,-133.950,-134.900,-133.000,0.515,0.025
31,-132.050,-133.000,-131.100,0.496,0.023
32,-130.150,-131.100,-129.200,0.494,0.023
33,-128.250,-129.200,-127.300,0.451,0.019
34,-126.350,-127.300,-125.400,0.452,0.020
35,-124.450,-125.400,-123.500,0.456,0.024
36,-122.550,-123.500,-121.600,0.459,0.022
37,-120.650,-121.600,-119.700,0.415,0.022
38,-118.750,-119.700,-117.800,0.382,0.019
39,-116.850,-117.800,-115.900,0.355,0.018
40,-114.950,-115.900,-114.000,0.330,0.015
41,-113.050,-114.000,-112.100,0.304,0.015
42,-111.150,-112.100,-110.200,0.271,0.013
43,-109.250,-110.200,-108.300,0.300,0.015
44,-107.350,-108.300,-106.400,0.243,0.012
45,-105.450,-106.400,-104.500,0.222,0.011
46,-103.550,-104.500,-102.600,0.212,0.014
47,-101.650,-102.600,-100.700,0.177,0.011
48,-99.750,-100.700,-98.800,0.165,0.010
49,-97.850,-98.800,-96.900,0.154,0.010
50,-95.950,-96.900,-95.000,0.112,0.007
51,-94.050,-95.000,-93.100,0.113,0.008
52,-92.150,-93.100,-91.200,0.091,0.007
53,-90.250,-91.200,-89.300,0.078,0.008
54,-88.350,-89.300,-87.400,0.066,0.006
55,-86.450,-87.400,-85.500,0.047,0.005
56,-84.550,-85.500,-83.600,0.041,0.004
57,-82.650,-83.600,-81.700,0.029,0.003
58,-80.750,-81.700,-79.800,0.029,0.005
59,-78.850,-79.800,-77.900,0.024,0.004
60,-76.950,-77.900,-76.000,0.021,0.004
61,-75.050,-76.000,-74.100,0.015,0.002
62,-73.150,-74.100,-72.200,0.014,0.004
63,-71.250,-72.200,-70.300,0.012,0.003
64,-69.350,-70.300,-68.400,0.009,0.002
65,-67.450,-68.400,-66.500,0.010,0.002
66,-65.550,-66.500,-64.600,0.008,0.002
67,-63.650,-64.600,-62.700,0.008,0.003
68,-61.750,-62.700,-60.800,0.008,0.003
69,-59.850,-60.800,-58.900,0.004,0.001
70,-57.950,-58.900,-57.000,0.004,0.001
71,-56.050,-57.000,-55.100,0.003,0.001
72,-54.150,-55.100,-53.200,0.004,0.002
73,-52.250,-53.200,-51.300,0.006,0.003
74,-50.350,-51.300,-49.400,0.002,0.000
75,-48.450,-49.400,-47.500,0.002,0.001
76,-46.550,-47.500,-45.600,0.004,0.001
77,-44.650,-45.600,-43.700,0.001,0.000
78,-42.750,-43.700,-41.800,0.002,0.001
79,-40.850,-41.800,-39.900,0.003,0.001
80,-38.950,-39.900,-38.000,0.002,0.001
81,-37.050,-38.000,-36.100,0.002,0.001
82,-35.150,-36.100,-34.200,0.002,0.001
83,-33.250,-34.200,-32.300,0.002,0.001
84,-31.350,-32.300,-30.400,0.002,0.001
85,-29.450,-30.400,-28.500,0.001,0.000
86,-27.550,-28.500,-26.600,0.002,0.001
87,-25.650,-26.600,-24.700,0.003,0.001
88,-23.750,-24.700,-22.800,0.002,0.001
89,-21.850,-22.800,-20.900,0.001,0.000
90,-19.950,-20.900,-19.000,0.002,0.001
91,-18.050,-19.000,-17.100,0.001,0.000
92,-16.150,-17.100,-15.200,0.001,0.001
93,-14.250,-15.200,-13.300,0.001,0.000
94,-12.350,-13.300,-11.400,0.001,0.001
95,-10.450,-11.400,-9.500,0.002,0.001
96,-8.550,-9.500,-7.600,0.000,0.000
97,-6.650,-7.600,-5.700,0.000,0.000
98,-4.750,-5.700,-3.800,0.002,0.001
99,-2.850,-3.800,-1.900,0.001,0.000
100,-0.950,-1.900,0.000,0.002,0.001
101,0.950,0.000,1.900,0.001,0.000
102,2.850,1.900,3.800,0.002,0.001
103,4.750,3.800,5.700,0.001,0.001
104,6.650,5.700,7.600,0.002,0.001
105,8.550,7.600,9.500,0.002,0.001
106,10.450,9.500,11.400,0.002,0.002
107,12.350,11.400,13.300,0.002,0.001
108,14.250,13.300,15.200,0.002,0.001
109,16.150,15.200,17.100,0.001,0.000
110,18.050,17.100,19.000,0.001,0.000
111,19.950,19.000,20.900,0.002,0.001
112,21.850,20.900,22.800,0.002,0.001
113,23.750,22.800,24.700,0.002,0.001
114,25.650,24.700,26.600,0.002,0.001
115,27.550,26.600,28.500,0.001,0.001
116,29.450,28.500,30.400,0.004,0.002
117,31.350,30.400,32.300,0.003,0.002
118,33.250,32.300,34.200,0.001,0.000
119,35.150,34.200,36.100,0.002,0.001
120,37.050,36.100,38.000,0.004,0.002
121,38.950,38.000,39.900,0.002,0.001
122,40.850,39.900,41.800,0.002,0.001
123,42.750,41.800,43.700,0.001,0.001
124,44.650,43.700,45.600,0.002,0.001
125,46.550,45.600,47.500,0.003,0.001
126,48.450,47.500,49.400,0.003,0.001
127,50.350,49.400,51.300,0.002,0.001
128,52.250,51.300,53.200,0.006,0.002
129,54.150,53.200,55.100,0.002,0.001
130,56.050,55.100,57.000,0.004,0.001
131,57.950,57.000,58.900,0.003,0.001
132,59.850,58.900,60.800,0.002,0.001
133,61.750,60.800,62.700,0.003,0.001
134,63.650,62.700,64.600,0.004,0.001
135,65.550,64.600,66.500,0.007,0.002
136,67.450,66.500,68.400,0.010,0.002
137,69.350,68.400,70.300,0.006,0.001
138,71.250,70.300,72.200,0.013,0.003
139,73.150,72.200,74.100,0.011,0.002
140,75.050,74.100,76.000,0.013,0.002
141,76.950,76.000,77.900,0.016,0.003
142,78.850,77.900,79.800,0.022,0.006
143,80.750,79.800,81.700,0.022,0.003
144,82.650,81.700,83.600,0.035,0.006
145,84.550,83.600,85.500,0.041,0.005
146,86.450,85.500,87.400,0.055,0.007
147,88.350,87.400,89.300,0.071,0.007
148,90.250,89.300,91.200,0.069,0.006
149,92.150,91.200,93.100,0.073,0.006
150,94.050,93.100,95.000,0.103,0.007
151,95.950,95.000,96.900,0.123,0.009
152,97.850,96.900,98.800,0.141,0.008
153,99.750,98.800,100.700,0.154,0.009
154,101.650,100.700,102.600,0.181,0.011
155,103.550,102.600,104.500,0.216,0.012
156,105.450,104.500,106.400,0.219,0.012
157,107.350,106.400,108.300,0.242,0.013
158,109.250,108.300,110.200,0.270,0.015
159,111.150,110.200,112.100,0.278,0.014
160,113.050,112.100,114.000,0.292,0.014
161,114.950,114.000,115.900,0.307,0.015
162,116.850,115.900,117.800,0.355,0.018
163,118.750,117.800,119.700,0.375,0.017
164,120.650,119.700,121.600,0.391,0.017
165,122.550,121.600,123.500,0.428,0.020
166,124.450,123.500,125.400,0.434,0.022
167,126.350,125.400,127.300,0.409,0.018
168,128.250,127.300,129.200,0.453,0.020
169,130.150,129.200,131.100,0.471,0.021
170,132.050,131.100,133.000,0.486,0.021
171,133.950,133.000,134.900,0.576,0.026
172,135.850,134.900,136.800,0.532,0.024
173,137.750,136.800,138.700,0.525,0.024
174,139.650,138.700,140.600,0.561,0.028
175,141.550,140.600,142.500,0.526,0.025
176,143.450,142.500,144.400,0.584,0.029
177,145.350,144.400,146.300,0.601,0.031
178,147.250,146.300,148.200,0.590,0.032
179,149.150,148.200,150.100,0.559,0.031
180,151.050,150.100,152.000,0.613,0.032
181,152.950,152.000,153.900,0.564,0.029
182,154.850,153.900,155.800,0.589,0.036
183,156.750,155.800,157.700,0.643,0.040
184,158.650,157.700,159.600,0.650,0.035
185,160.550,159.600,161.500,0.557,0.037
186,162.450,161.500,163.400,0.539,0.034
187,164.350,163.400,165.300,0.626,0.037
188,166.250,165.300,167.200,0.548,0.032
189,168.150,167.200,169.100,0.512,0.031
190,170.050,169.100,171.000,0.630,0.040
191,171.950,171.000,172.900,0.563,0.037
192,173.850,172.900,174.800,0.592,0.039
193,175.750,174.800,176.700,0.562,0.035
194,177.650,176.700,178.600,0.618,0.040
195,179.550,178.600,180.500,0.402,0.029
196,181.450,180.500,182.400,0.000,0.000
197,183.350,182.400,184.300,0.000,0.000
198,185.250,184.300,186.200,0.000,0.000
199,187.150,186.200,188.100,0.000,0.000
200,189.050,188.100,190.000,0.000,0.000
