# 2D Histogram Bin Extraction 
#                   
# histogram parameters:  
# title      : Em_nuc vs. Pm 
# ybins      : 50 
# ylabel     :  
# xbins      : 15 
# xlabel     :  
# ybin_width : 0.005 
# xbin_width : 0.080 
#                   
# header definitions:
# ib:         (x,y)  bin number 
# xb:         x-axis bin number 
# yb:         y-axis bin number 
# x0:         x-axis central bin value 
# xlow:       x-axis low-edge bin value 
# xup:        x-axis up-edge bin value 
# y0:         y-axis central bin value 
# ylow:       y-axis low-edge bin value 
# yup:        y-axis up-edge bin value 
# zcont:      bin content (z-axis) 
# zcont_err:  bin content error (z-axis) 
#                                        
ib,xb,yb,x0,xlow,xup,y0,ylow,yup,zcont,zcont_err
     18,         1,         1,          0.04,         0,      0.08,     -0.0475,     -0.05,      -0.045,           0,             0
     19,         2,         1,          0.12,      0.08,      0.16,     -0.0475,     -0.05,      -0.045,           0,             0
     20,         3,         1,           0.2,      0.16,      0.24,     -0.0475,     -0.05,      -0.045,           0,             0
     21,         4,         1,          0.28,      0.24,      0.32,     -0.0475,     -0.05,      -0.045,           0,             0
     22,         5,         1,          0.36,      0.32,       0.4,     -0.0475,     -0.05,      -0.045,           0,             0
     23,         6,         1,          0.44,       0.4,      0.48,     -0.0475,     -0.05,      -0.045,  0.00204372,    0.00204373
     24,         7,         1,          0.52,      0.48,      0.56,     -0.0475,     -0.05,      -0.045,           0,             0
     25,         8,         1,           0.6,      0.56,      0.64,     -0.0475,     -0.05,      -0.045, 0.000708691,   0.000708692
     26,         9,         1,          0.68,      0.64,      0.72,     -0.0475,     -0.05,      -0.045,   0.0012454,     0.0012454
     27,        10,         1,          0.76,      0.72,       0.8,     -0.0475,     -0.05,      -0.045,           0,             0
     28,        11,         1,          0.84,       0.8,      0.88,     -0.0475,     -0.05,      -0.045,           0,             0
     29,        12,         1,          0.92,      0.88,      0.96,     -0.0475,     -0.05,      -0.045,           0,             0
     30,        13,         1,             1,      0.96,      1.04,     -0.0475,     -0.05,      -0.045,           0,             0
     31,        14,         1,          1.08,      1.04,      1.12,     -0.0475,     -0.05,      -0.045,           0,             0
     32,        15,         1,          1.16,      1.12,       1.2,     -0.0475,     -0.05,      -0.045,           0,             0
     35,         1,         2,          0.04,         0,      0.08,     -0.0425,    -0.045,       -0.04,           0,             0
     36,         2,         2,          0.12,      0.08,      0.16,     -0.0425,    -0.045,       -0.04,           0,             0
     37,         3,         2,           0.2,      0.16,      0.24,     -0.0425,    -0.045,       -0.04,           0,             0
     38,         4,         2,          0.28,      0.24,      0.32,     -0.0425,    -0.045,       -0.04,     1.46596,       1.03693
     39,         5,         2,          0.36,      0.32,       0.4,     -0.0425,    -0.045,       -0.04,   0.0131391,     0.0131391
     40,         6,         2,          0.44,       0.4,      0.48,     -0.0425,    -0.045,       -0.04,   0.0053397,     0.0053397
     41,         7,         2,          0.52,      0.48,      0.56,     -0.0425,    -0.045,       -0.04,           0,             0
     42,         8,         2,           0.6,      0.56,      0.64,     -0.0425,    -0.045,       -0.04,           0,             0
     43,         9,         2,          0.68,      0.64,      0.72,     -0.0425,    -0.045,       -0.04,  0.00257851,    0.00220345
     44,        10,         2,          0.76,      0.72,       0.8,     -0.0425,    -0.045,       -0.04,  0.00048558,    0.00048558
     45,        11,         2,          0.84,       0.8,      0.88,     -0.0425,    -0.045,       -0.04,           0,             0
     46,        12,         2,          0.92,      0.88,      0.96,     -0.0425,    -0.045,       -0.04,           0,             0
     47,        13,         2,             1,      0.96,      1.04,     -0.0425,    -0.045,       -0.04,           0,             0
     48,        14,         2,          1.08,      1.04,      1.12,     -0.0425,    -0.045,       -0.04,           0,             0
     49,        15,         2,          1.16,      1.12,       1.2,     -0.0425,    -0.045,       -0.04,           0,             0
     52,         1,         3,          0.04,         0,      0.08,     -0.0375,     -0.04,      -0.035,           0,             0
     53,         2,         3,          0.12,      0.08,      0.16,     -0.0375,     -0.04,      -0.035,           0,             0
     54,         3,         3,           0.2,      0.16,      0.24,     -0.0375,     -0.04,      -0.035,           0,             0
     55,         4,         3,          0.28,      0.24,      0.32,     -0.0375,     -0.04,      -0.035,           0,             0
     56,         5,         3,          0.36,      0.32,       0.4,     -0.0375,     -0.04,      -0.035,   0.0163238,     0.0116228
     57,         6,         3,          0.44,       0.4,      0.48,     -0.0375,     -0.04,      -0.035,   0.0246188,     0.0162339
     58,         7,         3,          0.52,      0.48,      0.56,     -0.0375,     -0.04,      -0.035,   0.0224924,     0.0205341
     59,         8,         3,           0.6,      0.56,      0.64,     -0.0375,     -0.04,      -0.035,           0,             0
     60,         9,         3,          0.68,      0.64,      0.72,     -0.0375,     -0.04,      -0.035,   0.0343735,     0.0235574
     61,        10,         3,          0.76,      0.72,       0.8,     -0.0375,     -0.04,      -0.035,  0.00687548,    0.00603406
     62,        11,         3,          0.84,       0.8,      0.88,     -0.0375,     -0.04,      -0.035, 0.000407112,   0.000407112
     63,        12,         3,          0.92,      0.88,      0.96,     -0.0375,     -0.04,      -0.035,           0,             0
     64,        13,         3,             1,      0.96,      1.04,     -0.0375,     -0.04,      -0.035,           0,             0
     65,        14,         3,          1.08,      1.04,      1.12,     -0.0375,     -0.04,      -0.035,           0,             0
     66,        15,         3,          1.16,      1.12,       1.2,     -0.0375,     -0.04,      -0.035,           0,             0
     69,         1,         4,          0.04,         0,      0.08,     -0.0325,    -0.035,       -0.03,           0,             0
     70,         2,         4,          0.12,      0.08,      0.16,     -0.0325,    -0.035,       -0.03,           0,             0
     71,         3,         4,           0.2,      0.16,      0.24,     -0.0325,    -0.035,       -0.03,    0.146321,      0.146321
     72,         4,         4,          0.28,      0.24,      0.32,     -0.0325,    -0.035,       -0.03,    0.598876,      0.515317
     73,         5,         4,          0.36,      0.32,       0.4,     -0.0325,    -0.035,       -0.03,   0.0681393,     0.0603555
     74,         6,         4,          0.44,       0.4,      0.48,     -0.0325,    -0.035,       -0.03,   0.0203208,     0.0164825
     75,         7,         4,          0.52,      0.48,      0.56,     -0.0325,    -0.035,       -0.03,    0.028269,      0.026838
     76,         8,         4,           0.6,      0.56,      0.64,     -0.0325,    -0.035,       -0.03,    0.181597,     0.0812836
     77,         9,         4,          0.68,      0.64,      0.72,     -0.0325,    -0.035,       -0.03,   0.0374626,     0.0182483
     78,        10,         4,          0.76,      0.72,       0.8,     -0.0325,    -0.035,       -0.03,  0.00175042,    0.00124797
     79,        11,         4,          0.84,       0.8,      0.88,     -0.0325,    -0.035,       -0.03,           0,             0
     80,        12,         4,          0.92,      0.88,      0.96,     -0.0325,    -0.035,       -0.03,           0,             0
     81,        13,         4,             1,      0.96,      1.04,     -0.0325,    -0.035,       -0.03,           0,             0
     82,        14,         4,          1.08,      1.04,      1.12,     -0.0325,    -0.035,       -0.03,           0,             0
     83,        15,         4,          1.16,      1.12,       1.2,     -0.0325,    -0.035,       -0.03,           0,             0
     86,         1,         5,          0.04,         0,      0.08,     -0.0275,     -0.03,      -0.025,           0,             0
     87,         2,         5,          0.12,      0.08,      0.16,     -0.0275,     -0.03,      -0.025,     9.11344,       9.11344
     88,         3,         5,           0.2,      0.16,      0.24,     -0.0275,     -0.03,      -0.025,           0,             0
     89,         4,         5,          0.28,      0.24,      0.32,     -0.0275,     -0.03,      -0.025,     24.0634,       22.4024
     90,         5,         5,          0.36,      0.32,       0.4,     -0.0275,     -0.03,      -0.025,    0.152396,     0.0926734
     91,         6,         5,          0.44,       0.4,      0.48,     -0.0275,     -0.03,      -0.025,    0.057511,     0.0328876
     92,         7,         5,          0.52,      0.48,      0.56,     -0.0275,     -0.03,      -0.025,   0.0354374,     0.0232944
     93,         8,         5,           0.6,      0.56,      0.64,     -0.0275,     -0.03,      -0.025,   0.0401419,     0.0240389
     94,         9,         5,          0.68,      0.64,      0.72,     -0.0275,     -0.03,      -0.025,   0.0305836,     0.0153973
     95,        10,         5,          0.76,      0.72,       0.8,     -0.0275,     -0.03,      -0.025,  0.00934759,    0.00510647
     96,        11,         5,          0.84,       0.8,      0.88,     -0.0275,     -0.03,      -0.025,           0,             0
     97,        12,         5,          0.92,      0.88,      0.96,     -0.0275,     -0.03,      -0.025,           0,             0
     98,        13,         5,             1,      0.96,      1.04,     -0.0275,     -0.03,      -0.025,           0,             0
     99,        14,         5,          1.08,      1.04,      1.12,     -0.0275,     -0.03,      -0.025,           0,             0
    100,        15,         5,          1.16,      1.12,       1.2,     -0.0275,     -0.03,      -0.025,           0,             0
    103,         1,         6,          0.04,         0,      0.08,     -0.0225,    -0.025,       -0.02,           0,             0
    104,         2,         6,          0.12,      0.08,      0.16,     -0.0225,    -0.025,       -0.02,           0,             0
    105,         3,         6,           0.2,      0.16,      0.24,     -0.0225,    -0.025,       -0.02,    0.207928,      0.207928
    106,         4,         6,          0.28,      0.24,      0.32,     -0.0225,    -0.025,       -0.02,    0.357737,      0.209474
    107,         5,         6,          0.36,      0.32,       0.4,     -0.0225,    -0.025,       -0.02,    0.214177,      0.141154
    108,         6,         6,          0.44,       0.4,      0.48,     -0.0225,    -0.025,       -0.02,     0.11703,     0.0490409
    109,         7,         6,          0.52,      0.48,      0.56,     -0.0225,    -0.025,       -0.02,    0.140703,     0.0576711
    110,         8,         6,           0.6,      0.56,      0.64,     -0.0225,    -0.025,       -0.02,    0.121164,     0.0369401
    111,         9,         6,          0.68,      0.64,      0.72,     -0.0225,    -0.025,       -0.02,   0.0236398,     0.0091768
    112,        10,         6,          0.76,      0.72,       0.8,     -0.0225,    -0.025,       -0.02,  0.00969846,    0.00447549
    113,        11,         6,          0.84,       0.8,      0.88,     -0.0225,    -0.025,       -0.02,           0,             0
    114,        12,         6,          0.92,      0.88,      0.96,     -0.0225,    -0.025,       -0.02,           0,             0
    115,        13,         6,             1,      0.96,      1.04,     -0.0225,    -0.025,       -0.02,           0,             0
    116,        14,         6,          1.08,      1.04,      1.12,     -0.0225,    -0.025,       -0.02,           0,             0
    117,        15,         6,          1.16,      1.12,       1.2,     -0.0225,    -0.025,       -0.02,           0,             0
    120,         1,         7,          0.04,         0,      0.08,     -0.0175,     -0.02,      -0.015,     341.839,       304.693
    121,         2,         7,          0.12,      0.08,      0.16,     -0.0175,     -0.02,      -0.015,     19.5801,       13.9766
    122,         3,         7,           0.2,      0.16,      0.24,     -0.0175,     -0.02,      -0.015,     5.88763,       4.52053
    123,         4,         7,          0.28,      0.24,      0.32,     -0.0175,     -0.02,      -0.015,    0.831595,      0.280061
    124,         5,         7,          0.36,      0.32,       0.4,     -0.0175,     -0.02,      -0.015,    0.801951,      0.198794
    125,         6,         7,          0.44,       0.4,      0.48,     -0.0175,     -0.02,      -0.015,    0.323802,     0.0883023
    126,         7,         7,          0.52,      0.48,      0.56,     -0.0175,     -0.02,      -0.015,    0.375971,     0.0874131
    127,         8,         7,           0.6,      0.56,      0.64,     -0.0175,     -0.02,      -0.015,    0.251551,     0.0579927
    128,         9,         7,          0.68,      0.64,      0.72,     -0.0175,     -0.02,      -0.015,   0.0814606,     0.0230972
    129,        10,         7,          0.76,      0.72,       0.8,     -0.0175,     -0.02,      -0.015,  0.00668629,    0.00316168
    130,        11,         7,          0.84,       0.8,      0.88,     -0.0175,     -0.02,      -0.015,           0,             0
    131,        12,         7,          0.92,      0.88,      0.96,     -0.0175,     -0.02,      -0.015,           0,             0
    132,        13,         7,             1,      0.96,      1.04,     -0.0175,     -0.02,      -0.015,           0,             0
    133,        14,         7,          1.08,      1.04,      1.12,     -0.0175,     -0.02,      -0.015,           0,             0
    134,        15,         7,          1.16,      1.12,       1.2,     -0.0175,     -0.02,      -0.015,           0,             0
    137,         1,         8,          0.04,         0,      0.08,     -0.0125,    -0.015,       -0.01,           0,             0
    138,         2,         8,          0.12,      0.08,      0.16,     -0.0125,    -0.015,       -0.01,      58.551,       39.3699
    139,         3,         8,           0.2,      0.16,      0.24,     -0.0125,    -0.015,       -0.01,     11.6027,       3.46855
    140,         4,         8,          0.28,      0.24,      0.32,     -0.0125,    -0.015,       -0.01,     2.22926,      0.562778
    141,         5,         8,          0.36,      0.32,       0.4,     -0.0125,    -0.015,       -0.01,     2.63968,      0.337895
    142,         6,         8,          0.44,       0.4,      0.48,     -0.0125,    -0.015,       -0.01,     2.05012,      0.251205
    143,         7,         8,          0.52,      0.48,      0.56,     -0.0125,    -0.015,       -0.01,     1.29847,      0.164648
    144,         8,         8,           0.6,      0.56,      0.64,     -0.0125,    -0.015,       -0.01,    0.325794,     0.0534434
    145,         9,         8,          0.68,      0.64,      0.72,     -0.0125,    -0.015,       -0.01,   0.0955149,     0.0190001
    146,        10,         8,          0.76,      0.72,       0.8,     -0.0125,    -0.015,       -0.01,   0.0102103,    0.00500752
    147,        11,         8,          0.84,       0.8,      0.88,     -0.0125,    -0.015,       -0.01,           0,             0
    148,        12,         8,          0.92,      0.88,      0.96,     -0.0125,    -0.015,       -0.01,           0,             0
    149,        13,         8,             1,      0.96,      1.04,     -0.0125,    -0.015,       -0.01,           0,             0
    150,        14,         8,          1.08,      1.04,      1.12,     -0.0125,    -0.015,       -0.01,           0,             0
    151,        15,         8,          1.16,      1.12,       1.2,     -0.0125,    -0.015,       -0.01,           0,             0
    154,         1,         9,          0.04,         0,      0.08,     -0.0075,     -0.01,      -0.005,     1409.28,       668.832
    155,         2,         9,          0.12,      0.08,      0.16,     -0.0075,     -0.01,      -0.005,     444.088,       230.626
    156,         3,         9,           0.2,      0.16,      0.24,     -0.0075,     -0.01,      -0.005,     45.1543,       7.11424
    157,         4,         9,          0.28,      0.24,      0.32,     -0.0075,     -0.01,      -0.005,     15.6537,       1.54058
    158,         5,         9,          0.36,      0.32,       0.4,     -0.0075,     -0.01,      -0.005,     9.06865,      0.659687
    159,         6,         9,          0.44,       0.4,      0.48,     -0.0075,     -0.01,      -0.005,      6.9207,      0.513517
    160,         7,         9,          0.52,      0.48,      0.56,     -0.0075,     -0.01,      -0.005,     3.30945,      0.352298
    161,         8,         9,           0.6,      0.56,      0.64,     -0.0075,     -0.01,      -0.005,    0.801503,     0.0843209
    162,         9,         9,          0.68,      0.64,      0.72,     -0.0075,     -0.01,      -0.005,    0.146139,     0.0236395
    163,        10,         9,          0.76,      0.72,       0.8,     -0.0075,     -0.01,      -0.005,   0.0212195,    0.00658868
    164,        11,         9,          0.84,       0.8,      0.88,     -0.0075,     -0.01,      -0.005,           0,             0
    165,        12,         9,          0.92,      0.88,      0.96,     -0.0075,     -0.01,      -0.005,           0,             0
    166,        13,         9,             1,      0.96,      1.04,     -0.0075,     -0.01,      -0.005,           0,             0
    167,        14,         9,          1.08,      1.04,      1.12,     -0.0075,     -0.01,      -0.005,           0,             0
    168,        15,         9,          1.16,      1.12,       1.2,     -0.0075,     -0.01,      -0.005,           0,             0
    171,         1,        10,          0.04,         0,      0.08,     -0.0025,    -0.005,           0,     8136.51,       1697.44
    172,         2,        10,          0.12,      0.08,      0.16,     -0.0025,    -0.005,           0,      1775.5,       260.373
    173,         3,        10,           0.2,      0.16,      0.24,     -0.0025,    -0.005,           0,     289.784,       18.7674
    174,         4,        10,          0.28,      0.24,      0.32,     -0.0025,    -0.005,           0,     78.0729,       3.32987
    175,         5,        10,          0.36,      0.32,       0.4,     -0.0025,    -0.005,           0,     35.0502,       1.33108
    176,         6,        10,          0.44,       0.4,      0.48,     -0.0025,    -0.005,           0,     15.7182,       0.66441
    177,         7,        10,          0.52,      0.48,      0.56,     -0.0025,    -0.005,           0,     6.02734,      0.313912
    178,         8,        10,           0.6,      0.56,      0.64,     -0.0025,    -0.005,           0,     1.33917,       0.10564
    179,         9,        10,          0.68,      0.64,      0.72,     -0.0025,    -0.005,           0,    0.241318,     0.0306314
    180,        10,        10,          0.76,      0.72,       0.8,     -0.0025,    -0.005,           0,   0.0153362,    0.00477949
    181,        11,        10,          0.84,       0.8,      0.88,     -0.0025,    -0.005,           0,  0.00159791,    0.00159791
    182,        12,        10,          0.92,      0.88,      0.96,     -0.0025,    -0.005,           0,           0,             0
    183,        13,        10,             1,      0.96,      1.04,     -0.0025,    -0.005,           0,           0,             0
    184,        14,        10,          1.08,      1.04,      1.12,     -0.0025,    -0.005,           0,           0,             0
    185,        15,        10,          1.16,      1.12,       1.2,     -0.0025,    -0.005,           0,           0,             0
    188,         1,        11,          0.04,         0,      0.08,      0.0025,         0,       0.005,     21467.1,       2349.43
    189,         2,        11,          0.12,      0.08,      0.16,      0.0025,         0,       0.005,     7439.45,       400.529
    190,         3,        11,           0.2,      0.16,      0.24,      0.0025,         0,       0.005,     1261.27,       36.0817
    191,         4,        11,          0.28,      0.24,      0.32,      0.0025,         0,       0.005,      260.52,       6.26329
    192,         5,        11,          0.36,      0.32,       0.4,      0.0025,         0,       0.005,     92.0419,        2.2022
    193,         6,        11,          0.44,       0.4,      0.48,      0.0025,         0,       0.005,     34.9235,      0.989301
    194,         7,        11,          0.52,      0.48,      0.56,      0.0025,         0,       0.005,     9.37738,      0.374423
    195,         8,        11,           0.6,      0.56,      0.64,      0.0025,         0,       0.005,     2.11266,      0.133608
    196,         9,        11,          0.68,      0.64,      0.72,      0.0025,         0,       0.005,     0.33887,     0.0364837
    197,        10,        11,          0.76,      0.72,       0.8,      0.0025,         0,       0.005,   0.0130971,    0.00472126
    198,        11,        11,          0.84,       0.8,      0.88,      0.0025,         0,       0.005,   0.0010145,     0.0010145
    199,        12,        11,          0.92,      0.88,      0.96,      0.0025,         0,       0.005,           0,             0
    200,        13,        11,             1,      0.96,      1.04,      0.0025,         0,       0.005,           0,             0
    201,        14,        11,          1.08,      1.04,      1.12,      0.0025,         0,       0.005,           0,             0
    202,        15,        11,          1.16,      1.12,       1.2,      0.0025,         0,       0.005,           0,             0
    205,         1,        12,          0.04,         0,      0.08,      0.0075,     0.005,        0.01,     29702.3,       2670.14
    206,         2,        12,          0.12,      0.08,      0.16,      0.0075,     0.005,        0.01,     15110.2,       635.447
    207,         3,        12,           0.2,      0.16,      0.24,      0.0075,     0.005,        0.01,     2072.51,       50.6554
    208,         4,        12,          0.28,      0.24,      0.32,      0.0075,     0.005,        0.01,     365.673,       7.78621
    209,         5,        12,          0.36,      0.32,       0.4,      0.0075,     0.005,        0.01,     112.675,       2.51016
    210,         6,        12,          0.44,       0.4,      0.48,      0.0075,     0.005,        0.01,     39.4675,       1.04525
    211,         7,        12,          0.52,      0.48,      0.56,      0.0075,     0.005,        0.01,     11.3686,      0.420325
    212,         8,        12,           0.6,      0.56,      0.64,      0.0075,     0.005,        0.01,     2.73395,      0.146972
    213,         9,        12,          0.68,      0.64,      0.72,      0.0075,     0.005,        0.01,    0.414678,     0.0431973
    214,        10,        12,          0.76,      0.72,       0.8,      0.0075,     0.005,        0.01,   0.0118383,    0.00478237
    215,        11,        12,          0.84,       0.8,      0.88,      0.0075,     0.005,        0.01,           0,             0
    216,        12,        12,          0.92,      0.88,      0.96,      0.0075,     0.005,        0.01,           0,             0
    217,        13,        12,             1,      0.96,      1.04,      0.0075,     0.005,        0.01,           0,             0
    218,        14,        12,          1.08,      1.04,      1.12,      0.0075,     0.005,        0.01,           0,             0
    219,        15,        12,          1.16,      1.12,       1.2,      0.0075,     0.005,        0.01,           0,             0
    222,         1,        13,          0.04,         0,      0.08,      0.0125,      0.01,       0.015,     23858.3,       2622.94
    223,         2,        13,          0.12,      0.08,      0.16,      0.0125,      0.01,       0.015,     10361.1,       707.043
    224,         3,        13,           0.2,      0.16,      0.24,      0.0125,      0.01,       0.015,     1156.65,       37.7492
    225,         4,        13,          0.28,      0.24,      0.32,      0.0125,      0.01,       0.015,      193.85,        5.8142
    226,         5,        13,          0.36,      0.32,       0.4,      0.0125,      0.01,       0.015,     65.6186,       2.07741
    227,         6,        13,          0.44,       0.4,      0.48,      0.0125,      0.01,       0.015,     26.4744,      0.855332
    228,         7,        13,          0.52,      0.48,      0.56,      0.0125,      0.01,       0.015,      9.0309,      0.367168
    229,         8,        13,           0.6,      0.56,      0.64,      0.0125,      0.01,       0.015,     2.15274,      0.132807
    230,         9,        13,          0.68,      0.64,      0.72,      0.0125,      0.01,       0.015,    0.246538,     0.0308124
    231,        10,        13,          0.76,      0.72,       0.8,      0.0125,      0.01,       0.015,  0.00764007,    0.00369624
    232,        11,        13,          0.84,       0.8,      0.88,      0.0125,      0.01,       0.015,  0.00127708,    0.00127708
    233,        12,        13,          0.92,      0.88,      0.96,      0.0125,      0.01,       0.015,           0,             0
    234,        13,        13,             1,      0.96,      1.04,      0.0125,      0.01,       0.015,           0,             0
    235,        14,        13,          1.08,      1.04,      1.12,      0.0125,      0.01,       0.015,           0,             0
    236,        15,        13,          1.16,      1.12,       1.2,      0.0125,      0.01,       0.015,           0,             0
    239,         1,        14,          0.04,         0,      0.08,      0.0175,     0.015,        0.02,      9062.5,       1692.88
    240,         2,        14,          0.12,      0.08,      0.16,      0.0175,     0.015,        0.02,     4446.83,       739.859
    241,         3,        14,           0.2,      0.16,      0.24,      0.0175,     0.015,        0.02,      559.06,       45.4506
    242,         4,        14,          0.28,      0.24,      0.32,      0.0175,     0.015,        0.02,     83.7817,       5.16823
    243,         5,        14,          0.36,      0.32,       0.4,      0.0175,     0.015,        0.02,     28.8779,       1.31761
    244,         6,        14,          0.44,       0.4,      0.48,      0.0175,     0.015,        0.02,     13.6431,      0.615653
    245,         7,        14,          0.52,      0.48,      0.56,      0.0175,     0.015,        0.02,     5.03791,      0.276857
    246,         8,        14,           0.6,      0.56,      0.64,      0.0175,     0.015,        0.02,     1.22767,     0.0988858
    247,         9,        14,          0.68,      0.64,      0.72,      0.0175,     0.015,        0.02,    0.240023,     0.0336234
    248,        10,        14,          0.76,      0.72,       0.8,      0.0175,     0.015,        0.02,   0.0148443,    0.00533604
    249,        11,        14,          0.84,       0.8,      0.88,      0.0175,     0.015,        0.02,           0,             0
    250,        12,        14,          0.92,      0.88,      0.96,      0.0175,     0.015,        0.02,           0,             0
    251,        13,        14,             1,      0.96,      1.04,      0.0175,     0.015,        0.02,           0,             0
    252,        14,        14,          1.08,      1.04,      1.12,      0.0175,     0.015,        0.02,           0,             0
    253,        15,        14,          1.16,      1.12,       1.2,      0.0175,     0.015,        0.02,           0,             0
    256,         1,        15,          0.04,         0,      0.08,      0.0225,      0.02,       0.025,     2864.97,       721.694
    257,         2,        15,          0.12,      0.08,      0.16,      0.0225,      0.02,       0.025,     2621.06,       404.493
    258,         3,        15,           0.2,      0.16,      0.24,      0.0225,      0.02,       0.025,     405.867,       129.832
    259,         4,        15,          0.28,      0.24,      0.32,      0.0225,      0.02,       0.025,     73.4504,       22.0032
    260,         5,        15,          0.36,      0.32,       0.4,      0.0225,      0.02,       0.025,     17.5918,       1.01907
    261,         6,        15,          0.44,       0.4,      0.48,      0.0225,      0.02,       0.025,     6.73138,      0.431131
    262,         7,        15,          0.52,      0.48,      0.56,      0.0225,      0.02,       0.025,     3.43691,      0.244895
    263,         8,        15,           0.6,      0.56,      0.64,      0.0225,      0.02,       0.025,     0.96585,     0.0930047
    264,         9,        15,          0.68,      0.64,      0.72,      0.0225,      0.02,       0.025,    0.135211,      0.023444
    265,        10,        15,          0.76,      0.72,       0.8,      0.0225,      0.02,       0.025,  0.00451362,    0.00323404
    266,        11,        15,          0.84,       0.8,      0.88,      0.0225,      0.02,       0.025,           0,             0
    267,        12,        15,          0.92,      0.88,      0.96,      0.0225,      0.02,       0.025,           0,             0
    268,        13,        15,             1,      0.96,      1.04,      0.0225,      0.02,       0.025,           0,             0
    269,        14,        15,          1.08,      1.04,      1.12,      0.0225,      0.02,       0.025,           0,             0
    270,        15,        15,          1.16,      1.12,       1.2,      0.0225,      0.02,       0.025,           0,             0
    273,         1,        16,          0.04,         0,      0.08,      0.0275,     0.025,        0.03,     1415.33,       627.855
    274,         2,        16,          0.12,      0.08,      0.16,      0.0275,     0.025,        0.03,     2850.44,       754.858
    275,         3,        16,           0.2,      0.16,      0.24,      0.0275,     0.025,        0.03,     199.772,       20.8732
    276,         4,        16,          0.28,      0.24,      0.32,      0.0275,     0.025,        0.03,     59.3348,       25.2798
    277,         5,        16,          0.36,      0.32,       0.4,      0.0275,     0.025,        0.03,     18.5469,       6.18964
    278,         6,        16,          0.44,       0.4,      0.48,      0.0275,     0.025,        0.03,     5.92569,      0.463264
    279,         7,        16,          0.52,      0.48,      0.56,      0.0275,     0.025,        0.03,     2.18159,      0.191101
    280,         8,        16,           0.6,      0.56,      0.64,      0.0275,     0.025,        0.03,    0.526755,      0.075993
    281,         9,        16,          0.68,      0.64,      0.72,      0.0275,     0.025,        0.03,    0.121819,     0.0229317
    282,        10,        16,          0.76,      0.72,       0.8,      0.0275,     0.025,        0.03,   0.0030466,    0.00234809
    283,        11,        16,          0.84,       0.8,      0.88,      0.0275,     0.025,        0.03,           0,             0
    284,        12,        16,          0.92,      0.88,      0.96,      0.0275,     0.025,        0.03,           0,             0
    285,        13,        16,             1,      0.96,      1.04,      0.0275,     0.025,        0.03,           0,             0
    286,        14,        16,          1.08,      1.04,      1.12,      0.0275,     0.025,        0.03,           0,             0
    287,        15,        16,          1.16,      1.12,       1.2,      0.0275,     0.025,        0.03,           0,             0
    290,         1,        17,          0.04,         0,      0.08,      0.0325,      0.03,       0.035,     1283.28,       528.342
    291,         2,        17,          0.12,      0.08,      0.16,      0.0325,      0.03,       0.035,     1671.31,       379.004
    292,         3,        17,           0.2,      0.16,      0.24,      0.0325,      0.03,       0.035,     153.447,       16.4574
    293,         4,        17,          0.28,      0.24,      0.32,      0.0325,      0.03,       0.035,     62.2324,       28.4021
    294,         5,        17,          0.36,      0.32,       0.4,      0.0325,      0.03,       0.035,     8.48543,      0.665601
    295,         6,        17,          0.44,       0.4,      0.48,      0.0325,      0.03,       0.035,     4.02938,      0.350966
    296,         7,        17,          0.52,      0.48,      0.56,      0.0325,      0.03,       0.035,     1.52202,      0.159585
    297,         8,        17,           0.6,      0.56,      0.64,      0.0325,      0.03,       0.035,    0.429867,     0.0631662
    298,         9,        17,          0.68,      0.64,      0.72,      0.0325,      0.03,       0.035,   0.0939341,     0.0212078
    299,        10,        17,          0.76,      0.72,       0.8,      0.0325,      0.03,       0.035,   0.0123943,    0.00528048
    300,        11,        17,          0.84,       0.8,      0.88,      0.0325,      0.03,       0.035,           0,             0
    301,        12,        17,          0.92,      0.88,      0.96,      0.0325,      0.03,       0.035,           0,             0
    302,        13,        17,             1,      0.96,      1.04,      0.0325,      0.03,       0.035,           0,             0
    303,        14,        17,          1.08,      1.04,      1.12,      0.0325,      0.03,       0.035,           0,             0
    304,        15,        17,          1.16,      1.12,       1.2,      0.0325,      0.03,       0.035,           0,             0
    307,         1,        18,          0.04,         0,      0.08,      0.0375,     0.035,        0.04,     660.534,        479.48
    308,         2,        18,          0.12,      0.08,      0.16,      0.0375,     0.035,        0.04,     1433.59,       436.202
    309,         3,        18,           0.2,      0.16,      0.24,      0.0375,     0.035,        0.04,     179.456,       19.5028
    310,         4,        18,          0.28,      0.24,      0.32,      0.0375,     0.035,        0.04,     29.7982,       3.47706
    311,         5,        18,          0.36,      0.32,       0.4,      0.0375,     0.035,        0.04,     7.99578,       0.69697
    312,         6,        18,          0.44,       0.4,      0.48,      0.0375,     0.035,        0.04,       4.054,      0.362303
    313,         7,        18,          0.52,      0.48,      0.56,      0.0375,     0.035,        0.04,     1.32333,      0.158155
    314,         8,        18,           0.6,      0.56,      0.64,      0.0375,     0.035,        0.04,    0.349496,     0.0592747
    315,         9,        18,          0.68,      0.64,      0.72,      0.0375,     0.035,        0.04,   0.0562662,     0.0161899
    316,        10,        18,          0.76,      0.72,       0.8,      0.0375,     0.035,        0.04,  0.00444444,    0.00277669
    317,        11,        18,          0.84,       0.8,      0.88,      0.0375,     0.035,        0.04,           0,             0
    318,        12,        18,          0.92,      0.88,      0.96,      0.0375,     0.035,        0.04,           0,             0
    319,        13,        18,             1,      0.96,      1.04,      0.0375,     0.035,        0.04,           0,             0
    320,        14,        18,          1.08,      1.04,      1.12,      0.0375,     0.035,        0.04,           0,             0
    321,        15,        18,          1.16,      1.12,       1.2,      0.0375,     0.035,        0.04,           0,             0
    324,         1,        19,          0.04,         0,      0.08,      0.0425,      0.04,       0.045,     679.578,       484.378
    325,         2,        19,          0.12,      0.08,      0.16,      0.0425,      0.04,       0.045,      922.74,       188.821
    326,         3,        19,           0.2,      0.16,      0.24,      0.0425,      0.04,       0.045,     562.039,       381.941
    327,         4,        19,          0.28,      0.24,      0.32,      0.0425,      0.04,       0.045,     69.3441,       42.8467
    328,         5,        19,          0.36,      0.32,       0.4,      0.0425,      0.04,       0.045,     7.15385,      0.637559
    329,         6,        19,          0.44,       0.4,      0.48,      0.0425,      0.04,       0.045,     3.20703,       0.32871
    330,         7,        19,          0.52,      0.48,      0.56,      0.0425,      0.04,       0.045,     1.00951,      0.130959
    331,         8,        19,           0.6,      0.56,      0.64,      0.0425,      0.04,       0.045,    0.400478,     0.0630178
    332,         9,        19,          0.68,      0.64,      0.72,      0.0425,      0.04,       0.045,   0.0587841,     0.0173097
    333,        10,        19,          0.76,      0.72,       0.8,      0.0425,      0.04,       0.045,  0.00556059,    0.00364569
    334,        11,        19,          0.84,       0.8,      0.88,      0.0425,      0.04,       0.045,           0,             0
    335,        12,        19,          0.92,      0.88,      0.96,      0.0425,      0.04,       0.045,           0,             0
    336,        13,        19,             1,      0.96,      1.04,      0.0425,      0.04,       0.045,           0,             0
    337,        14,        19,          1.08,      1.04,      1.12,      0.0425,      0.04,       0.045,           0,             0
    338,        15,        19,          1.16,      1.12,       1.2,      0.0425,      0.04,       0.045,           0,             0
    341,         1,        20,          0.04,         0,      0.08,      0.0475,     0.045,        0.05,     641.959,       416.539
    342,         2,        20,          0.12,      0.08,      0.16,      0.0475,     0.045,        0.05,     1152.42,       286.572
    343,         3,        20,           0.2,      0.16,      0.24,      0.0475,     0.045,        0.05,     174.106,        23.786
    344,         4,        20,          0.28,      0.24,      0.32,      0.0475,     0.045,        0.05,     64.4524,        36.826
    345,         5,        20,          0.36,      0.32,       0.4,      0.0475,     0.045,        0.05,     7.52621,      0.736922
    346,         6,        20,          0.44,       0.4,      0.48,      0.0475,     0.045,        0.05,     3.12919,      0.319247
    347,         7,        20,          0.52,      0.48,      0.56,      0.0475,     0.045,        0.05,     1.06569,      0.140845
    348,         8,        20,           0.6,      0.56,      0.64,      0.0475,     0.045,        0.05,     0.35239,     0.0714846
    349,         9,        20,          0.68,      0.64,      0.72,      0.0475,     0.045,        0.05,   0.0515422,     0.0144488
    350,        10,        20,          0.76,      0.72,       0.8,      0.0475,     0.045,        0.05, 0.000389841,   0.000389841
    351,        11,        20,          0.84,       0.8,      0.88,      0.0475,     0.045,        0.05,           0,             0
    352,        12,        20,          0.92,      0.88,      0.96,      0.0475,     0.045,        0.05,           0,             0
    353,        13,        20,             1,      0.96,      1.04,      0.0475,     0.045,        0.05,           0,             0
    354,        14,        20,          1.08,      1.04,      1.12,      0.0475,     0.045,        0.05,           0,             0
    355,        15,        20,          1.16,      1.12,       1.2,      0.0475,     0.045,        0.05,           0,             0
    358,         1,        21,          0.04,         0,      0.08,      0.0525,      0.05,       0.055,      2155.2,       1250.22
    359,         2,        21,          0.12,      0.08,      0.16,      0.0525,      0.05,       0.055,     1612.63,       655.502
    360,         3,        21,           0.2,      0.16,      0.24,      0.0525,      0.05,       0.055,     169.029,       24.2867
    361,         4,        21,          0.28,      0.24,      0.32,      0.0525,      0.05,       0.055,     28.9067,       5.24079
    362,         5,        21,          0.36,      0.32,       0.4,      0.0525,      0.05,       0.055,     6.00536,      0.650854
    363,         6,        21,          0.44,       0.4,      0.48,      0.0525,      0.05,       0.055,     2.34103,       0.27131
    364,         7,        21,          0.52,      0.48,      0.56,      0.0525,      0.05,       0.055,     1.26849,      0.163942
    365,         8,        21,           0.6,      0.56,      0.64,      0.0525,      0.05,       0.055,    0.233659,     0.0483856
    366,         9,        21,          0.68,      0.64,      0.72,      0.0525,      0.05,       0.055,   0.0590901,     0.0183999
    367,        10,        21,          0.76,      0.72,       0.8,      0.0525,      0.05,       0.055,  0.00530753,    0.00376394
    368,        11,        21,          0.84,       0.8,      0.88,      0.0525,      0.05,       0.055,           0,             0
    369,        12,        21,          0.92,      0.88,      0.96,      0.0525,      0.05,       0.055,           0,             0
    370,        13,        21,             1,      0.96,      1.04,      0.0525,      0.05,       0.055,           0,             0
    371,        14,        21,          1.08,      1.04,      1.12,      0.0525,      0.05,       0.055,           0,             0
    372,        15,        21,          1.16,      1.12,       1.2,      0.0525,      0.05,       0.055,           0,             0
    375,         1,        22,          0.04,         0,      0.08,      0.0575,     0.055,        0.06,     918.888,        598.34
    376,         2,        22,          0.12,      0.08,      0.16,      0.0575,     0.055,        0.06,      2177.7,       700.017
    377,         3,        22,           0.2,      0.16,      0.24,      0.0575,     0.055,        0.06,     265.551,        79.707
    378,         4,        22,          0.28,      0.24,      0.32,      0.0575,     0.055,        0.06,     23.7984,       2.53448
    379,         5,        22,          0.36,      0.32,       0.4,      0.0575,     0.055,        0.06,      5.8636,      0.697554
    380,         6,        22,          0.44,       0.4,      0.48,      0.0575,     0.055,        0.06,     2.00311,      0.251118
    381,         7,        22,          0.52,      0.48,      0.56,      0.0575,     0.055,        0.06,     1.04271,      0.142952
    382,         8,        22,           0.6,      0.56,      0.64,      0.0575,     0.055,        0.06,    0.211272,     0.0496496
    383,         9,        22,          0.68,      0.64,      0.72,      0.0575,     0.055,        0.06,   0.0681345,     0.0212125
    384,        10,        22,          0.76,      0.72,       0.8,      0.0575,     0.055,        0.06,   0.0140405,    0.00716102
    385,        11,        22,          0.84,       0.8,      0.88,      0.0575,     0.055,        0.06,           0,             0
    386,        12,        22,          0.92,      0.88,      0.96,      0.0575,     0.055,        0.06,           0,             0
    387,        13,        22,             1,      0.96,      1.04,      0.0575,     0.055,        0.06,           0,             0
    388,        14,        22,          1.08,      1.04,      1.12,      0.0575,     0.055,        0.06,           0,             0
    389,        15,        22,          1.16,      1.12,       1.2,      0.0575,     0.055,        0.06,           0,             0
    392,         1,        23,          0.04,         0,      0.08,      0.0625,      0.06,       0.065,     336.915,       336.915
    393,         2,        23,          0.12,      0.08,      0.16,      0.0625,      0.06,       0.065,     933.343,       297.868
    394,         3,        23,           0.2,      0.16,      0.24,      0.0625,      0.06,       0.065,     113.041,       18.1189
    395,         4,        23,          0.28,      0.24,      0.32,      0.0625,      0.06,       0.065,     26.4905,       3.10312
    396,         5,        23,          0.36,      0.32,       0.4,      0.0625,      0.06,       0.065,     6.17448,      0.764945
    397,         6,        23,          0.44,       0.4,      0.48,      0.0625,      0.06,       0.065,     2.16506,      0.287641
    398,         7,        23,          0.52,      0.48,      0.56,      0.0625,      0.06,       0.065,    0.806059,      0.166849
    399,         8,        23,           0.6,      0.56,      0.64,      0.0625,      0.06,       0.065,    0.222751,     0.0481165
    400,         9,        23,          0.68,      0.64,      0.72,      0.0625,      0.06,       0.065,   0.0660474,     0.0160548
    401,        10,        23,          0.76,      0.72,       0.8,      0.0625,      0.06,       0.065,  0.00808736,    0.00469153
    402,        11,        23,          0.84,       0.8,      0.88,      0.0625,      0.06,       0.065,           0,             0
    403,        12,        23,          0.92,      0.88,      0.96,      0.0625,      0.06,       0.065,           0,             0
    404,        13,        23,             1,      0.96,      1.04,      0.0625,      0.06,       0.065,           0,             0
    405,        14,        23,          1.08,      1.04,      1.12,      0.0625,      0.06,       0.065,           0,             0
    406,        15,        23,          1.16,      1.12,       1.2,      0.0625,      0.06,       0.065,           0,             0
    409,         1,        24,          0.04,         0,      0.08,      0.0675,     0.065,        0.07,           0,             0
    410,         2,        24,          0.12,      0.08,      0.16,      0.0675,     0.065,        0.07,      993.78,       397.071
    411,         3,        24,           0.2,      0.16,      0.24,      0.0675,     0.065,        0.07,      128.39,       22.3206
    412,         4,        24,          0.28,      0.24,      0.32,      0.0675,     0.065,        0.07,     25.0796,        2.8639
    413,         5,        24,          0.36,      0.32,       0.4,      0.0675,     0.065,        0.07,     6.01498,      0.704811
    414,         6,        24,          0.44,       0.4,      0.48,      0.0675,     0.065,        0.07,     2.53875,      0.327898
    415,         7,        24,          0.52,      0.48,      0.56,      0.0675,     0.065,        0.07,    0.988349,       0.14806
    416,         8,        24,           0.6,      0.56,      0.64,      0.0675,     0.065,        0.07,    0.241032,     0.0499434
    417,         9,        24,          0.68,      0.64,      0.72,      0.0675,     0.065,        0.07,   0.0402885,     0.0185902
    418,        10,        24,          0.76,      0.72,       0.8,      0.0675,     0.065,        0.07,   0.0177729,      0.007023
    419,        11,        24,          0.84,       0.8,      0.88,      0.0675,     0.065,        0.07,           0,             0
    420,        12,        24,          0.92,      0.88,      0.96,      0.0675,     0.065,        0.07,           0,             0
    421,        13,        24,             1,      0.96,      1.04,      0.0675,     0.065,        0.07,           0,             0
    422,        14,        24,          1.08,      1.04,      1.12,      0.0675,     0.065,        0.07,           0,             0
    423,        15,        24,          1.16,      1.12,       1.2,      0.0675,     0.065,        0.07,           0,             0
    426,         1,        25,          0.04,         0,      0.08,      0.0725,      0.07,       0.075,           0,             0
    427,         2,        25,          0.12,      0.08,      0.16,      0.0725,      0.07,       0.075,     763.922,       384.437
    428,         3,        25,           0.2,      0.16,      0.24,      0.0725,      0.07,       0.075,     225.006,       45.3362
    429,         4,        25,          0.28,      0.24,      0.32,      0.0725,      0.07,       0.075,     24.7077,       2.85167
    430,         5,        25,          0.36,      0.32,       0.4,      0.0725,      0.07,       0.075,      6.2455,       0.71429
    431,         6,        25,          0.44,       0.4,      0.48,      0.0725,      0.07,       0.075,     1.93081,      0.268726
    432,         7,        25,          0.52,      0.48,      0.56,      0.0725,      0.07,       0.075,     1.08869,      0.152804
    433,         8,        25,           0.6,      0.56,      0.64,      0.0725,      0.07,       0.075,    0.311458,     0.0562135
    434,         9,        25,          0.68,      0.64,      0.72,      0.0725,      0.07,       0.075,   0.0443849,      0.016005
    435,        10,        25,          0.76,      0.72,       0.8,      0.0725,      0.07,       0.075,  0.00130076,    0.00130076
    436,        11,        25,          0.84,       0.8,      0.88,      0.0725,      0.07,       0.075,  0.00190031,    0.00190031
    437,        12,        25,          0.92,      0.88,      0.96,      0.0725,      0.07,       0.075,           0,             0
    438,        13,        25,             1,      0.96,      1.04,      0.0725,      0.07,       0.075,           0,             0
    439,        14,        25,          1.08,      1.04,      1.12,      0.0725,      0.07,       0.075,           0,             0
    440,        15,        25,          1.16,      1.12,       1.2,      0.0725,      0.07,       0.075,           0,             0
    443,         1,        26,          0.04,         0,      0.08,      0.0775,     0.075,        0.08,     129.482,       129.482
    444,         2,        26,          0.12,      0.08,      0.16,      0.0775,     0.075,        0.08,     844.069,       382.576
    445,         3,        26,           0.2,      0.16,      0.24,      0.0775,     0.075,        0.08,     202.425,       47.1836
    446,         4,        26,          0.28,      0.24,      0.32,      0.0775,     0.075,        0.08,     27.1792,       3.43545
    447,         5,        26,          0.36,      0.32,       0.4,      0.0775,     0.075,        0.08,     6.17676,      0.743629
    448,         6,        26,          0.44,       0.4,      0.48,      0.0775,     0.075,        0.08,      2.4037,      0.318585
    449,         7,        26,          0.52,      0.48,      0.56,      0.0775,     0.075,        0.08,    0.849963,       0.14139
    450,         8,        26,           0.6,      0.56,      0.64,      0.0775,     0.075,        0.08,    0.296741,      0.063043
    451,         9,        26,          0.68,      0.64,      0.72,      0.0775,     0.075,        0.08,   0.0428439,     0.0146184
    452,        10,        26,          0.76,      0.72,       0.8,      0.0775,     0.075,        0.08,   0.0128313,    0.00658776
    453,        11,        26,          0.84,       0.8,      0.88,      0.0775,     0.075,        0.08,           0,             0
    454,        12,        26,          0.92,      0.88,      0.96,      0.0775,     0.075,        0.08,           0,             0
    455,        13,        26,             1,      0.96,      1.04,      0.0775,     0.075,        0.08,           0,             0
    456,        14,        26,          1.08,      1.04,      1.12,      0.0775,     0.075,        0.08,           0,             0
    457,        15,        26,          1.16,      1.12,       1.2,      0.0775,     0.075,        0.08,           0,             0
    460,         1,        27,          0.04,         0,      0.08,      0.0825,      0.08,       0.085,           0,             0
    461,         2,        27,          0.12,      0.08,      0.16,      0.0825,      0.08,       0.085,      480.34,        319.62
    462,         3,        27,           0.2,      0.16,      0.24,      0.0825,      0.08,       0.085,     364.883,       158.275
    463,         4,        27,          0.28,      0.24,      0.32,      0.0825,      0.08,       0.085,     33.3504,       4.18063
    464,         5,        27,          0.36,      0.32,       0.4,      0.0825,      0.08,       0.085,     5.89343,      0.796922
    465,         6,        27,          0.44,       0.4,      0.48,      0.0825,      0.08,       0.085,     2.70705,      0.382592
    466,         7,        27,          0.52,      0.48,      0.56,      0.0825,      0.08,       0.085,    0.936453,      0.145459
    467,         8,        27,           0.6,      0.56,      0.64,      0.0825,      0.08,       0.085,    0.353276,     0.0731804
    468,         9,        27,          0.68,      0.64,      0.72,      0.0825,      0.08,       0.085,   0.0498984,     0.0166151
    469,        10,        27,          0.76,      0.72,       0.8,      0.0825,      0.08,       0.085,    0.005567,    0.00339849
    470,        11,        27,          0.84,       0.8,      0.88,      0.0825,      0.08,       0.085, 0.000578089,   0.000578089
    471,        12,        27,          0.92,      0.88,      0.96,      0.0825,      0.08,       0.085,           0,             0
    472,        13,        27,             1,      0.96,      1.04,      0.0825,      0.08,       0.085,           0,             0
    473,        14,        27,          1.08,      1.04,      1.12,      0.0825,      0.08,       0.085,           0,             0
    474,        15,        27,          1.16,      1.12,       1.2,      0.0825,      0.08,       0.085,           0,             0
    477,         1,        28,          0.04,         0,      0.08,      0.0875,     0.085,        0.09,           0,             0
    478,         2,        28,          0.12,      0.08,      0.16,      0.0875,     0.085,        0.09,       280.9,       107.201
    479,         3,        28,           0.2,      0.16,      0.24,      0.0875,     0.085,        0.09,     298.437,       90.1621
    480,         4,        28,          0.28,      0.24,      0.32,      0.0875,     0.085,        0.09,     31.3809,       4.37652
    481,         5,        28,          0.36,      0.32,       0.4,      0.0875,     0.085,        0.09,     4.85109,      0.660516
    482,         6,        28,          0.44,       0.4,      0.48,      0.0875,     0.085,        0.09,     2.23971,      0.303982
    483,         7,        28,          0.52,      0.48,      0.56,      0.0875,     0.085,        0.09,     0.61989,      0.117873
    484,         8,        28,           0.6,      0.56,      0.64,      0.0875,     0.085,        0.09,    0.242137,     0.0530287
    485,         9,        28,          0.68,      0.64,      0.72,      0.0875,     0.085,        0.09,   0.0768091,     0.0252746
    486,        10,        28,          0.76,      0.72,       0.8,      0.0875,     0.085,        0.09,  0.00846206,    0.00513156
    487,        11,        28,          0.84,       0.8,      0.88,      0.0875,     0.085,        0.09,  0.00320122,    0.00242824
    488,        12,        28,          0.92,      0.88,      0.96,      0.0875,     0.085,        0.09,           0,             0
    489,        13,        28,             1,      0.96,      1.04,      0.0875,     0.085,        0.09,           0,             0
    490,        14,        28,          1.08,      1.04,      1.12,      0.0875,     0.085,        0.09,           0,             0
    491,        15,        28,          1.16,      1.12,       1.2,      0.0875,     0.085,        0.09,           0,             0
    494,         1,        29,          0.04,         0,      0.08,      0.0925,      0.09,       0.095,           0,             0
    495,         2,        29,          0.12,      0.08,      0.16,      0.0925,      0.09,       0.095,     558.164,        249.75
    496,         3,        29,           0.2,      0.16,      0.24,      0.0925,      0.09,       0.095,     228.491,       58.4992
    497,         4,        29,          0.28,      0.24,      0.32,      0.0925,      0.09,       0.095,      42.186,       5.95143
    498,         5,        29,          0.36,      0.32,       0.4,      0.0925,      0.09,       0.095,     4.13228,      0.588289
    499,         6,        29,          0.44,       0.4,      0.48,      0.0925,      0.09,       0.095,     2.39882,      0.338753
    500,         7,        29,          0.52,      0.48,      0.56,      0.0925,      0.09,       0.095,     1.05659,      0.180936
    501,         8,        29,           0.6,      0.56,      0.64,      0.0925,      0.09,       0.095,    0.234947,      0.057697
    502,         9,        29,          0.68,      0.64,      0.72,      0.0925,      0.09,       0.095,   0.0638913,     0.0205596
    503,        10,        29,          0.76,      0.72,       0.8,      0.0925,      0.09,       0.095,  0.00500231,    0.00405194
    504,        11,        29,          0.84,       0.8,      0.88,      0.0925,      0.09,       0.095,           0,             0
    505,        12,        29,          0.92,      0.88,      0.96,      0.0925,      0.09,       0.095,           0,             0
    506,        13,        29,             1,      0.96,      1.04,      0.0925,      0.09,       0.095,           0,             0
    507,        14,        29,          1.08,      1.04,      1.12,      0.0925,      0.09,       0.095,           0,             0
    508,        15,        29,          1.16,      1.12,       1.2,      0.0925,      0.09,       0.095,           0,             0
    511,         1,        30,          0.04,         0,      0.08,      0.0975,     0.095,         0.1,           0,             0
    512,         2,        30,          0.12,      0.08,      0.16,      0.0975,     0.095,         0.1,     1270.22,       539.785
    513,         3,        30,           0.2,      0.16,      0.24,      0.0975,     0.095,         0.1,     186.874,        49.076
    514,         4,        30,          0.28,      0.24,      0.32,      0.0975,     0.095,         0.1,     29.8493,        4.6464
    515,         5,        30,          0.36,      0.32,       0.4,      0.0975,     0.095,         0.1,     4.41821,      0.658958
    516,         6,        30,          0.44,       0.4,      0.48,      0.0975,     0.095,         0.1,     1.76678,      0.277978
    517,         7,        30,          0.52,      0.48,      0.56,      0.0975,     0.095,         0.1,    0.634086,      0.115279
    518,         8,        30,           0.6,      0.56,      0.64,      0.0975,     0.095,         0.1,    0.403213,     0.0819481
    519,         9,        30,          0.68,      0.64,      0.72,      0.0975,     0.095,         0.1,   0.0768208,     0.0211777
    520,        10,        30,          0.76,      0.72,       0.8,      0.0975,     0.095,         0.1,   0.0165377,    0.00779311
    521,        11,        30,          0.84,       0.8,      0.88,      0.0975,     0.095,         0.1,           0,             0
    522,        12,        30,          0.92,      0.88,      0.96,      0.0975,     0.095,         0.1,           0,             0
    523,        13,        30,             1,      0.96,      1.04,      0.0975,     0.095,         0.1,           0,             0
    524,        14,        30,          1.08,      1.04,      1.12,      0.0975,     0.095,         0.1,           0,             0
    525,        15,        30,          1.16,      1.12,       1.2,      0.0975,     0.095,         0.1,           0,             0
    528,         1,        31,          0.04,         0,      0.08,      0.1025,       0.1,       0.105,           0,             0
    529,         2,        31,          0.12,      0.08,      0.16,      0.1025,       0.1,       0.105,     539.788,       348.449
    530,         3,        31,           0.2,      0.16,      0.24,      0.1025,       0.1,       0.105,     549.351,       178.971
    531,         4,        31,          0.28,      0.24,      0.32,      0.1025,       0.1,       0.105,     39.9559,       6.97155
    532,         5,        31,          0.36,      0.32,       0.4,      0.1025,       0.1,       0.105,     8.46213,       1.15914
    533,         6,        31,          0.44,       0.4,      0.48,      0.1025,       0.1,       0.105,     2.61878,      0.353591
    534,         7,        31,          0.52,      0.48,      0.56,      0.1025,       0.1,       0.105,     1.06208,      0.179973
    535,         8,        31,           0.6,      0.56,      0.64,      0.1025,       0.1,       0.105,    0.242398,      0.050357
    536,         9,        31,          0.68,      0.64,      0.72,      0.1025,       0.1,       0.105,   0.0419683,     0.0173558
    537,        10,        31,          0.76,      0.72,       0.8,      0.1025,       0.1,       0.105,  0.00424712,    0.00398289
    538,        11,        31,          0.84,       0.8,      0.88,      0.1025,       0.1,       0.105,   0.0015879,     0.0015879
    539,        12,        31,          0.92,      0.88,      0.96,      0.1025,       0.1,       0.105,           0,             0
    540,        13,        31,             1,      0.96,      1.04,      0.1025,       0.1,       0.105,           0,             0
    541,        14,        31,          1.08,      1.04,      1.12,      0.1025,       0.1,       0.105,           0,             0
    542,        15,        31,          1.16,      1.12,       1.2,      0.1025,       0.1,       0.105,           0,             0
    545,         1,        32,          0.04,         0,      0.08,      0.1075,     0.105,        0.11,           0,             0
    546,         2,        32,          0.12,      0.08,      0.16,      0.1075,     0.105,        0.11,     32.4136,       32.4136
    547,         3,        32,           0.2,      0.16,      0.24,      0.1075,     0.105,        0.11,     175.196,       45.1266
    548,         4,        32,          0.28,      0.24,      0.32,      0.1075,     0.105,        0.11,      50.052,       9.88307
    549,         5,        32,          0.36,      0.32,       0.4,      0.1075,     0.105,        0.11,     6.58605,      0.949705
    550,         6,        32,          0.44,       0.4,      0.48,      0.1075,     0.105,        0.11,     2.58782,      0.378273
    551,         7,        32,          0.52,      0.48,      0.56,      0.1075,     0.105,        0.11,    0.895015,      0.158538
    552,         8,        32,           0.6,      0.56,      0.64,      0.1075,     0.105,        0.11,    0.271093,     0.0672613
    553,         9,        32,          0.68,      0.64,      0.72,      0.1075,     0.105,        0.11,   0.0518328,     0.0191525
    554,        10,        32,          0.76,      0.72,       0.8,      0.1075,     0.105,        0.11,  0.00997537,    0.00641064
    555,        11,        32,          0.84,       0.8,      0.88,      0.1075,     0.105,        0.11,           0,             0
    556,        12,        32,          0.92,      0.88,      0.96,      0.1075,     0.105,        0.11,           0,             0
    557,        13,        32,             1,      0.96,      1.04,      0.1075,     0.105,        0.11,           0,             0
    558,        14,        32,          1.08,      1.04,      1.12,      0.1075,     0.105,        0.11,           0,             0
    559,        15,        32,          1.16,      1.12,       1.2,      0.1075,     0.105,        0.11,           0,             0
    562,         1,        33,          0.04,         0,      0.08,      0.1125,      0.11,       0.115,           0,             0
    563,         2,        33,          0.12,      0.08,      0.16,      0.1125,      0.11,       0.115,     426.551,       366.657
    564,         3,        33,           0.2,      0.16,      0.24,      0.1125,      0.11,       0.115,     304.397,       115.554
    565,         4,        33,          0.28,      0.24,      0.32,      0.1125,      0.11,       0.115,     44.3326,       9.53703
    566,         5,        33,          0.36,      0.32,       0.4,      0.1125,      0.11,       0.115,     8.31139,       1.26824
    567,         6,        33,          0.44,       0.4,      0.48,      0.1125,      0.11,       0.115,     2.10386,      0.317363
    568,         7,        33,          0.52,      0.48,      0.56,      0.1125,      0.11,       0.115,    0.684962,      0.121598
    569,         8,        33,           0.6,      0.56,      0.64,      0.1125,      0.11,       0.115,    0.333446,     0.0722661
    570,         9,        33,          0.68,      0.64,      0.72,      0.1125,      0.11,       0.115,     0.11356,     0.0298213
    571,        10,        33,          0.76,      0.72,       0.8,      0.1125,      0.11,       0.115,  0.00882145,    0.00515411
    572,        11,        33,          0.84,       0.8,      0.88,      0.1125,      0.11,       0.115,  0.00195002,    0.00195002
    573,        12,        33,          0.92,      0.88,      0.96,      0.1125,      0.11,       0.115,           0,             0
    574,        13,        33,             1,      0.96,      1.04,      0.1125,      0.11,       0.115,           0,             0
    575,        14,        33,          1.08,      1.04,      1.12,      0.1125,      0.11,       0.115,           0,             0
    576,        15,        33,          1.16,      1.12,       1.2,      0.1125,      0.11,       0.115,           0,             0
    579,         1,        34,          0.04,         0,      0.08,      0.1175,     0.115,        0.12,           0,             0
    580,         2,        34,          0.12,      0.08,      0.16,      0.1175,     0.115,        0.12,     484.281,       318.454
    581,         3,        34,           0.2,      0.16,      0.24,      0.1175,     0.115,        0.12,     277.382,       92.7006
    582,         4,        34,          0.28,      0.24,      0.32,      0.1175,     0.115,        0.12,     53.4025,       10.3514
    583,         5,        34,          0.36,      0.32,       0.4,      0.1175,     0.115,        0.12,     6.55656,       1.24549
    584,         6,        34,          0.44,       0.4,      0.48,      0.1175,     0.115,        0.12,     2.46207,      0.429049
    585,         7,        34,          0.52,      0.48,      0.56,      0.1175,     0.115,        0.12,     0.99989,      0.165833
    586,         8,        34,           0.6,      0.56,      0.64,      0.1175,     0.115,        0.12,    0.320985,     0.0688447
    587,         9,        34,          0.68,      0.64,      0.72,      0.1175,     0.115,        0.12,   0.0585675,     0.0223742
    588,        10,        34,          0.76,      0.72,       0.8,      0.1175,     0.115,        0.12,   0.0166886,     0.0082387
    589,        11,        34,          0.84,       0.8,      0.88,      0.1175,     0.115,        0.12,           0,             0
    590,        12,        34,          0.92,      0.88,      0.96,      0.1175,     0.115,        0.12,           0,             0
    591,        13,        34,             1,      0.96,      1.04,      0.1175,     0.115,        0.12,           0,             0
    592,        14,        34,          1.08,      1.04,      1.12,      0.1175,     0.115,        0.12,           0,             0
    593,        15,        34,          1.16,      1.12,       1.2,      0.1175,     0.115,        0.12,           0,             0
    596,         1,        35,          0.04,         0,      0.08,      0.1225,      0.12,       0.125,           0,             0
    597,         2,        35,          0.12,      0.08,      0.16,      0.1225,      0.12,       0.125,           0,             0
    598,         3,        35,           0.2,      0.16,      0.24,      0.1225,      0.12,       0.125,     304.753,       170.036
    599,         4,        35,          0.28,      0.24,      0.32,      0.1225,      0.12,       0.125,     59.6371,       13.0495
    600,         5,        35,          0.36,      0.32,       0.4,      0.1225,      0.12,       0.125,     7.56153,       1.29231
    601,         6,        35,          0.44,       0.4,      0.48,      0.1225,      0.12,       0.125,     1.59241,      0.287917
    602,         7,        35,          0.52,      0.48,      0.56,      0.1225,      0.12,       0.125,      0.6978,      0.155895
    603,         8,        35,           0.6,      0.56,      0.64,      0.1225,      0.12,       0.125,    0.252092,     0.0699011
    604,         9,        35,          0.68,      0.64,      0.72,      0.1225,      0.12,       0.125,   0.0968131,     0.0322167
    605,        10,        35,          0.76,      0.72,       0.8,      0.1225,      0.12,       0.125,   0.0136892,    0.00796312
    606,        11,        35,          0.84,       0.8,      0.88,      0.1225,      0.12,       0.125,  0.00315036,    0.00315036
    607,        12,        35,          0.92,      0.88,      0.96,      0.1225,      0.12,       0.125,           0,             0
    608,        13,        35,             1,      0.96,      1.04,      0.1225,      0.12,       0.125,           0,             0
    609,        14,        35,          1.08,      1.04,      1.12,      0.1225,      0.12,       0.125,           0,             0
    610,        15,        35,          1.16,      1.12,       1.2,      0.1225,      0.12,       0.125,           0,             0
    613,         1,        36,          0.04,         0,      0.08,      0.1275,     0.125,        0.13,           0,             0
    614,         2,        36,          0.12,      0.08,      0.16,      0.1275,     0.125,        0.13,           0,             0
    615,         3,        36,           0.2,      0.16,      0.24,      0.1275,     0.125,        0.13,     236.937,       110.547
    616,         4,        36,          0.28,      0.24,      0.32,      0.1275,     0.125,        0.13,     50.8645,       13.6775
    617,         5,        36,          0.36,      0.32,       0.4,      0.1275,     0.125,        0.13,     9.73788,       1.49833
    618,         6,        36,          0.44,       0.4,      0.48,      0.1275,     0.125,        0.13,     1.93485,      0.334387
    619,         7,        36,          0.52,      0.48,      0.56,      0.1275,     0.125,        0.13,     1.03775,      0.175146
    620,         8,        36,           0.6,      0.56,      0.64,      0.1275,     0.125,        0.13,    0.413521,     0.0864385
    621,         9,        36,          0.68,      0.64,      0.72,      0.1275,     0.125,        0.13,   0.0976591,      0.030513
    622,        10,        36,          0.76,      0.72,       0.8,      0.1275,     0.125,        0.13,           0,             0
    623,        11,        36,          0.84,       0.8,      0.88,      0.1275,     0.125,        0.13,  0.00170667,    0.00170667
    624,        12,        36,          0.92,      0.88,      0.96,      0.1275,     0.125,        0.13,           0,             0
    625,        13,        36,             1,      0.96,      1.04,      0.1275,     0.125,        0.13,           0,             0
    626,        14,        36,          1.08,      1.04,      1.12,      0.1275,     0.125,        0.13,           0,             0
    627,        15,        36,          1.16,      1.12,       1.2,      0.1275,     0.125,        0.13,           0,             0
    630,         1,        37,          0.04,         0,      0.08,      0.1325,      0.13,       0.135,           0,             0
    631,         2,        37,          0.12,      0.08,      0.16,      0.1325,      0.13,       0.135,           0,             0
    632,         3,        37,           0.2,      0.16,      0.24,      0.1325,      0.13,       0.135,     919.867,       333.029
    633,         4,        37,          0.28,      0.24,      0.32,      0.1325,      0.13,       0.135,     79.0597,       17.7199
    634,         5,        37,          0.36,      0.32,       0.4,      0.1325,      0.13,       0.135,     12.7304,       2.13314
    635,         6,        37,          0.44,       0.4,      0.48,      0.1325,      0.13,       0.135,     2.56879,      0.454792
    636,         7,        37,          0.52,      0.48,      0.56,      0.1325,      0.13,       0.135,     1.09802,      0.189356
    637,         8,        37,           0.6,      0.56,      0.64,      0.1325,      0.13,       0.135,    0.457357,     0.0944987
    638,         9,        37,          0.68,      0.64,      0.72,      0.1325,      0.13,       0.135,   0.0698505,     0.0262818
    639,        10,        37,          0.76,      0.72,       0.8,      0.1325,      0.13,       0.135,  0.00244729,    0.00205962
    640,        11,        37,          0.84,       0.8,      0.88,      0.1325,      0.13,       0.135,           0,             0
    641,        12,        37,          0.92,      0.88,      0.96,      0.1325,      0.13,       0.135,           0,             0
    642,        13,        37,             1,      0.96,      1.04,      0.1325,      0.13,       0.135,           0,             0
    643,        14,        37,          1.08,      1.04,      1.12,      0.1325,      0.13,       0.135,           0,             0
    644,        15,        37,          1.16,      1.12,       1.2,      0.1325,      0.13,       0.135,           0,             0
    647,         1,        38,          0.04,         0,      0.08,      0.1375,     0.135,        0.14,           0,             0
    648,         2,        38,          0.12,      0.08,      0.16,      0.1375,     0.135,        0.14,     631.835,       631.835
    649,         3,        38,           0.2,      0.16,      0.24,      0.1375,     0.135,        0.14,     347.695,       151.815
    650,         4,        38,          0.28,      0.24,      0.32,      0.1375,     0.135,        0.14,     83.4289,        26.773
    651,         5,        38,          0.36,      0.32,       0.4,      0.1375,     0.135,        0.14,      12.099,       1.92685
    652,         6,        38,          0.44,       0.4,      0.48,      0.1375,     0.135,        0.14,     3.23041,      0.486099
    653,         7,        38,          0.52,      0.48,      0.56,      0.1375,     0.135,        0.14,    0.667923,      0.136892
    654,         8,        38,           0.6,      0.56,      0.64,      0.1375,     0.135,        0.14,    0.332355,     0.0803305
    655,         9,        38,          0.68,      0.64,      0.72,      0.1375,     0.135,        0.14,   0.0933876,      0.030455
    656,        10,        38,          0.76,      0.72,       0.8,      0.1375,     0.135,        0.14,   0.0235473,     0.0108467
    657,        11,        38,          0.84,       0.8,      0.88,      0.1375,     0.135,        0.14,  0.00231803,    0.00231803
    658,        12,        38,          0.92,      0.88,      0.96,      0.1375,     0.135,        0.14,           0,             0
    659,        13,        38,             1,      0.96,      1.04,      0.1375,     0.135,        0.14,           0,             0
    660,        14,        38,          1.08,      1.04,      1.12,      0.1375,     0.135,        0.14,           0,             0
    661,        15,        38,          1.16,      1.12,       1.2,      0.1375,     0.135,        0.14,           0,             0
    664,         1,        39,          0.04,         0,      0.08,      0.1425,      0.14,       0.145,           0,             0
    665,         2,        39,          0.12,      0.08,      0.16,      0.1425,      0.14,       0.145,           0,             0
    666,         3,        39,           0.2,      0.16,      0.24,      0.1425,      0.14,       0.145,     389.094,       241.948
    667,         4,        39,          0.28,      0.24,      0.32,      0.1425,      0.14,       0.145,     85.3679,       29.8744
    668,         5,        39,          0.36,      0.32,       0.4,      0.1425,      0.14,       0.145,     11.4713,        2.0629
    669,         6,        39,          0.44,       0.4,      0.48,      0.1425,      0.14,       0.145,     3.08201,      0.509536
    670,         7,        39,          0.52,      0.48,      0.56,      0.1425,      0.14,       0.145,    0.901247,      0.174171
    671,         8,        39,           0.6,      0.56,      0.64,      0.1425,      0.14,       0.145,    0.391303,      0.092811
    672,         9,        39,          0.68,      0.64,      0.72,      0.1425,      0.14,       0.145,   0.0696094,     0.0260723
    673,        10,        39,          0.76,      0.72,       0.8,      0.1425,      0.14,       0.145,   0.0133003,    0.00793184
    674,        11,        39,          0.84,       0.8,      0.88,      0.1425,      0.14,       0.145,           0,             0
    675,        12,        39,          0.92,      0.88,      0.96,      0.1425,      0.14,       0.145, 0.000935472,   0.000935472
    676,        13,        39,             1,      0.96,      1.04,      0.1425,      0.14,       0.145,           0,             0
    677,        14,        39,          1.08,      1.04,      1.12,      0.1425,      0.14,       0.145,           0,             0
    678,        15,        39,          1.16,      1.12,       1.2,      0.1425,      0.14,       0.145,           0,             0
    681,         1,        40,          0.04,         0,      0.08,      0.1475,     0.145,        0.15,           0,             0
    682,         2,        40,          0.12,      0.08,      0.16,      0.1475,     0.145,        0.15,     257.181,       257.181
    683,         3,        40,           0.2,      0.16,      0.24,      0.1475,     0.145,        0.15,     441.407,       266.177
    684,         4,        40,          0.28,      0.24,      0.32,      0.1475,     0.145,        0.15,     86.5104,         29.74
    685,         5,        40,          0.36,      0.32,       0.4,      0.1475,     0.145,        0.15,     11.9684,       2.22785
    686,         6,        40,          0.44,       0.4,      0.48,      0.1475,     0.145,        0.15,     2.80745,      0.461773
    687,         7,        40,          0.52,      0.48,      0.56,      0.1475,     0.145,        0.15,     1.27479,       0.19977
    688,         8,        40,           0.6,      0.56,      0.64,      0.1475,     0.145,        0.15,    0.404691,      0.100253
    689,         9,        40,          0.68,      0.64,      0.72,      0.1475,     0.145,        0.15,     0.10345,     0.0322265
    690,        10,        40,          0.76,      0.72,       0.8,      0.1475,     0.145,        0.15,   0.0334283,     0.0152926
    691,        11,        40,          0.84,       0.8,      0.88,      0.1475,     0.145,        0.15,           0,             0
    692,        12,        40,          0.92,      0.88,      0.96,      0.1475,     0.145,        0.15,           0,             0
    693,        13,        40,             1,      0.96,      1.04,      0.1475,     0.145,        0.15,           0,             0
    694,        14,        40,          1.08,      1.04,      1.12,      0.1475,     0.145,        0.15,           0,             0
    695,        15,        40,          1.16,      1.12,       1.2,      0.1475,     0.145,        0.15,           0,             0
    698,         1,        41,          0.04,         0,      0.08,      0.1525,      0.15,       0.155,           0,             0
    699,         2,        41,          0.12,      0.08,      0.16,      0.1525,      0.15,       0.155,           0,             0
    700,         3,        41,           0.2,      0.16,      0.24,      0.1525,      0.15,       0.155,     230.173,       154.302
    701,         4,        41,          0.28,      0.24,      0.32,      0.1525,      0.15,       0.155,     161.513,       51.7061
    702,         5,        41,          0.36,      0.32,       0.4,      0.1525,      0.15,       0.155,     17.5347,       3.26938
    703,         6,        41,          0.44,       0.4,      0.48,      0.1525,      0.15,       0.155,      3.4101,      0.541144
    704,         7,        41,          0.52,      0.48,      0.56,      0.1525,      0.15,       0.155,     1.09186,      0.214782
    705,         8,        41,           0.6,      0.56,      0.64,      0.1525,      0.15,       0.155,    0.491464,      0.112824
    706,         9,        41,          0.68,      0.64,      0.72,      0.1525,      0.15,       0.155,   0.0847242,     0.0302154
    707,        10,        41,          0.76,      0.72,       0.8,      0.1525,      0.15,       0.155,   0.0275283,     0.0124318
    708,        11,        41,          0.84,       0.8,      0.88,      0.1525,      0.15,       0.155,           0,             0
    709,        12,        41,          0.92,      0.88,      0.96,      0.1525,      0.15,       0.155,           0,             0
    710,        13,        41,             1,      0.96,      1.04,      0.1525,      0.15,       0.155,           0,             0
    711,        14,        41,          1.08,      1.04,      1.12,      0.1525,      0.15,       0.155,           0,             0
    712,        15,        41,          1.16,      1.12,       1.2,      0.1525,      0.15,       0.155,           0,             0
    715,         1,        42,          0.04,         0,      0.08,      0.1575,     0.155,        0.16,           0,             0
    716,         2,        42,          0.12,      0.08,      0.16,      0.1575,     0.155,        0.16,           0,             0
    717,         3,        42,           0.2,      0.16,      0.24,      0.1575,     0.155,        0.16,     278.097,       145.377
    718,         4,        42,          0.28,      0.24,      0.32,      0.1575,     0.155,        0.16,     141.345,       45.5365
    719,         5,        42,          0.36,      0.32,       0.4,      0.1575,     0.155,        0.16,     17.1647,       3.13029
    720,         6,        42,          0.44,       0.4,      0.48,      0.1575,     0.155,        0.16,     4.01269,      0.659977
    721,         7,        42,          0.52,      0.48,      0.56,      0.1575,     0.155,        0.16,     1.38386,      0.237266
    722,         8,        42,           0.6,      0.56,      0.64,      0.1575,     0.155,        0.16,    0.292532,     0.0784549
    723,         9,        42,          0.68,      0.64,      0.72,      0.1575,     0.155,        0.16,   0.0681439,     0.0270469
    724,        10,        42,          0.76,      0.72,       0.8,      0.1575,     0.155,        0.16,   0.0159775,     0.0103758
    725,        11,        42,          0.84,       0.8,      0.88,      0.1575,     0.155,        0.16,  0.00123365,    0.00117976
    726,        12,        42,          0.92,      0.88,      0.96,      0.1575,     0.155,        0.16,           0,             0
    727,        13,        42,             1,      0.96,      1.04,      0.1575,     0.155,        0.16,           0,             0
    728,        14,        42,          1.08,      1.04,      1.12,      0.1575,     0.155,        0.16,           0,             0
    729,        15,        42,          1.16,      1.12,       1.2,      0.1575,     0.155,        0.16,           0,             0
    732,         1,        43,          0.04,         0,      0.08,      0.1625,      0.16,       0.165,           0,             0
    733,         2,        43,          0.12,      0.08,      0.16,      0.1625,      0.16,       0.165,           0,             0
    734,         3,        43,           0.2,      0.16,      0.24,      0.1625,      0.16,       0.165,     858.821,       564.492
    735,         4,        43,          0.28,      0.24,      0.32,      0.1625,      0.16,       0.165,     67.2301,       20.7397
    736,         5,        43,          0.36,      0.32,       0.4,      0.1625,      0.16,       0.165,     26.0823,       5.37572
    737,         6,        43,          0.44,       0.4,      0.48,      0.1625,      0.16,       0.165,     3.99123,      0.717393
    738,         7,        43,          0.52,      0.48,      0.56,      0.1625,      0.16,       0.165,     1.38215,      0.263952
    739,         8,        43,           0.6,      0.56,      0.64,      0.1625,      0.16,       0.165,    0.542293,      0.104879
    740,         9,        43,          0.68,      0.64,      0.72,      0.1625,      0.16,       0.165,   0.0874842,     0.0328703
    741,        10,        43,          0.76,      0.72,       0.8,      0.1625,      0.16,       0.165,   0.0462141,      0.017154
    742,        11,        43,          0.84,       0.8,      0.88,      0.1625,      0.16,       0.165,  0.00268986,    0.00262526
    743,        12,        43,          0.92,      0.88,      0.96,      0.1625,      0.16,       0.165,           0,             0
    744,        13,        43,             1,      0.96,      1.04,      0.1625,      0.16,       0.165,           0,             0
    745,        14,        43,          1.08,      1.04,      1.12,      0.1625,      0.16,       0.165,           0,             0
    746,        15,        43,          1.16,      1.12,       1.2,      0.1625,      0.16,       0.165,           0,             0
    749,         1,        44,          0.04,         0,      0.08,      0.1675,     0.165,        0.17,           0,             0
    750,         2,        44,          0.12,      0.08,      0.16,      0.1675,     0.165,        0.17,           0,             0
    751,         3,        44,           0.2,      0.16,      0.24,      0.1675,     0.165,        0.17,     593.053,       457.932
    752,         4,        44,          0.28,      0.24,      0.32,      0.1675,     0.165,        0.17,     120.684,       33.6345
    753,         5,        44,          0.36,      0.32,       0.4,      0.1675,     0.165,        0.17,     26.4816,       5.95929
    754,         6,        44,          0.44,       0.4,      0.48,      0.1675,     0.165,        0.17,     3.95813,      0.636463
    755,         7,        44,          0.52,      0.48,      0.56,      0.1675,     0.165,        0.17,     1.11234,       0.21747
    756,         8,        44,           0.6,      0.56,      0.64,      0.1675,     0.165,        0.17,    0.312898,      0.085675
    757,         9,        44,          0.68,      0.64,      0.72,      0.1675,     0.165,        0.17,     0.21266,     0.0564386
    758,        10,        44,          0.76,      0.72,       0.8,      0.1675,     0.165,        0.17,   0.0405769,     0.0176994
    759,        11,        44,          0.84,       0.8,      0.88,      0.1675,     0.165,        0.17,           0,             0
    760,        12,        44,          0.92,      0.88,      0.96,      0.1675,     0.165,        0.17,           0,             0
    761,        13,        44,             1,      0.96,      1.04,      0.1675,     0.165,        0.17,           0,             0
    762,        14,        44,          1.08,      1.04,      1.12,      0.1675,     0.165,        0.17,           0,             0
    763,        15,        44,          1.16,      1.12,       1.2,      0.1675,     0.165,        0.17,           0,             0
    766,         1,        45,          0.04,         0,      0.08,      0.1725,      0.17,       0.175,           0,             0
    767,         2,        45,          0.12,      0.08,      0.16,      0.1725,      0.17,       0.175,           0,             0
    768,         3,        45,           0.2,      0.16,      0.24,      0.1725,      0.17,       0.175,      111.93,       98.2684
    769,         4,        45,          0.28,      0.24,      0.32,      0.1725,      0.17,       0.175,     153.774,       58.0689
    770,         5,        45,          0.36,      0.32,       0.4,      0.1725,      0.17,       0.175,     21.0876,       6.83668
    771,         6,        45,          0.44,       0.4,      0.48,      0.1725,      0.17,       0.175,     4.53435,      0.682337
    772,         7,        45,          0.52,      0.48,      0.56,      0.1725,      0.17,       0.175,     1.32357,      0.232901
    773,         8,        45,           0.6,      0.56,      0.64,      0.1725,      0.17,       0.175,     0.47831,      0.112483
    774,         9,        45,          0.68,      0.64,      0.72,      0.1725,      0.17,       0.175,     0.14978,     0.0446371
    775,        10,        45,          0.76,      0.72,       0.8,      0.1725,      0.17,       0.175,     0.02694,     0.0130697
    776,        11,        45,          0.84,       0.8,      0.88,      0.1725,      0.17,       0.175,  0.00126534,    0.00126534
    777,        12,        45,          0.92,      0.88,      0.96,      0.1725,      0.17,       0.175,           0,             0
    778,        13,        45,             1,      0.96,      1.04,      0.1725,      0.17,       0.175,           0,             0
    779,        14,        45,          1.08,      1.04,      1.12,      0.1725,      0.17,       0.175,           0,             0
    780,        15,        45,          1.16,      1.12,       1.2,      0.1725,      0.17,       0.175,           0,             0
    783,         1,        46,          0.04,         0,      0.08,      0.1775,     0.175,        0.18,           0,             0
    784,         2,        46,          0.12,      0.08,      0.16,      0.1775,     0.175,        0.18,           0,             0
    785,         3,        46,           0.2,      0.16,      0.24,      0.1775,     0.175,        0.18,     94.1679,       79.6624
    786,         4,        46,          0.28,      0.24,      0.32,      0.1775,     0.175,        0.18,     377.818,       165.084
    787,         5,        46,          0.36,      0.32,       0.4,      0.1775,     0.175,        0.18,     35.2921,       10.0424
    788,         6,        46,          0.44,       0.4,      0.48,      0.1775,     0.175,        0.18,     3.47973,      0.702666
    789,         7,        46,          0.52,      0.48,      0.56,      0.1775,     0.175,        0.18,     1.70912,      0.297524
    790,         8,        46,           0.6,      0.56,      0.64,      0.1775,     0.175,        0.18,    0.589515,       0.12912
    791,         9,        46,          0.68,      0.64,      0.72,      0.1775,     0.175,        0.18,    0.129909,     0.0396152
    792,        10,        46,          0.76,      0.72,       0.8,      0.1775,     0.175,        0.18,   0.0451776,     0.0170681
    793,        11,        46,          0.84,       0.8,      0.88,      0.1775,     0.175,        0.18,   0.0150069,    0.00677954
    794,        12,        46,          0.92,      0.88,      0.96,      0.1775,     0.175,        0.18,           0,             0
    795,        13,        46,             1,      0.96,      1.04,      0.1775,     0.175,        0.18,           0,             0
    796,        14,        46,          1.08,      1.04,      1.12,      0.1775,     0.175,        0.18,           0,             0
    797,        15,        46,          1.16,      1.12,       1.2,      0.1775,     0.175,        0.18,           0,             0
    800,         1,        47,          0.04,         0,      0.08,      0.1825,      0.18,       0.185,           0,             0
    801,         2,        47,          0.12,      0.08,      0.16,      0.1825,      0.18,       0.185,           0,             0
    802,         3,        47,           0.2,      0.16,      0.24,      0.1825,      0.18,       0.185,     18.8493,       18.8493
    803,         4,        47,          0.28,      0.24,      0.32,      0.1825,      0.18,       0.185,     283.194,       120.335
    804,         5,        47,          0.36,      0.32,       0.4,      0.1825,      0.18,       0.185,     26.2042,       8.54261
    805,         6,        47,          0.44,       0.4,      0.48,      0.1825,      0.18,       0.185,     5.50657,      0.998702
    806,         7,        47,          0.52,      0.48,      0.56,      0.1825,      0.18,       0.185,     1.32567,      0.301804
    807,         8,        47,           0.6,      0.56,      0.64,      0.1825,      0.18,       0.185,    0.577149,      0.120398
    808,         9,        47,          0.68,      0.64,      0.72,      0.1825,      0.18,       0.185,    0.166096,     0.0523702
    809,        10,        47,          0.76,      0.72,       0.8,      0.1825,      0.18,       0.185,   0.0196856,    0.00981072
    810,        11,        47,          0.84,       0.8,      0.88,      0.1825,      0.18,       0.185,  0.00186657,      0.001796
    811,        12,        47,          0.92,      0.88,      0.96,      0.1825,      0.18,       0.185,           0,             0
    812,        13,        47,             1,      0.96,      1.04,      0.1825,      0.18,       0.185,           0,             0
    813,        14,        47,          1.08,      1.04,      1.12,      0.1825,      0.18,       0.185,           0,             0
    814,        15,        47,          1.16,      1.12,       1.2,      0.1825,      0.18,       0.185,           0,             0
    817,         1,        48,          0.04,         0,      0.08,      0.1875,     0.185,        0.19,           0,             0
    818,         2,        48,          0.12,      0.08,      0.16,      0.1875,     0.185,        0.19,           0,             0
    819,         3,        48,           0.2,      0.16,      0.24,      0.1875,     0.185,        0.19,     147.712,       147.712
    820,         4,        48,          0.28,      0.24,      0.32,      0.1875,     0.185,        0.19,     249.138,       125.919
    821,         5,        48,          0.36,      0.32,       0.4,      0.1875,     0.185,        0.19,     51.8814,       14.9538
    822,         6,        48,          0.44,       0.4,      0.48,      0.1875,     0.185,        0.19,     4.83876,      0.879101
    823,         7,        48,          0.52,      0.48,      0.56,      0.1875,     0.185,        0.19,     1.22331,      0.248796
    824,         8,        48,           0.6,      0.56,      0.64,      0.1875,     0.185,        0.19,    0.613275,      0.123492
    825,         9,        48,          0.68,      0.64,      0.72,      0.1875,     0.185,        0.19,    0.149981,     0.0528371
    826,        10,        48,          0.76,      0.72,       0.8,      0.1875,     0.185,        0.19,   0.0611865,     0.0221835
    827,        11,        48,          0.84,       0.8,      0.88,      0.1875,     0.185,        0.19, 0.000187663,   0.000133361
    828,        12,        48,          0.92,      0.88,      0.96,      0.1875,     0.185,        0.19,           0,             0
    829,        13,        48,             1,      0.96,      1.04,      0.1875,     0.185,        0.19,           0,             0
    830,        14,        48,          1.08,      1.04,      1.12,      0.1875,     0.185,        0.19,           0,             0
    831,        15,        48,          1.16,      1.12,       1.2,      0.1875,     0.185,        0.19,           0,             0
    834,         1,        49,          0.04,         0,      0.08,      0.1925,      0.19,       0.195,           0,             0
    835,         2,        49,          0.12,      0.08,      0.16,      0.1925,      0.19,       0.195,           0,             0
    836,         3,        49,           0.2,      0.16,      0.24,      0.1925,      0.19,       0.195,     79.7977,       56.6642
    837,         4,        49,          0.28,      0.24,      0.32,      0.1925,      0.19,       0.195,     160.164,       61.5726
    838,         5,        49,          0.36,      0.32,       0.4,      0.1925,      0.19,       0.195,     32.4293,       11.3446
    839,         6,        49,          0.44,       0.4,      0.48,      0.1925,      0.19,       0.195,     4.69479,       1.04094
    840,         7,        49,          0.52,      0.48,      0.56,      0.1925,      0.19,       0.195,     1.58006,      0.302399
    841,         8,        49,           0.6,      0.56,      0.64,      0.1925,      0.19,       0.195,    0.600096,      0.118557
    842,         9,        49,          0.68,      0.64,      0.72,      0.1925,      0.19,       0.195,    0.253017,     0.0715728
    843,        10,        49,          0.76,      0.72,       0.8,      0.1925,      0.19,       0.195,    0.032918,     0.0157893
    844,        11,        49,          0.84,       0.8,      0.88,      0.1925,      0.19,       0.195,   0.0124388,    0.00731855
    845,        12,        49,          0.92,      0.88,      0.96,      0.1925,      0.19,       0.195,           0,             0
    846,        13,        49,             1,      0.96,      1.04,      0.1925,      0.19,       0.195,           0,             0
    847,        14,        49,          1.08,      1.04,      1.12,      0.1925,      0.19,       0.195,           0,             0
    848,        15,        49,          1.16,      1.12,       1.2,      0.1925,      0.19,       0.195,           0,             0
    851,         1,        50,          0.04,         0,      0.08,      0.1975,     0.195,         0.2,           0,             0
    852,         2,        50,          0.12,      0.08,      0.16,      0.1975,     0.195,         0.2,           0,             0
    853,         3,        50,           0.2,      0.16,      0.24,      0.1975,     0.195,         0.2,           0,             0
    854,         4,        50,          0.28,      0.24,      0.32,      0.1975,     0.195,         0.2,     135.833,        48.707
    855,         5,        50,          0.36,      0.32,       0.4,      0.1975,     0.195,         0.2,     58.5004,       14.5323
    856,         6,        50,          0.44,       0.4,      0.48,      0.1975,     0.195,         0.2,     5.72913,       1.22546
    857,         7,        50,          0.52,      0.48,      0.56,      0.1975,     0.195,         0.2,      1.6321,      0.337196
    858,         8,        50,           0.6,      0.56,      0.64,      0.1975,     0.195,         0.2,    0.546177,      0.141075
    859,         9,        50,          0.68,      0.64,      0.72,      0.1975,     0.195,         0.2,    0.111014,     0.0400441
    860,        10,        50,          0.76,      0.72,       0.8,      0.1975,     0.195,         0.2,   0.0174566,    0.00980595
    861,        11,        50,          0.84,       0.8,      0.88,      0.1975,     0.195,         0.2,   0.0171979,    0.00770343
    862,        12,        50,          0.92,      0.88,      0.96,      0.1975,     0.195,         0.2,   0.0018393,     0.0018393
    863,        13,        50,             1,      0.96,      1.04,      0.1975,     0.195,         0.2,           0,             0
    864,        14,        50,          1.08,      1.04,      1.12,      0.1975,     0.195,         0.2,           0,             0
    865,        15,        50,          1.16,      1.12,       1.2,      0.1975,     0.195,         0.2,           0,             0
