# 1D Histogram Bin Extraction 
#                   
# histogram parameters:  
# title      : Out-of-Plane Angle, $\phi_{pq}$   
# xbins      : 200   
# xlabel     :  out-of-plane angle, $\phi_{pq}$ [deg]   
# xbin_width : 1.900 
# ylabel     :  Counts   
#                   
# header definitions:
# xb:         x-axis bin number 
# x0:         x-axis central bin value 
# xlow:       x-axis low-edge bin value 
# xup:        x-axis up-edge bin value 
# ycont:      bin content (y-axis) 
# ycont_err:  bin content error (y-axis) 
#                                        
xb,x0,xlow,xup,ycont,ycont_err
1,-189.050,-190.000,-188.100,0.000,0.000
2,-187.150,-188.100,-186.200,0.000,0.000
3,-185.250,-186.200,-184.300,0.000,0.000
4,-183.350,-184.300,-182.400,0.000,0.000
5,-181.450,-182.400,-180.500,0.000,0.000
6,-179.550,-180.500,-178.600,8.682,0.451
7,-177.650,-178.600,-176.700,11.818,0.536
8,-175.750,-176.700,-174.800,12.160,0.541
9,-173.850,-174.800,-172.900,11.133,0.509
10,-171.950,-172.900,-171.000,10.578,0.477
11,-170.050,-171.000,-169.100,11.853,0.519
12,-168.150,-169.100,-167.200,12.140,0.539
13,-166.250,-167.200,-165.300,10.875,0.502
14,-164.350,-165.300,-163.400,10.782,0.504
15,-162.450,-163.400,-161.500,11.470,0.553
16,-160.550,-161.500,-159.600,11.203,0.514
17,-158.650,-159.600,-157.700,10.754,0.456
18,-156.750,-157.700,-155.800,10.930,0.445
19,-154.850,-155.800,-153.900,11.616,0.495
20,-152.950,-153.900,-152.000,9.450,0.395
21,-151.050,-152.000,-150.100,9.842,0.412
22,-149.150,-150.100,-148.200,9.482,0.406
23,-147.250,-148.200,-146.300,9.835,0.425
24,-145.350,-146.300,-144.400,9.891,0.401
25,-143.450,-144.400,-142.500,9.421,0.364
26,-141.550,-142.500,-140.600,8.554,0.342
27,-139.650,-140.600,-138.700,8.294,0.329
28,-137.750,-138.700,-136.800,7.793,0.287
29,-135.850,-136.800,-134.900,7.544,0.296
30,-133.950,-134.900,-133.000,7.425,0.252
31,-132.050,-133.000,-131.100,6.866,0.252
32,-130.150,-131.100,-129.200,6.725,0.233
33,-128.250,-129.200,-127.300,6.613,0.238
34,-126.350,-127.300,-125.400,6.509,0.231
35,-124.450,-125.400,-123.500,6.138,0.225
36,-122.550,-123.500,-121.600,5.681,0.200
37,-120.650,-121.600,-119.700,5.126,0.189
38,-118.750,-119.700,-117.800,4.704,0.176
39,-116.850,-117.800,-115.900,4.546,0.166
40,-114.950,-115.900,-114.000,4.090,0.148
41,-113.050,-114.000,-112.100,3.752,0.152
42,-111.150,-112.100,-110.200,3.378,0.150
43,-109.250,-110.200,-108.300,3.116,0.144
44,-107.350,-108.300,-106.400,2.733,0.127
45,-105.450,-106.400,-104.500,2.549,0.107
46,-103.550,-104.500,-102.600,2.108,0.101
47,-101.650,-102.600,-100.700,1.904,0.101
48,-99.750,-100.700,-98.800,1.552,0.073
49,-97.850,-98.800,-96.900,1.526,0.081
50,-95.950,-96.900,-95.000,1.423,0.088
51,-94.050,-95.000,-93.100,1.061,0.069
52,-92.150,-93.100,-91.200,0.899,0.068
53,-90.250,-91.200,-89.300,0.819,0.061
54,-88.350,-89.300,-87.400,0.604,0.046
55,-86.450,-87.400,-85.500,0.582,0.055
56,-84.550,-85.500,-83.600,0.447,0.053
57,-82.650,-83.600,-81.700,0.416,0.055
58,-80.750,-81.700,-79.800,0.360,0.046
59,-78.850,-79.800,-77.900,0.293,0.048
60,-76.950,-77.900,-76.000,0.220,0.030
61,-75.050,-76.000,-74.100,0.184,0.040
62,-73.150,-74.100,-72.200,0.164,0.034
63,-71.250,-72.200,-70.300,0.132,0.025
64,-69.350,-70.300,-68.400,0.088,0.021
65,-67.450,-68.400,-66.500,0.110,0.025
66,-65.550,-66.500,-64.600,0.084,0.020
67,-63.650,-64.600,-62.700,0.116,0.029
68,-61.750,-62.700,-60.800,0.080,0.020
69,-59.850,-60.800,-58.900,0.089,0.027
70,-57.950,-58.900,-57.000,0.056,0.015
71,-56.050,-57.000,-55.100,0.064,0.018
72,-54.150,-55.100,-53.200,0.052,0.018
73,-52.250,-53.200,-51.300,0.079,0.021
74,-50.350,-51.300,-49.400,0.040,0.013
75,-48.450,-49.400,-47.500,0.060,0.020
76,-46.550,-47.500,-45.600,0.030,0.010
77,-44.650,-45.600,-43.700,0.086,0.042
78,-42.750,-43.700,-41.800,0.029,0.010
79,-40.850,-41.800,-39.900,0.041,0.014
80,-38.950,-39.900,-38.000,0.017,0.008
81,-37.050,-38.000,-36.100,0.047,0.019
82,-35.150,-36.100,-34.200,0.048,0.031
83,-33.250,-34.200,-32.300,0.026,0.010
84,-31.350,-32.300,-30.400,0.050,0.026
85,-29.450,-30.400,-28.500,0.027,0.014
86,-27.550,-28.500,-26.600,0.021,0.011
87,-25.650,-26.600,-24.700,0.028,0.019
88,-23.750,-24.700,-22.800,0.021,0.008
89,-21.850,-22.800,-20.900,0.017,0.009
90,-19.950,-20.900,-19.000,0.010,0.004
91,-18.050,-19.000,-17.100,0.029,0.011
92,-16.150,-17.100,-15.200,0.047,0.026
93,-14.250,-15.200,-13.300,0.018,0.011
94,-12.350,-13.300,-11.400,0.008,0.004
95,-10.450,-11.400,-9.500,0.045,0.023
96,-8.550,-9.500,-7.600,0.026,0.014
97,-6.650,-7.600,-5.700,0.015,0.005
98,-4.750,-5.700,-3.800,0.033,0.013
99,-2.850,-3.800,-1.900,0.012,0.008
100,-0.950,-1.900,0.000,0.029,0.016
101,0.950,0.000,1.900,0.021,0.012
102,2.850,1.900,3.800,0.040,0.022
103,4.750,3.800,5.700,0.032,0.022
104,6.650,5.700,7.600,0.017,0.009
105,8.550,7.600,9.500,0.007,0.002
106,10.450,9.500,11.400,0.009,0.003
107,12.350,11.400,13.300,0.028,0.013
108,14.250,13.300,15.200,0.029,0.012
109,16.150,15.200,17.100,0.012,0.005
110,18.050,17.100,19.000,0.005,0.002
111,19.950,19.000,20.900,0.033,0.014
112,21.850,20.900,22.800,0.039,0.024
113,23.750,22.800,24.700,0.020,0.008
114,25.650,24.700,26.600,0.012,0.005
115,27.550,26.600,28.500,0.010,0.006
116,29.450,28.500,30.400,0.012,0.006
117,31.350,30.400,32.300,0.035,0.019
118,33.250,32.300,34.200,0.009,0.003
119,35.150,34.200,36.100,0.043,0.020
120,37.050,36.100,38.000,0.027,0.013
121,38.950,38.000,39.900,0.034,0.013
122,40.850,39.900,41.800,0.012,0.003
123,42.750,41.800,43.700,0.054,0.019
124,44.650,43.700,45.600,0.030,0.009
125,46.550,45.600,47.500,0.048,0.017
126,48.450,47.500,49.400,0.026,0.010
127,50.350,49.400,51.300,0.036,0.017
128,52.250,51.300,53.200,0.051,0.025
129,54.150,53.200,55.100,0.096,0.033
130,56.050,55.100,57.000,0.067,0.028
131,57.950,57.000,58.900,0.058,0.014
132,59.850,58.900,60.800,0.082,0.026
133,61.750,60.800,62.700,0.052,0.010
134,63.650,62.700,64.600,0.092,0.021
135,65.550,64.600,66.500,0.104,0.023
136,67.450,66.500,68.400,0.157,0.033
137,69.350,68.400,70.300,0.121,0.030
138,71.250,70.300,72.200,0.105,0.026
139,73.150,72.200,74.100,0.169,0.030
140,75.050,74.100,76.000,0.153,0.033
141,76.950,76.000,77.900,0.204,0.033
142,78.850,77.900,79.800,0.321,0.045
143,80.750,79.800,81.700,0.336,0.053
144,82.650,81.700,83.600,0.367,0.052
145,84.550,83.600,85.500,0.471,0.054
146,86.450,85.500,87.400,0.655,0.063
147,88.350,87.400,89.300,0.623,0.055
148,90.250,89.300,91.200,0.737,0.057
149,92.150,91.200,93.100,0.893,0.075
150,94.050,93.100,95.000,1.140,0.080
151,95.950,95.000,96.900,1.221,0.066
152,97.850,96.900,98.800,1.506,0.081
153,99.750,98.800,100.700,1.788,0.092
154,101.650,100.700,102.600,2.184,0.100
155,103.550,102.600,104.500,2.294,0.111
156,105.450,104.500,106.400,2.458,0.108
157,107.350,106.400,108.300,2.610,0.115
158,109.250,108.300,110.200,3.059,0.129
159,111.150,110.200,112.100,3.030,0.107
160,113.050,112.100,114.000,3.791,0.148
161,114.950,114.000,115.900,4.215,0.172
162,116.850,115.900,117.800,4.527,0.169
163,118.750,117.800,119.700,4.861,0.178
164,120.650,119.700,121.600,5.073,0.190
165,122.550,121.600,123.500,5.532,0.202
166,124.450,123.500,125.400,6.241,0.237
167,126.350,125.400,127.300,6.287,0.222
168,128.250,127.300,129.200,6.735,0.245
169,130.150,129.200,131.100,7.456,0.306
170,132.050,131.100,133.000,7.463,0.278
171,133.950,133.000,134.900,7.678,0.294
172,135.850,134.900,136.800,8.205,0.317
173,137.750,136.800,138.700,7.962,0.293
174,139.650,138.700,140.600,8.169,0.299
175,141.550,140.600,142.500,8.628,0.327
176,143.450,142.500,144.400,8.455,0.369
177,145.350,144.400,146.300,9.210,0.368
178,147.250,146.300,148.200,9.111,0.385
179,149.150,148.200,150.100,9.235,0.378
180,151.050,150.100,152.000,10.288,0.454
181,152.950,152.000,153.900,9.596,0.387
182,154.850,153.900,155.800,10.003,0.448
183,156.750,155.800,157.700,11.129,0.473
184,158.650,157.700,159.600,10.981,0.474
185,160.550,159.600,161.500,11.615,0.510
186,162.450,161.500,163.400,11.949,0.555
187,164.350,163.400,165.300,11.974,0.497
188,166.250,165.300,167.200,11.915,0.530
189,168.150,167.200,169.100,12.399,0.576
190,170.050,169.100,171.000,11.493,0.513
191,171.950,171.000,172.900,11.290,0.511
192,173.850,172.900,174.800,12.227,0.558
193,175.750,174.800,176.700,12.171,0.549
194,177.650,176.700,178.600,12.246,0.554
195,179.550,178.600,180.500,9.123,0.492
196,181.450,180.500,182.400,0.000,0.000
197,183.350,182.400,184.300,0.000,0.000
198,185.250,184.300,186.200,0.000,0.000
199,187.150,186.200,188.100,0.000,0.000
200,189.050,188.100,190.000,0.000,0.000
