# 2D Histogram Bin Extraction 
#                   
# histogram parameters:  
# title      : Em_nuc vs. Pm 
# ybins      : 50 
# ylabel     :  
# xbins      : 15 
# xlabel     :  
# ybin_width : 0.005 
# xbin_width : 0.080 
#                   
# header definitions:
# ib:         (x,y)  bin number 
# xb:         x-axis bin number 
# yb:         y-axis bin number 
# x0:         x-axis central bin value 
# xlow:       x-axis low-edge bin value 
# xup:        x-axis up-edge bin value 
# y0:         y-axis central bin value 
# ylow:       y-axis low-edge bin value 
# yup:        y-axis up-edge bin value 
# zcont:      bin content (z-axis) 
# zcont_err:  bin content error (z-axis) 
#                                        
ib,xb,yb,x0,xlow,xup,y0,ylow,yup,zcont,zcont_err
     18,         1,         1,          0.04,         0,      0.08,     -0.0475,     -0.05,      -0.045,           0,             0
     19,         2,         1,          0.12,      0.08,      0.16,     -0.0475,     -0.05,      -0.045,           0,             0
     20,         3,         1,           0.2,      0.16,      0.24,     -0.0475,     -0.05,      -0.045,           0,             0
     21,         4,         1,          0.28,      0.24,      0.32,     -0.0475,     -0.05,      -0.045,           0,             0
     22,         5,         1,          0.36,      0.32,       0.4,     -0.0475,     -0.05,      -0.045,  0.00218435,    0.00218435
     23,         6,         1,          0.44,       0.4,      0.48,     -0.0475,     -0.05,      -0.045,     0.72782,       0.29115
     24,         7,         1,          0.52,      0.48,      0.56,     -0.0475,     -0.05,      -0.045,     1.20143,      0.467469
     25,         8,         1,           0.6,      0.56,      0.64,     -0.0475,     -0.05,      -0.045,   0.0690671,     0.0204714
     26,         9,         1,          0.68,      0.64,      0.72,     -0.0475,     -0.05,      -0.045,   0.0170206,    0.00352462
     27,        10,         1,          0.76,      0.72,       0.8,     -0.0475,     -0.05,      -0.045,  0.00751685,    0.00150029
     28,        11,         1,          0.84,       0.8,      0.88,     -0.0475,     -0.05,      -0.045,  0.00233231,   0.000514905
     29,        12,         1,          0.92,      0.88,      0.96,     -0.0475,     -0.05,      -0.045,  0.00274377,     0.0015321
     30,        13,         1,             1,      0.96,      1.04,     -0.0475,     -0.05,      -0.045,    0.011292,     0.0054776
     31,        14,         1,          1.08,      1.04,      1.12,     -0.0475,     -0.05,      -0.045,   0.0169112,     0.0112827
     32,        15,         1,          1.16,      1.12,       1.2,     -0.0475,     -0.05,      -0.045,  0.00232397,    0.00163215
     35,         1,         2,          0.04,         0,      0.08,     -0.0425,    -0.045,       -0.04,           0,             0
     36,         2,         2,          0.12,      0.08,      0.16,     -0.0425,    -0.045,       -0.04,           0,             0
     37,         3,         2,           0.2,      0.16,      0.24,     -0.0425,    -0.045,       -0.04,           0,             0
     38,         4,         2,          0.28,      0.24,      0.32,     -0.0425,    -0.045,       -0.04,           0,             0
     39,         5,         2,          0.36,      0.32,       0.4,     -0.0425,    -0.045,       -0.04,   0.0143005,     0.0143005
     40,         6,         2,          0.44,       0.4,      0.48,     -0.0425,    -0.045,       -0.04,    0.436673,      0.263791
     41,         7,         2,          0.52,      0.48,      0.56,     -0.0425,    -0.045,       -0.04,    0.387042,      0.119882
     42,         8,         2,           0.6,      0.56,      0.64,     -0.0425,    -0.045,       -0.04,     0.12185,     0.0311459
     43,         9,         2,          0.68,      0.64,      0.72,     -0.0425,    -0.045,       -0.04,   0.0296059,     0.0091861
     44,        10,         2,          0.76,      0.72,       0.8,     -0.0425,    -0.045,       -0.04,   0.0106616,    0.00309937
     45,        11,         2,          0.84,       0.8,      0.88,     -0.0425,    -0.045,       -0.04,  0.00191216,   0.000464631
     46,        12,         2,          0.92,      0.88,      0.96,     -0.0425,    -0.045,       -0.04,  0.00459202,    0.00264381
     47,        13,         2,             1,      0.96,      1.04,     -0.0425,    -0.045,       -0.04,  0.00391376,    0.00165732
     48,        14,         2,          1.08,      1.04,      1.12,     -0.0425,    -0.045,       -0.04,   0.0183682,    0.00991344
     49,        15,         2,          1.16,      1.12,       1.2,     -0.0425,    -0.045,       -0.04,   0.0810504,     0.0803912
     52,         1,         3,          0.04,         0,      0.08,     -0.0375,     -0.04,      -0.035,           0,             0
     53,         2,         3,          0.12,      0.08,      0.16,     -0.0375,     -0.04,      -0.035,           0,             0
     54,         3,         3,           0.2,      0.16,      0.24,     -0.0375,     -0.04,      -0.035,           0,             0
     55,         4,         3,          0.28,      0.24,      0.32,     -0.0375,     -0.04,      -0.035,           0,             0
     56,         5,         3,          0.36,      0.32,       0.4,     -0.0375,     -0.04,      -0.035,  0.00886835,    0.00631724
     57,         6,         3,          0.44,       0.4,      0.48,     -0.0375,     -0.04,      -0.035,     1.27053,      0.483975
     58,         7,         3,          0.52,      0.48,      0.56,     -0.0375,     -0.04,      -0.035,    0.928674,      0.315205
     59,         8,         3,           0.6,      0.56,      0.64,     -0.0375,     -0.04,      -0.035,    0.124763,      0.029543
     60,         9,         3,          0.68,      0.64,      0.72,     -0.0375,     -0.04,      -0.035,   0.0274222,    0.00528697
     61,        10,         3,          0.76,      0.72,       0.8,     -0.0375,     -0.04,      -0.035,   0.0106109,    0.00249494
     62,        11,         3,          0.84,       0.8,      0.88,     -0.0375,     -0.04,      -0.035,  0.00486985,    0.00130685
     63,        12,         3,          0.92,      0.88,      0.96,     -0.0375,     -0.04,      -0.035,   0.0020756,   0.000774778
     64,        13,         3,             1,      0.96,      1.04,     -0.0375,     -0.04,      -0.035,   0.0081821,     0.0038976
     65,        14,         3,          1.08,      1.04,      1.12,     -0.0375,     -0.04,      -0.035,   0.0122389,    0.00713611
     66,        15,         3,          1.16,      1.12,       1.2,     -0.0375,     -0.04,      -0.035,   0.0041641,    0.00339992
     69,         1,         4,          0.04,         0,      0.08,     -0.0325,    -0.035,       -0.03,           0,             0
     70,         2,         4,          0.12,      0.08,      0.16,     -0.0325,    -0.035,       -0.03,           0,             0
     71,         3,         4,           0.2,      0.16,      0.24,     -0.0325,    -0.035,       -0.03,           0,             0
     72,         4,         4,          0.28,      0.24,      0.32,     -0.0325,    -0.035,       -0.03,   0.0245352,     0.0173536
     73,         5,         4,          0.36,      0.32,       0.4,     -0.0325,    -0.035,       -0.03,    0.314759,      0.187851
     74,         6,         4,          0.44,       0.4,      0.48,     -0.0325,    -0.035,       -0.03,     1.40891,      0.536776
     75,         7,         4,          0.52,      0.48,      0.56,     -0.0325,    -0.035,       -0.03,     1.10006,      0.415715
     76,         8,         4,           0.6,      0.56,      0.64,     -0.0325,    -0.035,       -0.03,    0.123493,     0.0266114
     77,         9,         4,          0.68,      0.64,      0.72,     -0.0325,    -0.035,       -0.03,   0.0342049,    0.00668521
     78,        10,         4,          0.76,      0.72,       0.8,     -0.0325,    -0.035,       -0.03,   0.0125977,    0.00216127
     79,        11,         4,          0.84,       0.8,      0.88,     -0.0325,    -0.035,       -0.03,  0.00275591,   0.000475861
     80,        12,         4,          0.92,      0.88,      0.96,     -0.0325,    -0.035,       -0.03,  0.00457977,    0.00257268
     81,        13,         4,             1,      0.96,      1.04,     -0.0325,    -0.035,       -0.03,    0.007332,    0.00309146
     82,        14,         4,          1.08,      1.04,      1.12,     -0.0325,    -0.035,       -0.03,   0.0246342,     0.0202836
     83,        15,         4,          1.16,      1.12,       1.2,     -0.0325,    -0.035,       -0.03,  0.00485002,    0.00419289
     86,         1,         5,          0.04,         0,      0.08,     -0.0275,     -0.03,      -0.025,           0,             0
     87,         2,         5,          0.12,      0.08,      0.16,     -0.0275,     -0.03,      -0.025,           0,             0
     88,         3,         5,           0.2,      0.16,      0.24,     -0.0275,     -0.03,      -0.025,   0.0279378,     0.0279378
     89,         4,         5,          0.28,      0.24,      0.32,     -0.0275,     -0.03,      -0.025,   0.0155402,     0.0155402
     90,         5,         5,          0.36,      0.32,       0.4,     -0.0275,     -0.03,      -0.025,    0.816734,      0.382834
     91,         6,         5,          0.44,       0.4,      0.48,     -0.0275,     -0.03,      -0.025,     1.22265,      0.328648
     92,         7,         5,          0.52,      0.48,      0.56,     -0.0275,     -0.03,      -0.025,    0.786077,      0.236032
     93,         8,         5,           0.6,      0.56,      0.64,     -0.0275,     -0.03,      -0.025,    0.178069,     0.0378628
     94,         9,         5,          0.68,      0.64,      0.72,     -0.0275,     -0.03,      -0.025,   0.0496479,    0.00958401
     95,        10,         5,          0.76,      0.72,       0.8,     -0.0275,     -0.03,      -0.025,     0.01432,    0.00175422
     96,        11,         5,          0.84,       0.8,      0.88,     -0.0275,     -0.03,      -0.025,   0.0051662,     0.0012967
     97,        12,         5,          0.92,      0.88,      0.96,     -0.0275,     -0.03,      -0.025,   0.0163373,     0.0109415
     98,        13,         5,             1,      0.96,      1.04,     -0.0275,     -0.03,      -0.025,  0.00821374,    0.00303724
     99,        14,         5,          1.08,      1.04,      1.12,     -0.0275,     -0.03,      -0.025,  0.00275851,    0.00126552
    100,        15,         5,          1.16,      1.12,       1.2,     -0.0275,     -0.03,      -0.025, 6.33484e-05,   4.47974e-05
    103,         1,         6,          0.04,         0,      0.08,     -0.0225,    -0.025,       -0.02,           0,             0
    104,         2,         6,          0.12,      0.08,      0.16,     -0.0225,    -0.025,       -0.02,           0,             0
    105,         3,         6,           0.2,      0.16,      0.24,     -0.0225,    -0.025,       -0.02,           0,             0
    106,         4,         6,          0.28,      0.24,      0.32,     -0.0225,    -0.025,       -0.02,    0.157888,     0.0590976
    107,         5,         6,          0.36,      0.32,       0.4,     -0.0225,    -0.025,       -0.02,    0.825895,      0.324578
    108,         6,         6,          0.44,       0.4,      0.48,     -0.0225,    -0.025,       -0.02,     1.64337,      0.429325
    109,         7,         6,          0.52,      0.48,      0.56,     -0.0225,    -0.025,       -0.02,    0.578615,      0.125139
    110,         8,         6,           0.6,      0.56,      0.64,     -0.0225,    -0.025,       -0.02,    0.139671,     0.0165541
    111,         9,         6,          0.68,      0.64,      0.72,     -0.0225,    -0.025,       -0.02,   0.0724797,     0.0110579
    112,        10,         6,          0.76,      0.72,       0.8,     -0.0225,    -0.025,       -0.02,   0.0228432,    0.00300871
    113,        11,         6,          0.84,       0.8,      0.88,     -0.0225,    -0.025,       -0.02,  0.00599776,    0.00132106
    114,        12,         6,          0.92,      0.88,      0.96,     -0.0225,    -0.025,       -0.02,   0.0135133,     0.0114764
    115,        13,         6,             1,      0.96,      1.04,     -0.0225,    -0.025,       -0.02,   0.0273152,     0.0143449
    116,        14,         6,          1.08,      1.04,      1.12,     -0.0225,    -0.025,       -0.02,   0.0248978,     0.0139306
    117,        15,         6,          1.16,      1.12,       1.2,     -0.0225,    -0.025,       -0.02,  0.00358519,     0.0023565
    120,         1,         7,          0.04,         0,      0.08,     -0.0175,     -0.02,      -0.015,           0,             0
    121,         2,         7,          0.12,      0.08,      0.16,     -0.0175,     -0.02,      -0.015,    0.186481,      0.186481
    122,         3,         7,           0.2,      0.16,      0.24,     -0.0175,     -0.02,      -0.015,    0.268063,      0.123845
    123,         4,         7,          0.28,      0.24,      0.32,     -0.0175,     -0.02,      -0.015,    0.362286,     0.0718386
    124,         5,         7,          0.36,      0.32,       0.4,     -0.0175,     -0.02,      -0.015,     1.09745,      0.261908
    125,         6,         7,          0.44,       0.4,      0.48,     -0.0175,     -0.02,      -0.015,     3.53273,       1.02169
    126,         7,         7,          0.52,      0.48,      0.56,     -0.0175,     -0.02,      -0.015,     1.06191,      0.215122
    127,         8,         7,           0.6,      0.56,      0.64,     -0.0175,     -0.02,      -0.015,    0.274089,     0.0294061
    128,         9,         7,          0.68,      0.64,      0.72,     -0.0175,     -0.02,      -0.015,    0.116943,     0.0117656
    129,        10,         7,          0.76,      0.72,       0.8,     -0.0175,     -0.02,      -0.015,   0.0335295,    0.00489369
    130,        11,         7,          0.84,       0.8,      0.88,     -0.0175,     -0.02,      -0.015,  0.00722687,    0.00156743
    131,        12,         7,          0.92,      0.88,      0.96,     -0.0175,     -0.02,      -0.015,  0.00594026,    0.00324232
    132,        13,         7,             1,      0.96,      1.04,     -0.0175,     -0.02,      -0.015,   0.0322659,     0.0239209
    133,        14,         7,          1.08,      1.04,      1.12,     -0.0175,     -0.02,      -0.015,  0.00559314,    0.00250457
    134,        15,         7,          1.16,      1.12,       1.2,     -0.0175,     -0.02,      -0.015,  2.9212e-05,    2.9212e-05
    137,         1,         8,          0.04,         0,      0.08,     -0.0125,    -0.015,       -0.01,           0,             0
    138,         2,         8,          0.12,      0.08,      0.16,     -0.0125,    -0.015,       -0.01,     1.88172,      0.839549
    139,         3,         8,           0.2,      0.16,      0.24,     -0.0125,    -0.015,       -0.01,     3.34457,      0.502454
    140,         4,         8,          0.28,      0.24,      0.32,     -0.0125,    -0.015,       -0.01,     2.14973,       0.16932
    141,         5,         8,          0.36,      0.32,       0.4,     -0.0125,    -0.015,       -0.01,     2.16642,      0.257784
    142,         6,         8,          0.44,       0.4,      0.48,     -0.0125,    -0.015,       -0.01,      2.8739,      0.485871
    143,         7,         8,          0.52,      0.48,      0.56,     -0.0125,    -0.015,       -0.01,     1.91843,      0.299036
    144,         8,         8,           0.6,      0.56,      0.64,     -0.0125,    -0.015,       -0.01,    0.568988,     0.0267027
    145,         9,         8,          0.68,      0.64,      0.72,     -0.0125,    -0.015,       -0.01,    0.270749,     0.0499372
    146,        10,         8,          0.76,      0.72,       0.8,     -0.0125,    -0.015,       -0.01,   0.0509101,    0.00321418
    147,        11,         8,          0.84,       0.8,      0.88,     -0.0125,    -0.015,       -0.01,   0.0199402,    0.00470479
    148,        12,         8,          0.92,      0.88,      0.96,     -0.0125,    -0.015,       -0.01,   0.0199867,    0.00779676
    149,        13,         8,             1,      0.96,      1.04,     -0.0125,    -0.015,       -0.01,  0.00651721,    0.00246229
    150,        14,         8,          1.08,      1.04,      1.12,     -0.0125,    -0.015,       -0.01,  0.00687325,    0.00497603
    151,        15,         8,          1.16,      1.12,       1.2,     -0.0125,    -0.015,       -0.01,  0.00313542,    0.00162171
    154,         1,         9,          0.04,         0,      0.08,     -0.0075,     -0.01,      -0.005,           0,             0
    155,         2,         9,          0.12,      0.08,      0.16,     -0.0075,     -0.01,      -0.005,     23.5781,       3.32897
    156,         3,         9,           0.2,      0.16,      0.24,     -0.0075,     -0.01,      -0.005,     28.6394,       1.55531
    157,         4,         9,          0.28,      0.24,      0.32,     -0.0075,     -0.01,      -0.005,     11.7303,      0.377978
    158,         5,         9,          0.36,      0.32,       0.4,     -0.0075,     -0.01,      -0.005,     7.65589,       0.50163
    159,         6,         9,          0.44,       0.4,      0.48,     -0.0075,     -0.01,      -0.005,     6.42258,      0.590088
    160,         7,         9,          0.52,      0.48,      0.56,     -0.0075,     -0.01,      -0.005,     3.66191,      0.398597
    161,         8,         9,           0.6,      0.56,      0.64,     -0.0075,     -0.01,      -0.005,     1.25075,     0.0618332
    162,         9,         9,          0.68,      0.64,      0.72,     -0.0075,     -0.01,      -0.005,    0.397218,     0.0186552
    163,        10,         9,          0.76,      0.72,       0.8,     -0.0075,     -0.01,      -0.005,   0.0951214,    0.00500913
    164,        11,         9,          0.84,       0.8,      0.88,     -0.0075,     -0.01,      -0.005,   0.0200252,    0.00516325
    165,        12,         9,          0.92,      0.88,      0.96,     -0.0075,     -0.01,      -0.005,   0.0232945,     0.0101755
    166,        13,         9,             1,      0.96,      1.04,     -0.0075,     -0.01,      -0.005,   0.0253421,     0.0129526
    167,        14,         9,          1.08,      1.04,      1.12,     -0.0075,     -0.01,      -0.005,  0.00984607,    0.00673314
    168,        15,         9,          1.16,      1.12,       1.2,     -0.0075,     -0.01,      -0.005, 0.000330157,   0.000244019
    171,         1,        10,          0.04,         0,      0.08,     -0.0025,    -0.005,           0,           0,             0
    172,         2,        10,          0.12,      0.08,      0.16,     -0.0025,    -0.005,           0,     82.6785,       5.96032
    173,         3,        10,           0.2,      0.16,      0.24,     -0.0025,    -0.005,           0,     153.979,       3.69196
    174,         4,        10,          0.28,      0.24,      0.32,     -0.0025,    -0.005,           0,     54.3669,      0.789033
    175,         5,        10,          0.36,      0.32,       0.4,     -0.0025,    -0.005,           0,       24.62,      0.659961
    176,         6,        10,          0.44,       0.4,      0.48,     -0.0025,    -0.005,           0,      13.317,      0.370765
    177,         7,        10,          0.52,      0.48,      0.56,     -0.0025,    -0.005,           0,     5.88273,      0.204976
    178,         8,        10,           0.6,      0.56,      0.64,     -0.0025,    -0.005,           0,     2.06935,     0.0410038
    179,         9,        10,          0.68,      0.64,      0.72,     -0.0025,    -0.005,           0,    0.688477,     0.0181431
    180,        10,        10,          0.76,      0.72,       0.8,     -0.0025,    -0.005,           0,    0.171244,    0.00659552
    181,        11,        10,          0.84,       0.8,      0.88,     -0.0025,    -0.005,           0,    0.026936,    0.00330078
    182,        12,        10,          0.92,      0.88,      0.96,     -0.0025,    -0.005,           0,    0.026734,     0.0182745
    183,        13,        10,             1,      0.96,      1.04,     -0.0025,    -0.005,           0,    0.028615,     0.0190953
    184,        14,        10,          1.08,      1.04,      1.12,     -0.0025,    -0.005,           0,  0.00262999,    0.00151517
    185,        15,        10,          1.16,      1.12,       1.2,     -0.0025,    -0.005,           0, 0.000106307,   8.10498e-05
    188,         1,        11,          0.04,         0,      0.08,      0.0025,         0,       0.005,           0,             0
    189,         2,        11,          0.12,      0.08,      0.16,      0.0025,         0,       0.005,     189.923,        9.2606
    190,         3,        11,           0.2,      0.16,      0.24,      0.0025,         0,       0.005,     443.706,       6.50446
    191,         4,        11,          0.28,      0.24,      0.32,      0.0025,         0,       0.005,     152.849,       1.33397
    192,         5,        11,          0.36,      0.32,       0.4,      0.0025,         0,       0.005,     58.0596,      0.623092
    193,         6,        11,          0.44,       0.4,      0.48,      0.0025,         0,       0.005,     25.1088,      0.600137
    194,         7,        11,          0.52,      0.48,      0.56,      0.0025,         0,       0.005,     9.32644,      0.259284
    195,         8,        11,           0.6,      0.56,      0.64,      0.0025,         0,       0.005,      3.0916,      0.051886
    196,         9,        11,          0.68,      0.64,      0.72,      0.0025,         0,       0.005,    0.932354,     0.0194948
    197,        10,        11,          0.76,      0.72,       0.8,      0.0025,         0,       0.005,    0.222389,    0.00697983
    198,        11,        11,          0.84,       0.8,      0.88,      0.0025,         0,       0.005,   0.0304312,    0.00468229
    199,        12,        11,          0.92,      0.88,      0.96,      0.0025,         0,       0.005,   0.0303839,     0.0112132
    200,        13,        11,             1,      0.96,      1.04,      0.0025,         0,       0.005,  0.00992983,    0.00351735
    201,        14,        11,          1.08,      1.04,      1.12,      0.0025,         0,       0.005,  0.00442089,    0.00254405
    202,        15,        11,          1.16,      1.12,       1.2,      0.0025,         0,       0.005, 0.000507691,   0.000339524
    205,         1,        12,          0.04,         0,      0.08,      0.0075,     0.005,        0.01,           0,             0
    206,         2,        12,          0.12,      0.08,      0.16,      0.0075,     0.005,        0.01,     197.122,       9.54589
    207,         3,        12,           0.2,      0.16,      0.24,      0.0075,     0.005,        0.01,     580.653,       7.64613
    208,         4,        12,          0.28,      0.24,      0.32,      0.0075,     0.005,        0.01,     212.443,       1.63553
    209,         5,        12,          0.36,      0.32,       0.4,      0.0075,     0.005,        0.01,     72.7472,      0.553739
    210,         6,        12,          0.44,       0.4,      0.48,      0.0075,     0.005,        0.01,      28.415,      0.477505
    211,         7,        12,          0.52,      0.48,      0.56,      0.0075,     0.005,        0.01,     10.0967,      0.136239
    212,         8,        12,           0.6,      0.56,      0.64,      0.0075,     0.005,        0.01,     3.34879,     0.0514364
    213,         9,        12,          0.68,      0.64,      0.72,      0.0075,     0.005,        0.01,     1.03061,     0.0231995
    214,        10,        12,          0.76,      0.72,       0.8,      0.0075,     0.005,        0.01,    0.242794,     0.0082864
    215,        11,        12,          0.84,       0.8,      0.88,      0.0075,     0.005,        0.01,    0.033869,    0.00504288
    216,        12,        12,          0.92,      0.88,      0.96,      0.0075,     0.005,        0.01,   0.0176077,    0.00538528
    217,        13,        12,             1,      0.96,      1.04,      0.0075,     0.005,        0.01,   0.0425877,       0.02676
    218,        14,        12,          1.08,      1.04,      1.12,      0.0075,     0.005,        0.01,  0.00431731,    0.00175539
    219,        15,        12,          1.16,      1.12,       1.2,      0.0075,     0.005,        0.01, 0.000815162,   0.000493739
    222,         1,        13,          0.04,         0,      0.08,      0.0125,      0.01,       0.015,           0,             0
    223,         2,        13,          0.12,      0.08,      0.16,      0.0125,      0.01,       0.015,     80.9518,       6.34758
    224,         3,        13,           0.2,      0.16,      0.24,      0.0125,      0.01,       0.015,     384.762,        6.5126
    225,         4,        13,          0.28,      0.24,      0.32,      0.0125,      0.01,       0.015,     154.759,       1.48603
    226,         5,        13,          0.36,      0.32,       0.4,      0.0125,      0.01,       0.015,     53.0027,      0.640962
    227,         6,        13,          0.44,       0.4,      0.48,      0.0125,      0.01,       0.015,      22.278,      0.923406
    228,         7,        13,          0.52,      0.48,      0.56,      0.0125,      0.01,       0.015,     7.56941,       0.15964
    229,         8,        13,           0.6,      0.56,      0.64,      0.0125,      0.01,       0.015,      2.6582,      0.048154
    230,         9,        13,          0.68,      0.64,      0.72,      0.0125,      0.01,       0.015,    0.851568,     0.0197229
    231,        10,        13,          0.76,      0.72,       0.8,      0.0125,      0.01,       0.015,    0.195112,    0.00659953
    232,        11,        13,          0.84,       0.8,      0.88,      0.0125,      0.01,       0.015,   0.0353306,    0.00464198
    233,        12,        13,          0.92,      0.88,      0.96,      0.0125,      0.01,       0.015,   0.0132747,    0.00418677
    234,        13,        13,             1,      0.96,      1.04,      0.0125,      0.01,       0.015,   0.0907993,     0.0558183
    235,        14,        13,          1.08,      1.04,      1.12,      0.0125,      0.01,       0.015,  0.00350779,    0.00172491
    236,        15,        13,          1.16,      1.12,       1.2,      0.0125,      0.01,       0.015,  0.00447067,    0.00329452
    239,         1,        14,          0.04,         0,      0.08,      0.0175,     0.015,        0.02,           0,             0
    240,         2,        14,          0.12,      0.08,      0.16,      0.0175,     0.015,        0.02,     21.2144,       3.29169
    241,         3,        14,           0.2,      0.16,      0.24,      0.0175,     0.015,        0.02,     162.879,        4.4901
    242,         4,        14,          0.28,      0.24,      0.32,      0.0175,     0.015,        0.02,     76.2183,       1.18473
    243,         5,        14,          0.36,      0.32,       0.4,      0.0175,     0.015,        0.02,     27.7785,       0.74362
    244,         6,        14,          0.44,       0.4,      0.48,      0.0175,     0.015,        0.02,     11.9581,      0.311956
    245,         7,        14,          0.52,      0.48,      0.56,      0.0175,     0.015,        0.02,      4.8108,      0.168425
    246,         8,        14,           0.6,      0.56,      0.64,      0.0175,     0.015,        0.02,     1.65823,     0.0393484
    247,         9,        14,          0.68,      0.64,      0.72,      0.0175,     0.015,        0.02,     0.57913,     0.0175743
    248,        10,        14,          0.76,      0.72,       0.8,      0.0175,     0.015,        0.02,    0.138026,    0.00571171
    249,        11,        14,          0.84,       0.8,      0.88,      0.0175,     0.015,        0.02,   0.0316325,    0.00749344
    250,        12,        14,          0.92,      0.88,      0.96,      0.0175,     0.015,        0.02,   0.0971141,     0.0786433
    251,        13,        14,             1,      0.96,      1.04,      0.0175,     0.015,        0.02,  0.00471569,    0.00169324
    252,        14,        14,          1.08,      1.04,      1.12,      0.0175,     0.015,        0.02,  0.00161676,   0.000990575
    253,        15,        14,          1.16,      1.12,       1.2,      0.0175,     0.015,        0.02, 0.000511826,   0.000511826
    256,         1,        15,          0.04,         0,      0.08,      0.0225,      0.02,       0.025,           0,             0
    257,         2,        15,          0.12,      0.08,      0.16,      0.0225,      0.02,       0.025,     8.25777,       2.06306
    258,         3,        15,           0.2,      0.16,      0.24,      0.0225,      0.02,       0.025,     79.8062,        3.3866
    259,         4,        15,          0.28,      0.24,      0.32,      0.0225,      0.02,       0.025,     39.9201,      0.903115
    260,         5,        15,          0.36,      0.32,       0.4,      0.0225,      0.02,       0.025,     16.4672,      0.914683
    261,         6,        15,          0.44,       0.4,      0.48,      0.0225,      0.02,       0.025,     7.07479,      0.274906
    262,         7,        15,          0.52,      0.48,      0.56,      0.0225,      0.02,       0.025,     3.16977,      0.222413
    263,         8,        15,           0.6,      0.56,      0.64,      0.0225,      0.02,       0.025,     1.03863,     0.0327808
    264,         9,        15,          0.68,      0.64,      0.72,      0.0225,      0.02,       0.025,    0.395291,     0.0232745
    265,        10,        15,          0.76,      0.72,       0.8,      0.0225,      0.02,       0.025,   0.0994245,    0.00589485
    266,        11,        15,          0.84,       0.8,      0.88,      0.0225,      0.02,       0.025,   0.0325618,     0.0100263
    267,        12,        15,          0.92,      0.88,      0.96,      0.0225,      0.02,       0.025,   0.0755586,     0.0651755
    268,        13,        15,             1,      0.96,      1.04,      0.0225,      0.02,       0.025,  0.00690675,     0.0024599
    269,        14,        15,          1.08,      1.04,      1.12,      0.0225,      0.02,       0.025,  0.00225123,    0.00113681
    270,        15,        15,          1.16,      1.12,       1.2,      0.0225,      0.02,       0.025,  0.00537323,    0.00367214
    273,         1,        16,          0.04,         0,      0.08,      0.0275,     0.025,        0.03,           0,             0
    274,         2,        16,          0.12,      0.08,      0.16,      0.0275,     0.025,        0.03,     1.19471,      0.848275
    275,         3,        16,           0.2,      0.16,      0.24,      0.0275,     0.025,        0.03,     52.0732,       2.83665
    276,         4,        16,          0.28,      0.24,      0.32,      0.0275,     0.025,        0.03,     27.9898,      0.830993
    277,         5,        16,          0.36,      0.32,       0.4,      0.0275,     0.025,        0.03,     11.6565,      0.664097
    278,         6,        16,          0.44,       0.4,      0.48,      0.0275,     0.025,        0.03,     6.76346,       1.28994
    279,         7,        16,          0.52,      0.48,      0.56,      0.0275,     0.025,        0.03,      1.8514,     0.0779633
    280,         8,        16,           0.6,      0.56,      0.64,      0.0275,     0.025,        0.03,     0.68809,     0.0271082
    281,         9,        16,          0.68,      0.64,      0.72,      0.0275,     0.025,        0.03,    0.264255,     0.0133529
    282,        10,        16,          0.76,      0.72,       0.8,      0.0275,     0.025,        0.03,   0.0780531,    0.00503844
    283,        11,        16,          0.84,       0.8,      0.88,      0.0275,     0.025,        0.03,   0.0460116,     0.0190872
    284,        12,        16,          0.92,      0.88,      0.96,      0.0275,     0.025,        0.03,   0.0233182,     0.0086364
    285,        13,        16,             1,      0.96,      1.04,      0.0275,     0.025,        0.03,   0.0119247,    0.00522551
    286,        14,        16,          1.08,      1.04,      1.12,      0.0275,     0.025,        0.03,   0.0183797,     0.0108084
    287,        15,        16,          1.16,      1.12,       1.2,      0.0275,     0.025,        0.03,  0.00376963,    0.00343758
    290,         1,        17,          0.04,         0,      0.08,      0.0325,      0.03,       0.035,           0,             0
    291,         2,        17,          0.12,      0.08,      0.16,      0.0325,      0.03,       0.035,     1.00238,      0.710798
    292,         3,        17,           0.2,      0.16,      0.24,      0.0325,      0.03,       0.035,      47.986,       3.10053
    293,         4,        17,          0.28,      0.24,      0.32,      0.0325,      0.03,       0.035,     24.6355,       1.00153
    294,         5,        17,          0.36,      0.32,       0.4,      0.0325,      0.03,       0.035,     8.95909,      0.413856
    295,         6,        17,          0.44,       0.4,      0.48,      0.0325,      0.03,       0.035,     5.25069,      0.580407
    296,         7,        17,          0.52,      0.48,      0.56,      0.0325,      0.03,       0.035,     1.86807,      0.170568
    297,         8,        17,           0.6,      0.56,      0.64,      0.0325,      0.03,       0.035,    0.657781,     0.0608409
    298,         9,        17,          0.68,      0.64,      0.72,      0.0325,      0.03,       0.035,    0.214439,     0.0162234
    299,        10,        17,          0.76,      0.72,       0.8,      0.0325,      0.03,       0.035,     0.06437,    0.00714534
    300,        11,        17,          0.84,       0.8,      0.88,      0.0325,      0.03,       0.035,   0.0585943,     0.0205668
    301,        12,        17,          0.92,      0.88,      0.96,      0.0325,      0.03,       0.035,   0.0337191,     0.0185564
    302,        13,        17,             1,      0.96,      1.04,      0.0325,      0.03,       0.035,   0.0138719,    0.00509379
    303,        14,        17,          1.08,      1.04,      1.12,      0.0325,      0.03,       0.035,   0.0513699,     0.0464471
    304,        15,        17,          1.16,      1.12,       1.2,      0.0325,      0.03,       0.035,  0.00505943,    0.00295922
    307,         1,        18,          0.04,         0,      0.08,      0.0375,     0.035,        0.04,           0,             0
    308,         2,        18,          0.12,      0.08,      0.16,      0.0375,     0.035,        0.04,     2.55459,       1.29946
    309,         3,        18,           0.2,      0.16,      0.24,      0.0375,     0.035,        0.04,     29.1565,       2.30362
    310,         4,        18,          0.28,      0.24,      0.32,      0.0375,     0.035,        0.04,     21.8209,      0.819519
    311,         5,        18,          0.36,      0.32,       0.4,      0.0375,     0.035,        0.04,      9.5631,      0.758069
    312,         6,        18,          0.44,       0.4,      0.48,      0.0375,     0.035,        0.04,     4.33539,      0.475357
    313,         7,        18,          0.52,      0.48,      0.56,      0.0375,     0.035,        0.04,     1.54959,      0.120004
    314,         8,        18,           0.6,      0.56,      0.64,      0.0375,     0.035,        0.04,    0.565197,     0.0571665
    315,         9,        18,          0.68,      0.64,      0.72,      0.0375,     0.035,        0.04,    0.180469,     0.0122964
    316,        10,        18,          0.76,      0.72,       0.8,      0.0375,     0.035,        0.04,   0.0543564,    0.00756354
    317,        11,        18,          0.84,       0.8,      0.88,      0.0375,     0.035,        0.04,   0.0225896,    0.00553955
    318,        12,        18,          0.92,      0.88,      0.96,      0.0375,     0.035,        0.04,   0.0467563,     0.0252937
    319,        13,        18,             1,      0.96,      1.04,      0.0375,     0.035,        0.04,   0.0272999,    0.00901142
    320,        14,        18,          1.08,      1.04,      1.12,      0.0375,     0.035,        0.04,  0.00841534,     0.0049175
    321,        15,        18,          1.16,      1.12,       1.2,      0.0375,     0.035,        0.04, 8.72107e-05,   8.72107e-05
    324,         1,        19,          0.04,         0,      0.08,      0.0425,      0.04,       0.045,           0,             0
    325,         2,        19,          0.12,      0.08,      0.16,      0.0425,      0.04,       0.045,           0,             0
    326,         3,        19,           0.2,      0.16,      0.24,      0.0425,      0.04,       0.045,     28.5089,        2.5591
    327,         4,        19,          0.28,      0.24,      0.32,      0.0425,      0.04,       0.045,     22.1266,      0.923595
    328,         5,        19,          0.36,      0.32,       0.4,      0.0425,      0.04,       0.045,     9.42079,       1.07947
    329,         6,        19,          0.44,       0.4,      0.48,      0.0425,      0.04,       0.045,     4.50059,      0.475008
    330,         7,        19,          0.52,      0.48,      0.56,      0.0425,      0.04,       0.045,     1.54529,      0.124515
    331,         8,        19,           0.6,      0.56,      0.64,      0.0425,      0.04,       0.045,    0.483512,     0.0260902
    332,         9,        19,          0.68,      0.64,      0.72,      0.0425,      0.04,       0.045,    0.163697,     0.0146518
    333,        10,        19,          0.76,      0.72,       0.8,      0.0425,      0.04,       0.045,   0.0868741,      0.015953
    334,        11,        19,          0.84,       0.8,      0.88,      0.0425,      0.04,       0.045,   0.0594132,     0.0241293
    335,        12,        19,          0.92,      0.88,      0.96,      0.0425,      0.04,       0.045,   0.0185115,    0.00491506
    336,        13,        19,             1,      0.96,      1.04,      0.0425,      0.04,       0.045,    0.010878,    0.00587482
    337,        14,        19,          1.08,      1.04,      1.12,      0.0425,      0.04,       0.045,   0.0063362,    0.00478977
    338,        15,        19,          1.16,      1.12,       1.2,      0.0425,      0.04,       0.045,   0.0112594,    0.00955021
    341,         1,        20,          0.04,         0,      0.08,      0.0475,     0.045,        0.05,           0,             0
    342,         2,        20,          0.12,      0.08,      0.16,      0.0475,     0.045,        0.05,           0,             0
    343,         3,        20,           0.2,      0.16,      0.24,      0.0475,     0.045,        0.05,     27.7636,       2.77529
    344,         4,        20,          0.28,      0.24,      0.32,      0.0475,     0.045,        0.05,     20.0799,      0.916967
    345,         5,        20,          0.36,      0.32,       0.4,      0.0475,     0.045,        0.05,     8.64985,      0.579439
    346,         6,        20,          0.44,       0.4,      0.48,      0.0475,     0.045,        0.05,     3.73502,      0.272496
    347,         7,        20,          0.52,      0.48,      0.56,      0.0475,     0.045,        0.05,     1.89143,      0.362343
    348,         8,        20,           0.6,      0.56,      0.64,      0.0475,     0.045,        0.05,    0.453018,     0.0240404
    349,         9,        20,          0.68,      0.64,      0.72,      0.0475,     0.045,        0.05,    0.174702,     0.0156469
    350,        10,        20,          0.76,      0.72,       0.8,      0.0475,     0.045,        0.05,   0.0744746,     0.0109741
    351,        11,        20,          0.84,       0.8,      0.88,      0.0475,     0.045,        0.05,    0.146005,     0.0777456
    352,        12,        20,          0.92,      0.88,      0.96,      0.0475,     0.045,        0.05,   0.0267069,    0.00673652
    353,        13,        20,             1,      0.96,      1.04,      0.0475,     0.045,        0.05,   0.0155416,     0.0070158
    354,        14,        20,          1.08,      1.04,      1.12,      0.0475,     0.045,        0.05,   0.0444963,     0.0432867
    355,        15,        20,          1.16,      1.12,       1.2,      0.0475,     0.045,        0.05, 0.000144048,   0.000107492
    358,         1,        21,          0.04,         0,      0.08,      0.0525,      0.05,       0.055,           0,             0
    359,         2,        21,          0.12,      0.08,      0.16,      0.0525,      0.05,       0.055,           0,             0
    360,         3,        21,           0.2,      0.16,      0.24,      0.0525,      0.05,       0.055,     23.1879,       2.84737
    361,         4,        21,          0.28,      0.24,      0.32,      0.0525,      0.05,       0.055,     21.5698,       1.13755
    362,         5,        21,          0.36,      0.32,       0.4,      0.0525,      0.05,       0.055,     9.94709,       1.25567
    363,         6,        21,          0.44,       0.4,      0.48,      0.0525,      0.05,       0.055,      3.7309,      0.273017
    364,         7,        21,          0.52,      0.48,      0.56,      0.0525,      0.05,       0.055,     1.45329,     0.0965823
    365,         8,        21,           0.6,      0.56,      0.64,      0.0525,      0.05,       0.055,    0.474588,     0.0292683
    366,         9,        21,          0.68,      0.64,      0.72,      0.0525,      0.05,       0.055,     0.18295,     0.0145891
    367,        10,        21,          0.76,      0.72,       0.8,      0.0525,      0.05,       0.055,   0.0705398,    0.00782673
    368,        11,        21,          0.84,       0.8,      0.88,      0.0525,      0.05,       0.055,    0.100666,     0.0419249
    369,        12,        21,          0.92,      0.88,      0.96,      0.0525,      0.05,       0.055,   0.0341163,     0.0104193
    370,        13,        21,             1,      0.96,      1.04,      0.0525,      0.05,       0.055,   0.0153509,    0.00613986
    371,        14,        21,          1.08,      1.04,      1.12,      0.0525,      0.05,       0.055,  0.00797532,    0.00580129
    372,        15,        21,          1.16,      1.12,       1.2,      0.0525,      0.05,       0.055, 4.08287e-05,   4.08287e-05
    375,         1,        22,          0.04,         0,      0.08,      0.0575,     0.055,        0.06,           0,             0
    376,         2,        22,          0.12,      0.08,      0.16,      0.0575,     0.055,        0.06,           0,             0
    377,         3,        22,           0.2,      0.16,      0.24,      0.0575,     0.055,        0.06,     17.8744,        2.5317
    378,         4,        22,          0.28,      0.24,      0.32,      0.0575,     0.055,        0.06,     20.1107,       1.17032
    379,         5,        22,          0.36,      0.32,       0.4,      0.0575,     0.055,        0.06,     9.91451,      0.996655
    380,         6,        22,          0.44,       0.4,      0.48,      0.0575,     0.055,        0.06,     3.33209,      0.211161
    381,         7,        22,          0.52,      0.48,      0.56,      0.0575,     0.055,        0.06,     1.23513,     0.0781598
    382,         8,        22,           0.6,      0.56,      0.64,      0.0575,     0.055,        0.06,    0.487761,     0.0404398
    383,         9,        22,          0.68,      0.64,      0.72,      0.0575,     0.055,        0.06,    0.186641,     0.0174688
    384,        10,        22,          0.76,      0.72,       0.8,      0.0575,     0.055,        0.06,    0.120253,     0.0190428
    385,        11,        22,          0.84,       0.8,      0.88,      0.0575,     0.055,        0.06,   0.0830614,     0.0329241
    386,        12,        22,          0.92,      0.88,      0.96,      0.0575,     0.055,        0.06,   0.0142897,    0.00335303
    387,        13,        22,             1,      0.96,      1.04,      0.0575,     0.055,        0.06,   0.0145742,    0.00537553
    388,        14,        22,          1.08,      1.04,      1.12,      0.0575,     0.055,        0.06,  0.00226173,    0.00132193
    389,        15,        22,          1.16,      1.12,       1.2,      0.0575,     0.055,        0.06,  0.00132729,     0.0011545
    392,         1,        23,          0.04,         0,      0.08,      0.0625,      0.06,       0.065,           0,             0
    393,         2,        23,          0.12,      0.08,      0.16,      0.0625,      0.06,       0.065,           0,             0
    394,         3,        23,           0.2,      0.16,      0.24,      0.0625,      0.06,       0.065,     14.1704,       2.22563
    395,         4,        23,          0.28,      0.24,      0.32,      0.0625,      0.06,       0.065,     17.8375,       1.28999
    396,         5,        23,          0.36,      0.32,       0.4,      0.0625,      0.06,       0.065,     9.27853,      0.781376
    397,         6,        23,          0.44,       0.4,      0.48,      0.0625,      0.06,       0.065,     4.44386,      0.892221
    398,         7,        23,          0.52,      0.48,      0.56,      0.0625,      0.06,       0.065,     1.83523,      0.458622
    399,         8,        23,           0.6,      0.56,      0.64,      0.0625,      0.06,       0.065,    0.479299,       0.02871
    400,         9,        23,          0.68,      0.64,      0.72,      0.0625,      0.06,       0.065,    0.179116,     0.0182478
    401,        10,        23,          0.76,      0.72,       0.8,      0.0625,      0.06,       0.065,    0.125181,     0.0198431
    402,        11,        23,          0.84,       0.8,      0.88,      0.0625,      0.06,       0.065,   0.0912378,     0.0310226
    403,        12,        23,          0.92,      0.88,      0.96,      0.0625,      0.06,       0.065,   0.0304069,     0.0106863
    404,        13,        23,             1,      0.96,      1.04,      0.0625,      0.06,       0.065,  0.00776346,    0.00304124
    405,        14,        23,          1.08,      1.04,      1.12,      0.0625,      0.06,       0.065, 0.000218374,   0.000156405
    406,        15,        23,          1.16,      1.12,       1.2,      0.0625,      0.06,       0.065, 0.000962234,   0.000926851
    409,         1,        24,          0.04,         0,      0.08,      0.0675,     0.065,        0.07,           0,             0
    410,         2,        24,          0.12,      0.08,      0.16,      0.0675,     0.065,        0.07,           0,             0
    411,         3,        24,           0.2,      0.16,      0.24,      0.0675,     0.065,        0.07,     11.0778,       1.91815
    412,         4,        24,          0.28,      0.24,      0.32,      0.0675,     0.065,        0.07,     21.0522,       1.27025
    413,         5,        24,          0.36,      0.32,       0.4,      0.0675,     0.065,        0.07,     8.67054,       0.59691
    414,         6,        24,          0.44,       0.4,      0.48,      0.0675,     0.065,        0.07,      4.8648,      0.636388
    415,         7,        24,          0.52,      0.48,      0.56,      0.0675,     0.065,        0.07,     1.27056,       0.10087
    416,         8,        24,           0.6,      0.56,      0.64,      0.0675,     0.065,        0.07,    0.481983,     0.0303811
    417,         9,        24,          0.68,      0.64,      0.72,      0.0675,     0.065,        0.07,    0.228368,      0.039188
    418,        10,        24,          0.76,      0.72,       0.8,      0.0675,     0.065,        0.07,    0.112511,     0.0135931
    419,        11,        24,          0.84,       0.8,      0.88,      0.0675,     0.065,        0.07,   0.0623846,     0.0119411
    420,        12,        24,          0.92,      0.88,      0.96,      0.0675,     0.065,        0.07,   0.0285938,     0.0130898
    421,        13,        24,             1,      0.96,      1.04,      0.0675,     0.065,        0.07,    0.011653,    0.00630784
    422,        14,        24,          1.08,      1.04,      1.12,      0.0675,     0.065,        0.07,  0.00143488,   0.000595255
    423,        15,        24,          1.16,      1.12,       1.2,      0.0675,     0.065,        0.07,  0.00738072,    0.00579493
    426,         1,        25,          0.04,         0,      0.08,      0.0725,      0.07,       0.075,           0,             0
    427,         2,        25,          0.12,      0.08,      0.16,      0.0725,      0.07,       0.075,           0,             0
    428,         3,        25,           0.2,      0.16,      0.24,      0.0725,      0.07,       0.075,     11.5085,       2.12363
    429,         4,        25,          0.28,      0.24,      0.32,      0.0725,      0.07,       0.075,     21.0469,        1.3634
    430,         5,        25,          0.36,      0.32,       0.4,      0.0725,      0.07,       0.075,     9.40702,      0.701899
    431,         6,        25,          0.44,       0.4,      0.48,      0.0725,      0.07,       0.075,     3.37988,      0.196473
    432,         7,        25,          0.52,      0.48,      0.56,      0.0725,      0.07,       0.075,     1.26527,     0.0556924
    433,         8,        25,           0.6,      0.56,      0.64,      0.0725,      0.07,       0.075,    0.546494,      0.107213
    434,         9,        25,          0.68,      0.64,      0.72,      0.0725,      0.07,       0.075,    0.227328,     0.0172329
    435,        10,        25,          0.76,      0.72,       0.8,      0.0725,      0.07,       0.075,    0.132649,     0.0261875
    436,        11,        25,          0.84,       0.8,      0.88,      0.0725,      0.07,       0.075,   0.0573655,    0.00982689
    437,        12,        25,          0.92,      0.88,      0.96,      0.0725,      0.07,       0.075,   0.0465632,      0.012078
    438,        13,        25,             1,      0.96,      1.04,      0.0725,      0.07,       0.075,   0.0636502,     0.0535872
    439,        14,        25,          1.08,      1.04,      1.12,      0.0725,      0.07,       0.075, 0.000929998,   0.000528366
    440,        15,        25,          1.16,      1.12,       1.2,      0.0725,      0.07,       0.075,  0.00361154,    0.00235441
    443,         1,        26,          0.04,         0,      0.08,      0.0775,     0.075,        0.08,           0,             0
    444,         2,        26,          0.12,      0.08,      0.16,      0.0775,     0.075,        0.08,           0,             0
    445,         3,        26,           0.2,      0.16,      0.24,      0.0775,     0.075,        0.08,      5.9945,       1.36415
    446,         4,        26,          0.28,      0.24,      0.32,      0.0775,     0.075,        0.08,     19.4681,       1.53525
    447,         5,        26,          0.36,      0.32,       0.4,      0.0775,     0.075,        0.08,     10.1319,       1.06994
    448,         6,        26,          0.44,       0.4,      0.48,      0.0775,     0.075,        0.08,      5.5062,       1.35678
    449,         7,        26,          0.52,      0.48,      0.56,      0.0775,     0.075,        0.08,     1.52622,      0.106258
    450,         8,        26,           0.6,      0.56,      0.64,      0.0775,     0.075,        0.08,    0.582784,     0.0477588
    451,         9,        26,          0.68,      0.64,      0.72,      0.0775,     0.075,        0.08,    0.324151,     0.0280113
    452,        10,        26,          0.76,      0.72,       0.8,      0.0775,     0.075,        0.08,    0.156036,     0.0305274
    453,        11,        26,          0.84,       0.8,      0.88,      0.0775,     0.075,        0.08,    0.142219,     0.0692043
    454,        12,        26,          0.92,      0.88,      0.96,      0.0775,     0.075,        0.08,   0.0321116,    0.00885841
    455,        13,        26,             1,      0.96,      1.04,      0.0775,     0.075,        0.08,   0.0186617,     0.0100321
    456,        14,        26,          1.08,      1.04,      1.12,      0.0775,     0.075,        0.08,  0.00124888,   0.000808012
    457,        15,        26,          1.16,      1.12,       1.2,      0.0775,     0.075,        0.08, 8.65024e-05,   8.65024e-05
    460,         1,        27,          0.04,         0,      0.08,      0.0825,      0.08,       0.085,           0,             0
    461,         2,        27,          0.12,      0.08,      0.16,      0.0825,      0.08,       0.085,           0,             0
    462,         3,        27,           0.2,      0.16,      0.24,      0.0825,      0.08,       0.085,     6.78895,       1.82281
    463,         4,        27,          0.28,      0.24,      0.32,      0.0825,      0.08,       0.085,     16.9281,       1.68796
    464,         5,        27,          0.36,      0.32,       0.4,      0.0825,      0.08,       0.085,     9.63714,       0.54435
    465,         6,        27,          0.44,       0.4,      0.48,      0.0825,      0.08,       0.085,     4.26796,       0.44171
    466,         7,        27,          0.52,      0.48,      0.56,      0.0825,      0.08,       0.085,     1.68403,      0.160214
    467,         8,        27,           0.6,      0.56,      0.64,      0.0825,      0.08,       0.085,    0.604517,     0.0372434
    468,         9,        27,          0.68,      0.64,      0.72,      0.0825,      0.08,       0.085,    0.313834,     0.0321559
    469,        10,        27,          0.76,      0.72,       0.8,      0.0825,      0.08,       0.085,    0.190619,      0.029789
    470,        11,        27,          0.84,       0.8,      0.88,      0.0825,      0.08,       0.085,   0.0755804,     0.0296458
    471,        12,        27,          0.92,      0.88,      0.96,      0.0825,      0.08,       0.085,   0.0174847,    0.00439595
    472,        13,        27,             1,      0.96,      1.04,      0.0825,      0.08,       0.085,  0.00708605,    0.00279036
    473,        14,        27,          1.08,      1.04,      1.12,      0.0825,      0.08,       0.085,   0.0108667,     0.0101995
    474,        15,        27,          1.16,      1.12,       1.2,      0.0825,      0.08,       0.085,  0.00152623,    0.00112033
    477,         1,        28,          0.04,         0,      0.08,      0.0875,     0.085,        0.09,           0,             0
    478,         2,        28,          0.12,      0.08,      0.16,      0.0875,     0.085,        0.09,           0,             0
    479,         3,        28,           0.2,      0.16,      0.24,      0.0875,     0.085,        0.09,     6.91169,       2.26203
    480,         4,        28,          0.28,      0.24,      0.32,      0.0875,     0.085,        0.09,     19.6279,       1.65567
    481,         5,        28,          0.36,      0.32,       0.4,      0.0875,     0.085,        0.09,     12.0885,        1.1093
    482,         6,        28,          0.44,       0.4,      0.48,      0.0875,     0.085,        0.09,     4.42862,      0.383206
    483,         7,        28,          0.52,      0.48,      0.56,      0.0875,     0.085,        0.09,     1.71182,      0.140196
    484,         8,        28,           0.6,      0.56,      0.64,      0.0875,     0.085,        0.09,    0.731614,     0.0460842
    485,         9,        28,          0.68,      0.64,      0.72,      0.0875,     0.085,        0.09,    0.275596,     0.0188975
    486,        10,        28,          0.76,      0.72,       0.8,      0.0875,     0.085,        0.09,    0.206888,      0.056014
    487,        11,        28,          0.84,       0.8,      0.88,      0.0875,     0.085,        0.09,   0.0580538,     0.0114425
    488,        12,        28,          0.92,      0.88,      0.96,      0.0875,     0.085,        0.09,   0.0300197,     0.0073481
    489,        13,        28,             1,      0.96,      1.04,      0.0875,     0.085,        0.09,  0.00983385,    0.00509619
    490,        14,        28,          1.08,      1.04,      1.12,      0.0875,     0.085,        0.09, 0.000461734,   0.000237282
    491,        15,        28,          1.16,      1.12,       1.2,      0.0875,     0.085,        0.09,  0.00425477,    0.00365247
    494,         1,        29,          0.04,         0,      0.08,      0.0925,      0.09,       0.095,           0,             0
    495,         2,        29,          0.12,      0.08,      0.16,      0.0925,      0.09,       0.095,           0,             0
    496,         3,        29,           0.2,      0.16,      0.24,      0.0925,      0.09,       0.095,     3.71566,       1.26336
    497,         4,        29,          0.28,      0.24,      0.32,      0.0925,      0.09,       0.095,     23.0251,        2.0054
    498,         5,        29,          0.36,      0.32,       0.4,      0.0925,      0.09,       0.095,     10.6937,       0.93973
    499,         6,        29,          0.44,       0.4,      0.48,      0.0925,      0.09,       0.095,     4.68391,      0.373355
    500,         7,        29,          0.52,      0.48,      0.56,      0.0925,      0.09,       0.095,     1.81522,      0.148903
    501,         8,        29,           0.6,      0.56,      0.64,      0.0925,      0.09,       0.095,    0.866187,     0.0871869
    502,         9,        29,          0.68,      0.64,      0.72,      0.0925,      0.09,       0.095,    0.337422,     0.0304212
    503,        10,        29,          0.76,      0.72,       0.8,      0.0925,      0.09,       0.095,    0.265058,     0.0704194
    504,        11,        29,          0.84,       0.8,      0.88,      0.0925,      0.09,       0.095,    0.109887,     0.0264708
    505,        12,        29,          0.92,      0.88,      0.96,      0.0925,      0.09,       0.095,   0.0313698,    0.00960769
    506,        13,        29,             1,      0.96,      1.04,      0.0925,      0.09,       0.095,  0.00350319,    0.00160022
    507,        14,        29,          1.08,      1.04,      1.12,      0.0925,      0.09,       0.095, 0.000349596,   0.000209943
    508,        15,        29,          1.16,      1.12,       1.2,      0.0925,      0.09,       0.095,  0.00126759,    0.00107333
    511,         1,        30,          0.04,         0,      0.08,      0.0975,     0.095,         0.1,           0,             0
    512,         2,        30,          0.12,      0.08,      0.16,      0.0975,     0.095,         0.1,           0,             0
    513,         3,        30,           0.2,      0.16,      0.24,      0.0975,     0.095,         0.1,    0.900731,      0.601391
    514,         4,        30,          0.28,      0.24,      0.32,      0.0975,     0.095,         0.1,     20.8579,       2.11949
    515,         5,        30,          0.36,      0.32,       0.4,      0.0975,     0.095,         0.1,      13.398,       1.76599
    516,         6,        30,          0.44,       0.4,      0.48,      0.0975,     0.095,         0.1,     5.02424,      0.716432
    517,         7,        30,          0.52,      0.48,      0.56,      0.0975,     0.095,         0.1,     1.98137,      0.125185
    518,         8,        30,           0.6,      0.56,      0.64,      0.0975,     0.095,         0.1,    0.836168,     0.0496873
    519,         9,        30,          0.68,      0.64,      0.72,      0.0975,     0.095,         0.1,    0.466393,     0.0742267
    520,        10,        30,          0.76,      0.72,       0.8,      0.0975,     0.095,         0.1,    0.197473,      0.030414
    521,        11,        30,          0.84,       0.8,      0.88,      0.0975,     0.095,         0.1,    0.144941,     0.0566222
    522,        12,        30,          0.92,      0.88,      0.96,      0.0975,     0.095,         0.1,   0.0381748,      0.018882
    523,        13,        30,             1,      0.96,      1.04,      0.0975,     0.095,         0.1,   0.0143476,    0.00594578
    524,        14,        30,          1.08,      1.04,      1.12,      0.0975,     0.095,         0.1,   0.0038038,    0.00228316
    525,        15,        30,          1.16,      1.12,       1.2,      0.0975,     0.095,         0.1,           0,             0
    528,         1,        31,          0.04,         0,      0.08,      0.1025,       0.1,       0.105,           0,             0
    529,         2,        31,          0.12,      0.08,      0.16,      0.1025,       0.1,       0.105,           0,             0
    530,         3,        31,           0.2,      0.16,      0.24,      0.1025,       0.1,       0.105,     2.03699,       1.30004
    531,         4,        31,          0.28,      0.24,      0.32,      0.1025,       0.1,       0.105,     21.4539,       2.11308
    532,         5,        31,          0.36,      0.32,       0.4,      0.1025,       0.1,       0.105,     13.4607,      0.981561
    533,         6,        31,          0.44,       0.4,      0.48,      0.1025,       0.1,       0.105,     4.74316,      0.295222
    534,         7,        31,          0.52,      0.48,      0.56,      0.1025,       0.1,       0.105,     2.11496,      0.104967
    535,         8,        31,           0.6,      0.56,      0.64,      0.1025,       0.1,       0.105,    0.926334,     0.0478301
    536,         9,        31,          0.68,      0.64,      0.72,      0.1025,       0.1,       0.105,     0.44651,     0.0571329
    537,        10,        31,          0.76,      0.72,       0.8,      0.1025,       0.1,       0.105,    0.160452,     0.0185074
    538,        11,        31,          0.84,       0.8,      0.88,      0.1025,       0.1,       0.105,   0.0710594,     0.0119912
    539,        12,        31,          0.92,      0.88,      0.96,      0.1025,       0.1,       0.105,   0.0202038,    0.00587564
    540,        13,        31,             1,      0.96,      1.04,      0.1025,       0.1,       0.105,  0.00270073,   0.000900448
    541,        14,        31,          1.08,      1.04,      1.12,      0.1025,       0.1,       0.105,  0.00321008,    0.00240766
    542,        15,        31,          1.16,      1.12,       1.2,      0.1025,       0.1,       0.105, 0.000731798,   0.000562156
    545,         1,        32,          0.04,         0,      0.08,      0.1075,     0.105,        0.11,           0,             0
    546,         2,        32,          0.12,      0.08,      0.16,      0.1075,     0.105,        0.11,           0,             0
    547,         3,        32,           0.2,      0.16,      0.24,      0.1075,     0.105,        0.11,      1.0357,        1.0357
    548,         4,        32,          0.28,      0.24,      0.32,      0.1075,     0.105,        0.11,     19.7804,         2.113
    549,         5,        32,          0.36,      0.32,       0.4,      0.1075,     0.105,        0.11,     13.3641,       1.29742
    550,         6,        32,          0.44,       0.4,      0.48,      0.1075,     0.105,        0.11,       4.947,      0.228211
    551,         7,        32,          0.52,      0.48,      0.56,      0.1075,     0.105,        0.11,     2.33728,       0.11177
    552,         8,        32,           0.6,      0.56,      0.64,      0.1075,     0.105,        0.11,    0.948593,     0.0496209
    553,         9,        32,          0.68,      0.64,      0.72,      0.1075,     0.105,        0.11,     0.41311,     0.0368142
    554,        10,        32,          0.76,      0.72,       0.8,      0.1075,     0.105,        0.11,    0.171487,     0.0170287
    555,        11,        32,          0.84,       0.8,      0.88,      0.1075,     0.105,        0.11,    0.100899,     0.0256713
    556,        12,        32,          0.92,      0.88,      0.96,      0.1075,     0.105,        0.11,   0.0122154,     0.0027331
    557,        13,        32,             1,      0.96,      1.04,      0.1075,     0.105,        0.11,  0.00328734,    0.00122991
    558,        14,        32,          1.08,      1.04,      1.12,      0.1075,     0.105,        0.11,  0.00174062,    0.00166391
    559,        15,        32,          1.16,      1.12,       1.2,      0.1075,     0.105,        0.11,  0.00347733,    0.00257723
    562,         1,        33,          0.04,         0,      0.08,      0.1125,      0.11,       0.115,           0,             0
    563,         2,        33,          0.12,      0.08,      0.16,      0.1125,      0.11,       0.115,           0,             0
    564,         3,        33,           0.2,      0.16,      0.24,      0.1125,      0.11,       0.115,    0.123222,      0.110701
    565,         4,        33,          0.28,      0.24,      0.32,      0.1125,      0.11,       0.115,     21.2078,       2.64817
    566,         5,        33,          0.36,      0.32,       0.4,      0.1125,      0.11,       0.115,     13.3829,      0.957056
    567,         6,        33,          0.44,       0.4,      0.48,      0.1125,      0.11,       0.115,     5.36685,      0.298893
    568,         7,        33,          0.52,      0.48,      0.56,      0.1125,      0.11,       0.115,     2.89127,      0.202293
    569,         8,        33,           0.6,      0.56,      0.64,      0.1125,      0.11,       0.115,     1.11561,     0.0914486
    570,         9,        33,          0.68,      0.64,      0.72,      0.1125,      0.11,       0.115,    0.470201,     0.0305821
    571,        10,        33,          0.76,      0.72,       0.8,      0.1125,      0.11,       0.115,    0.282316,     0.0829245
    572,        11,        33,          0.84,       0.8,      0.88,      0.1125,      0.11,       0.115,   0.0916901,     0.0230733
    573,        12,        33,          0.92,      0.88,      0.96,      0.1125,      0.11,       0.115,   0.0236072,    0.00765378
    574,        13,        33,             1,      0.96,      1.04,      0.1125,      0.11,       0.115,  0.00945297,     0.0044306
    575,        14,        33,          1.08,      1.04,      1.12,      0.1125,      0.11,       0.115,   0.0102315,    0.00711111
    576,        15,        33,          1.16,      1.12,       1.2,      0.1125,      0.11,       0.115,           0,             0
    579,         1,        34,          0.04,         0,      0.08,      0.1175,     0.115,        0.12,           0,             0
    580,         2,        34,          0.12,      0.08,      0.16,      0.1175,     0.115,        0.12,           0,             0
    581,         3,        34,           0.2,      0.16,      0.24,      0.1175,     0.115,        0.12,  0.00709608,    0.00709608
    582,         4,        34,          0.28,      0.24,      0.32,      0.1175,     0.115,        0.12,      20.031,       2.46645
    583,         5,        34,          0.36,      0.32,       0.4,      0.1175,     0.115,        0.12,      13.089,       0.76407
    584,         6,        34,          0.44,       0.4,      0.48,      0.1175,     0.115,        0.12,     6.26512,      0.474086
    585,         7,        34,          0.52,      0.48,      0.56,      0.1175,     0.115,        0.12,     3.03837,      0.329442
    586,         8,        34,           0.6,      0.56,      0.64,      0.1175,     0.115,        0.12,     1.25494,     0.0689231
    587,         9,        34,          0.68,      0.64,      0.72,      0.1175,     0.115,        0.12,    0.469214,     0.0277723
    588,        10,        34,          0.76,      0.72,       0.8,      0.1175,     0.115,        0.12,    0.222783,     0.0365266
    589,        11,        34,          0.84,       0.8,      0.88,      0.1175,     0.115,        0.12,   0.0824245,     0.0209594
    590,        12,        34,          0.92,      0.88,      0.96,      0.1175,     0.115,        0.12,   0.0251886,    0.00689605
    591,        13,        34,             1,      0.96,      1.04,      0.1175,     0.115,        0.12,  0.00952355,    0.00450038
    592,        14,        34,          1.08,      1.04,      1.12,      0.1175,     0.115,        0.12,  0.00221455,    0.00170371
    593,        15,        34,          1.16,      1.12,       1.2,      0.1175,     0.115,        0.12, 1.00475e-05,   1.00475e-05
    596,         1,        35,          0.04,         0,      0.08,      0.1225,      0.12,       0.125,           0,             0
    597,         2,        35,          0.12,      0.08,      0.16,      0.1225,      0.12,       0.125,           0,             0
    598,         3,        35,           0.2,      0.16,      0.24,      0.1225,      0.12,       0.125,    0.020289,      0.020289
    599,         4,        35,          0.28,      0.24,      0.32,      0.1225,      0.12,       0.125,     13.8026,       2.02511
    600,         5,        35,          0.36,      0.32,       0.4,      0.1225,      0.12,       0.125,     11.8688,      0.754682
    601,         6,        35,          0.44,       0.4,      0.48,      0.1225,      0.12,       0.125,     6.33456,       0.39432
    602,         7,        35,          0.52,      0.48,      0.56,      0.1225,      0.12,       0.125,     2.92639,      0.193151
    603,         8,        35,           0.6,      0.56,      0.64,      0.1225,      0.12,       0.125,     1.26039,     0.0813642
    604,         9,        35,          0.68,      0.64,      0.72,      0.1225,      0.12,       0.125,    0.568865,     0.0439879
    605,        10,        35,          0.76,      0.72,       0.8,      0.1225,      0.12,       0.125,    0.304274,     0.0521639
    606,        11,        35,          0.84,       0.8,      0.88,      0.1225,      0.12,       0.125,   0.0918841,      0.015228
    607,        12,        35,          0.92,      0.88,      0.96,      0.1225,      0.12,       0.125,   0.0226935,    0.00861504
    608,        13,        35,             1,      0.96,      1.04,      0.1225,      0.12,       0.125,  0.00226926,    0.00112151
    609,        14,        35,          1.08,      1.04,      1.12,      0.1225,      0.12,       0.125, 5.70454e-05,   3.68015e-05
    610,        15,        35,          1.16,      1.12,       1.2,      0.1225,      0.12,       0.125,  8.2487e-06,    8.2487e-06
    613,         1,        36,          0.04,         0,      0.08,      0.1275,     0.125,        0.13,           0,             0
    614,         2,        36,          0.12,      0.08,      0.16,      0.1275,     0.125,        0.13,           0,             0
    615,         3,        36,           0.2,      0.16,      0.24,      0.1275,     0.125,        0.13,           0,             0
    616,         4,        36,          0.28,      0.24,      0.32,      0.1275,     0.125,        0.13,     10.8732,       1.95148
    617,         5,        36,          0.36,      0.32,       0.4,      0.1275,     0.125,        0.13,       15.91,       1.12465
    618,         6,        36,          0.44,       0.4,      0.48,      0.1275,     0.125,        0.13,     6.06519,      0.308268
    619,         7,        36,          0.52,      0.48,      0.56,      0.1275,     0.125,        0.13,     3.60301,      0.647045
    620,         8,        36,           0.6,      0.56,      0.64,      0.1275,     0.125,        0.13,     1.46904,      0.104156
    621,         9,        36,          0.68,      0.64,      0.72,      0.1275,     0.125,        0.13,    0.528827,     0.0414511
    622,        10,        36,          0.76,      0.72,       0.8,      0.1275,     0.125,        0.13,    0.207065,     0.0221441
    623,        11,        36,          0.84,       0.8,      0.88,      0.1275,     0.125,        0.13,    0.108578,     0.0214783
    624,        12,        36,          0.92,      0.88,      0.96,      0.1275,     0.125,        0.13,   0.0320855,     0.0110094
    625,        13,        36,             1,      0.96,      1.04,      0.1275,     0.125,        0.13,   0.0116978,    0.00750552
    626,        14,        36,          1.08,      1.04,      1.12,      0.1275,     0.125,        0.13, 0.000552615,   0.000308005
    627,        15,        36,          1.16,      1.12,       1.2,      0.1275,     0.125,        0.13,  0.00243839,    0.00159558
    630,         1,        37,          0.04,         0,      0.08,      0.1325,      0.13,       0.135,           0,             0
    631,         2,        37,          0.12,      0.08,      0.16,      0.1325,      0.13,       0.135,           0,             0
    632,         3,        37,           0.2,      0.16,      0.24,      0.1325,      0.13,       0.135,           0,             0
    633,         4,        37,          0.28,      0.24,      0.32,      0.1325,      0.13,       0.135,     5.98523,       1.21615
    634,         5,        37,          0.36,      0.32,       0.4,      0.1325,      0.13,       0.135,     17.7343,       1.67619
    635,         6,        37,          0.44,       0.4,      0.48,      0.1325,      0.13,       0.135,     6.57144,       0.29646
    636,         7,        37,          0.52,      0.48,      0.56,      0.1325,      0.13,       0.135,     3.16813,      0.164228
    637,         8,        37,           0.6,      0.56,      0.64,      0.1325,      0.13,       0.135,     1.48479,     0.0953639
    638,         9,        37,          0.68,      0.64,      0.72,      0.1325,      0.13,       0.135,    0.603855,     0.0425902
    639,        10,        37,          0.76,      0.72,       0.8,      0.1325,      0.13,       0.135,    0.304504,     0.0610675
    640,        11,        37,          0.84,       0.8,      0.88,      0.1325,      0.13,       0.135,   0.0666101,    0.00924443
    641,        12,        37,          0.92,      0.88,      0.96,      0.1325,      0.13,       0.135,   0.0313793,     0.0119717
    642,        13,        37,             1,      0.96,      1.04,      0.1325,      0.13,       0.135,   0.0201924,     0.0116454
    643,        14,        37,          1.08,      1.04,      1.12,      0.1325,      0.13,       0.135, 0.000102896,    5.7577e-05
    644,        15,        37,          1.16,      1.12,       1.2,      0.1325,      0.13,       0.135,           0,             0
    647,         1,        38,          0.04,         0,      0.08,      0.1375,     0.135,        0.14,           0,             0
    648,         2,        38,          0.12,      0.08,      0.16,      0.1375,     0.135,        0.14,           0,             0
    649,         3,        38,           0.2,      0.16,      0.24,      0.1375,     0.135,        0.14,           0,             0
    650,         4,        38,          0.28,      0.24,      0.32,      0.1375,     0.135,        0.14,     11.9503,       2.63886
    651,         5,        38,          0.36,      0.32,       0.4,      0.1375,     0.135,        0.14,     13.6423,       1.10925
    652,         6,        38,          0.44,       0.4,      0.48,      0.1375,     0.135,        0.14,     6.53733,      0.365719
    653,         7,        38,          0.52,      0.48,      0.56,      0.1375,     0.135,        0.14,     3.20535,       0.15887
    654,         8,        38,           0.6,      0.56,      0.64,      0.1375,     0.135,        0.14,     1.40646,     0.0923393
    655,         9,        38,          0.68,      0.64,      0.72,      0.1375,     0.135,        0.14,    0.517815,     0.0405215
    656,        10,        38,          0.76,      0.72,       0.8,      0.1375,     0.135,        0.14,     0.18816,     0.0159733
    657,        11,        38,          0.84,       0.8,      0.88,      0.1375,     0.135,        0.14,   0.0535528,     0.0052316
    658,        12,        38,          0.92,      0.88,      0.96,      0.1375,     0.135,        0.14,   0.0154496,    0.00351725
    659,        13,        38,             1,      0.96,      1.04,      0.1375,     0.135,        0.14,  0.00230494,   0.000933191
    660,        14,        38,          1.08,      1.04,      1.12,      0.1375,     0.135,        0.14,  0.00531356,    0.00372293
    661,        15,        38,          1.16,      1.12,       1.2,      0.1375,     0.135,        0.14, 0.000202919,   0.000202919
    664,         1,        39,          0.04,         0,      0.08,      0.1425,      0.14,       0.145,           0,             0
    665,         2,        39,          0.12,      0.08,      0.16,      0.1425,      0.14,       0.145,           0,             0
    666,         3,        39,           0.2,      0.16,      0.24,      0.1425,      0.14,       0.145,           0,             0
    667,         4,        39,          0.28,      0.24,      0.32,      0.1425,      0.14,       0.145,     8.52977,       2.04544
    668,         5,        39,          0.36,      0.32,       0.4,      0.1425,      0.14,       0.145,     13.2081,       1.13992
    669,         6,        39,          0.44,       0.4,      0.48,      0.1425,      0.14,       0.145,     5.93188,      0.328461
    670,         7,        39,          0.52,      0.48,      0.56,      0.1425,      0.14,       0.145,     2.97899,      0.140608
    671,         8,        39,           0.6,      0.56,      0.64,      0.1425,      0.14,       0.145,     1.55427,     0.0800024
    672,         9,        39,          0.68,      0.64,      0.72,      0.1425,      0.14,       0.145,    0.606526,     0.0454031
    673,        10,        39,          0.76,      0.72,       0.8,      0.1425,      0.14,       0.145,    0.242496,     0.0262588
    674,        11,        39,          0.84,       0.8,      0.88,      0.1425,      0.14,       0.145,   0.0671853,      0.010615
    675,        12,        39,          0.92,      0.88,      0.96,      0.1425,      0.14,       0.145,   0.0244091,    0.00631153
    676,        13,        39,             1,      0.96,      1.04,      0.1425,      0.14,       0.145,  0.00714878,    0.00308561
    677,        14,        39,          1.08,      1.04,      1.12,      0.1425,      0.14,       0.145,  0.00534066,    0.00336559
    678,        15,        39,          1.16,      1.12,       1.2,      0.1425,      0.14,       0.145, 0.000673631,   0.000614892
    681,         1,        40,          0.04,         0,      0.08,      0.1475,     0.145,        0.15,           0,             0
    682,         2,        40,          0.12,      0.08,      0.16,      0.1475,     0.145,        0.15,           0,             0
    683,         3,        40,           0.2,      0.16,      0.24,      0.1475,     0.145,        0.15,           0,             0
    684,         4,        40,          0.28,      0.24,      0.32,      0.1475,     0.145,        0.15,     4.02843,       1.20372
    685,         5,        40,          0.36,      0.32,       0.4,      0.1475,     0.145,        0.15,     12.0161,        1.0257
    686,         6,        40,          0.44,       0.4,      0.48,      0.1475,     0.145,        0.15,     6.50578,      0.369974
    687,         7,        40,          0.52,      0.48,      0.56,      0.1475,     0.145,        0.15,     3.01918,      0.205602
    688,         8,        40,           0.6,      0.56,      0.64,      0.1475,     0.145,        0.15,     1.53296,      0.100613
    689,         9,        40,          0.68,      0.64,      0.72,      0.1475,     0.145,        0.15,     0.72189,      0.111796
    690,        10,        40,          0.76,      0.72,       0.8,      0.1475,     0.145,        0.15,    0.192871,     0.0180424
    691,        11,        40,          0.84,       0.8,      0.88,      0.1475,     0.145,        0.15,    0.059139,    0.00994405
    692,        12,        40,          0.92,      0.88,      0.96,      0.1475,     0.145,        0.15,   0.0193813,    0.00506604
    693,        13,        40,             1,      0.96,      1.04,      0.1475,     0.145,        0.15,  0.00622884,    0.00341527
    694,        14,        40,          1.08,      1.04,      1.12,      0.1475,     0.145,        0.15,  0.00416816,    0.00401662
    695,        15,        40,          1.16,      1.12,       1.2,      0.1475,     0.145,        0.15, 4.59318e-05,   4.59318e-05
    698,         1,        41,          0.04,         0,      0.08,      0.1525,      0.15,       0.155,           0,             0
    699,         2,        41,          0.12,      0.08,      0.16,      0.1525,      0.15,       0.155,           0,             0
    700,         3,        41,           0.2,      0.16,      0.24,      0.1525,      0.15,       0.155,           0,             0
    701,         4,        41,          0.28,      0.24,      0.32,      0.1525,      0.15,       0.155,     3.42051,       1.54806
    702,         5,        41,          0.36,      0.32,       0.4,      0.1525,      0.15,       0.155,     11.1646,       1.13204
    703,         6,        41,          0.44,       0.4,      0.48,      0.1525,      0.15,       0.155,     7.30639,      0.799499
    704,         7,        41,          0.52,      0.48,      0.56,      0.1525,      0.15,       0.155,     3.04309,      0.276494
    705,         8,        41,           0.6,      0.56,      0.64,      0.1525,      0.15,       0.155,     1.42782,     0.0802142
    706,         9,        41,          0.68,      0.64,      0.72,      0.1525,      0.15,       0.155,    0.532617,     0.0299329
    707,        10,        41,          0.76,      0.72,       0.8,      0.1525,      0.15,       0.155,    0.193156,     0.0333547
    708,        11,        41,          0.84,       0.8,      0.88,      0.1525,      0.15,       0.155,     0.06503,    0.00912342
    709,        12,        41,          0.92,      0.88,      0.96,      0.1525,      0.15,       0.155,   0.0200495,    0.00535595
    710,        13,        41,             1,      0.96,      1.04,      0.1525,      0.15,       0.155,  0.00322878,    0.00123965
    711,        14,        41,          1.08,      1.04,      1.12,      0.1525,      0.15,       0.155,  0.00617001,    0.00414447
    712,        15,        41,          1.16,      1.12,       1.2,      0.1525,      0.15,       0.155,   0.0221215,      0.021631
    715,         1,        42,          0.04,         0,      0.08,      0.1575,     0.155,        0.16,           0,             0
    716,         2,        42,          0.12,      0.08,      0.16,      0.1575,     0.155,        0.16,           0,             0
    717,         3,        42,           0.2,      0.16,      0.24,      0.1575,     0.155,        0.16,           0,             0
    718,         4,        42,          0.28,      0.24,      0.32,      0.1575,     0.155,        0.16,      3.0641,       1.24036
    719,         5,        42,          0.36,      0.32,       0.4,      0.1575,     0.155,        0.16,     12.2767,       1.51496
    720,         6,        42,          0.44,       0.4,      0.48,      0.1575,     0.155,        0.16,     6.47569,      0.428402
    721,         7,        42,          0.52,      0.48,      0.56,      0.1575,     0.155,        0.16,     3.54515,      0.460521
    722,         8,        42,           0.6,      0.56,      0.64,      0.1575,     0.155,        0.16,     1.47684,     0.0903005
    723,         9,        42,          0.68,      0.64,      0.72,      0.1575,     0.155,        0.16,    0.964182,      0.416696
    724,        10,        42,          0.76,      0.72,       0.8,      0.1575,     0.155,        0.16,    0.209494,     0.0263379
    725,        11,        42,          0.84,       0.8,      0.88,      0.1575,     0.155,        0.16,    0.159531,     0.0963236
    726,        12,        42,          0.92,      0.88,      0.96,      0.1575,     0.155,        0.16,   0.0143474,    0.00198847
    727,        13,        42,             1,      0.96,      1.04,      0.1575,     0.155,        0.16,  0.00777738,    0.00371599
    728,        14,        42,          1.08,      1.04,      1.12,      0.1575,     0.155,        0.16, 0.000443259,   0.000287704
    729,        15,        42,          1.16,      1.12,       1.2,      0.1575,     0.155,        0.16, 0.000137115,   0.000116488
    732,         1,        43,          0.04,         0,      0.08,      0.1625,      0.16,       0.165,           0,             0
    733,         2,        43,          0.12,      0.08,      0.16,      0.1625,      0.16,       0.165,           0,             0
    734,         3,        43,           0.2,      0.16,      0.24,      0.1625,      0.16,       0.165,           0,             0
    735,         4,        43,          0.28,      0.24,      0.32,      0.1625,      0.16,       0.165,     2.80121,       1.37407
    736,         5,        43,          0.36,      0.32,       0.4,      0.1625,      0.16,       0.165,     14.1234,       1.59523
    737,         6,        43,          0.44,       0.4,      0.48,      0.1625,      0.16,       0.165,     6.03076,      0.409159
    738,         7,        43,          0.52,      0.48,      0.56,      0.1625,      0.16,       0.165,     3.63213,      0.379997
    739,         8,        43,           0.6,      0.56,      0.64,      0.1625,      0.16,       0.165,     1.37105,     0.0891107
    740,         9,        43,          0.68,      0.64,      0.72,      0.1625,      0.16,       0.165,    0.551881,     0.0348176
    741,        10,        43,          0.76,      0.72,       0.8,      0.1625,      0.16,       0.165,    0.210588,     0.0269945
    742,        11,        43,          0.84,       0.8,      0.88,      0.1625,      0.16,       0.165,   0.0728916,     0.0104419
    743,        12,        43,          0.92,      0.88,      0.96,      0.1625,      0.16,       0.165,   0.0324253,     0.0105149
    744,        13,        43,             1,      0.96,      1.04,      0.1625,      0.16,       0.165,  0.00620469,     0.0029963
    745,        14,        43,          1.08,      1.04,      1.12,      0.1625,      0.16,       0.165, 0.000688054,   0.000331731
    746,        15,        43,          1.16,      1.12,       1.2,      0.1625,      0.16,       0.165,  0.00205278,     0.0015903
    749,         1,        44,          0.04,         0,      0.08,      0.1675,     0.165,        0.17,           0,             0
    750,         2,        44,          0.12,      0.08,      0.16,      0.1675,     0.165,        0.17,           0,             0
    751,         3,        44,           0.2,      0.16,      0.24,      0.1675,     0.165,        0.17,           0,             0
    752,         4,        44,          0.28,      0.24,      0.32,      0.1675,     0.165,        0.17,     2.77383,       1.33331
    753,         5,        44,          0.36,      0.32,       0.4,      0.1675,     0.165,        0.17,     13.8801,       1.79348
    754,         6,        44,          0.44,       0.4,      0.48,      0.1675,     0.165,        0.17,     6.01825,      0.434343
    755,         7,        44,          0.52,      0.48,      0.56,      0.1675,     0.165,        0.17,     3.12566,      0.181458
    756,         8,        44,           0.6,      0.56,      0.64,      0.1675,     0.165,        0.17,     1.60354,     0.0844237
    757,         9,        44,          0.68,      0.64,      0.72,      0.1675,     0.165,        0.17,    0.544816,     0.0319504
    758,        10,        44,          0.76,      0.72,       0.8,      0.1675,     0.165,        0.17,    0.236413,     0.0285991
    759,        11,        44,          0.84,       0.8,      0.88,      0.1675,     0.165,        0.17,   0.0482573,    0.00709419
    760,        12,        44,          0.92,      0.88,      0.96,      0.1675,     0.165,        0.17,   0.0129524,    0.00200535
    761,        13,        44,             1,      0.96,      1.04,      0.1675,     0.165,        0.17,  0.00451968,      0.002627
    762,        14,        44,          1.08,      1.04,      1.12,      0.1675,     0.165,        0.17,  0.00137938,   0.000837277
    763,        15,        44,          1.16,      1.12,       1.2,      0.1675,     0.165,        0.17,           0,             0
    766,         1,        45,          0.04,         0,      0.08,      0.1725,      0.17,       0.175,           0,             0
    767,         2,        45,          0.12,      0.08,      0.16,      0.1725,      0.17,       0.175,           0,             0
    768,         3,        45,           0.2,      0.16,      0.24,      0.1725,      0.17,       0.175,           0,             0
    769,         4,        45,          0.28,      0.24,      0.32,      0.1725,      0.17,       0.175,    0.860999,      0.614296
    770,         5,        45,          0.36,      0.32,       0.4,      0.1725,      0.17,       0.175,     10.8354,       1.66396
    771,         6,        45,          0.44,       0.4,      0.48,      0.1725,      0.17,       0.175,     6.15408,      0.457927
    772,         7,        45,          0.52,      0.48,      0.56,      0.1725,      0.17,       0.175,     3.03484,       0.14767
    773,         8,        45,           0.6,      0.56,      0.64,      0.1725,      0.17,       0.175,     1.67382,      0.196245
    774,         9,        45,          0.68,      0.64,      0.72,      0.1725,      0.17,       0.175,    0.586584,     0.0464081
    775,        10,        45,          0.76,      0.72,       0.8,      0.1725,      0.17,       0.175,    0.297424,     0.0508081
    776,        11,        45,          0.84,       0.8,      0.88,      0.1725,      0.17,       0.175,   0.0634049,     0.0082418
    777,        12,        45,          0.92,      0.88,      0.96,      0.1725,      0.17,       0.175,    0.014438,     0.0032064
    778,        13,        45,             1,      0.96,      1.04,      0.1725,      0.17,       0.175,  0.00100254,   0.000387197
    779,        14,        45,          1.08,      1.04,      1.12,      0.1725,      0.17,       0.175,  0.00291464,    0.00136027
    780,        15,        45,          1.16,      1.12,       1.2,      0.1725,      0.17,       0.175,           0,             0
    783,         1,        46,          0.04,         0,      0.08,      0.1775,     0.175,        0.18,           0,             0
    784,         2,        46,          0.12,      0.08,      0.16,      0.1775,     0.175,        0.18,           0,             0
    785,         3,        46,           0.2,      0.16,      0.24,      0.1775,     0.175,        0.18,           0,             0
    786,         4,        46,          0.28,      0.24,      0.32,      0.1775,     0.175,        0.18,    0.713483,      0.713483
    787,         5,        46,          0.36,      0.32,       0.4,      0.1775,     0.175,        0.18,     11.2161,       1.57105
    788,         6,        46,          0.44,       0.4,      0.48,      0.1775,     0.175,        0.18,     6.77279,      0.496416
    789,         7,        46,          0.52,      0.48,      0.56,      0.1775,     0.175,        0.18,     2.97722,      0.154891
    790,         8,        46,           0.6,      0.56,      0.64,      0.1775,     0.175,        0.18,     1.60689,       0.10759
    791,         9,        46,          0.68,      0.64,      0.72,      0.1775,     0.175,        0.18,    0.698462,     0.0619563
    792,        10,        46,          0.76,      0.72,       0.8,      0.1775,     0.175,        0.18,    0.261329,     0.0222333
    793,        11,        46,          0.84,       0.8,      0.88,      0.1775,     0.175,        0.18,   0.0572227,    0.00749167
    794,        12,        46,          0.92,      0.88,      0.96,      0.1775,     0.175,        0.18,   0.0311581,    0.00810403
    795,        13,        46,             1,      0.96,      1.04,      0.1775,     0.175,        0.18,  0.00798681,    0.00325514
    796,        14,        46,          1.08,      1.04,      1.12,      0.1775,     0.175,        0.18,  0.00471873,    0.00279479
    797,        15,        46,          1.16,      1.12,       1.2,      0.1775,     0.175,        0.18,  0.00172195,    0.00107952
    800,         1,        47,          0.04,         0,      0.08,      0.1825,      0.18,       0.185,           0,             0
    801,         2,        47,          0.12,      0.08,      0.16,      0.1825,      0.18,       0.185,           0,             0
    802,         3,        47,           0.2,      0.16,      0.24,      0.1825,      0.18,       0.185,           0,             0
    803,         4,        47,          0.28,      0.24,      0.32,      0.1825,      0.18,       0.185,   0.0131711,     0.0131711
    804,         5,        47,          0.36,      0.32,       0.4,      0.1825,      0.18,       0.185,     8.56745,       1.79463
    805,         6,        47,          0.44,       0.4,      0.48,      0.1825,      0.18,       0.185,     6.55113,      0.569229
    806,         7,        47,          0.52,      0.48,      0.56,      0.1825,      0.18,       0.185,     3.76444,      0.517217
    807,         8,        47,           0.6,      0.56,      0.64,      0.1825,      0.18,       0.185,     1.81137,      0.255561
    808,         9,        47,          0.68,      0.64,      0.72,      0.1825,      0.18,       0.185,    0.564634,     0.0414852
    809,        10,        47,          0.76,      0.72,       0.8,      0.1825,      0.18,       0.185,    0.230199,      0.021636
    810,        11,        47,          0.84,       0.8,      0.88,      0.1825,      0.18,       0.185,   0.0762413,     0.0149928
    811,        12,        47,          0.92,      0.88,      0.96,      0.1825,      0.18,       0.185,   0.0253429,    0.00559938
    812,        13,        47,             1,      0.96,      1.04,      0.1825,      0.18,       0.185,  0.00341503,   0.000885223
    813,        14,        47,          1.08,      1.04,      1.12,      0.1825,      0.18,       0.185, 0.000839648,   0.000419448
    814,        15,        47,          1.16,      1.12,       1.2,      0.1825,      0.18,       0.185,  0.00378238,    0.00346948
    817,         1,        48,          0.04,         0,      0.08,      0.1875,     0.185,        0.19,           0,             0
    818,         2,        48,          0.12,      0.08,      0.16,      0.1875,     0.185,        0.19,           0,             0
    819,         3,        48,           0.2,      0.16,      0.24,      0.1875,     0.185,        0.19,           0,             0
    820,         4,        48,          0.28,      0.24,      0.32,      0.1875,     0.185,        0.19,  0.00605678,    0.00605678
    821,         5,        48,          0.36,      0.32,       0.4,      0.1875,     0.185,        0.19,     6.91759,        1.2781
    822,         6,        48,          0.44,       0.4,      0.48,      0.1875,     0.185,        0.19,     6.79618,      0.642329
    823,         7,        48,          0.52,      0.48,      0.56,      0.1875,     0.185,        0.19,     3.20607,        0.2634
    824,         8,        48,           0.6,      0.56,      0.64,      0.1875,     0.185,        0.19,     1.54607,     0.0848624
    825,         9,        48,          0.68,      0.64,      0.72,      0.1875,     0.185,        0.19,    0.603058,     0.0378586
    826,        10,        48,          0.76,      0.72,       0.8,      0.1875,     0.185,        0.19,     0.19745,     0.0159842
    827,        11,        48,          0.84,       0.8,      0.88,      0.1875,     0.185,        0.19,   0.0539082,    0.00719731
    828,        12,        48,          0.92,      0.88,      0.96,      0.1875,     0.185,        0.19,   0.0315432,    0.00848884
    829,        13,        48,             1,      0.96,      1.04,      0.1875,     0.185,        0.19,  0.00858768,    0.00328463
    830,        14,        48,          1.08,      1.04,      1.12,      0.1875,     0.185,        0.19,  0.00296311,    0.00185854
    831,        15,        48,          1.16,      1.12,       1.2,      0.1875,     0.185,        0.19,  0.00934715,    0.00511551
    834,         1,        49,          0.04,         0,      0.08,      0.1925,      0.19,       0.195,           0,             0
    835,         2,        49,          0.12,      0.08,      0.16,      0.1925,      0.19,       0.195,           0,             0
    836,         3,        49,           0.2,      0.16,      0.24,      0.1925,      0.19,       0.195,           0,             0
    837,         4,        49,          0.28,      0.24,      0.32,      0.1925,      0.19,       0.195,           0,             0
    838,         5,        49,          0.36,      0.32,       0.4,      0.1925,      0.19,       0.195,     8.50101,       1.82678
    839,         6,        49,          0.44,       0.4,      0.48,      0.1925,      0.19,       0.195,     8.99405,      0.831837
    840,         7,        49,          0.52,      0.48,      0.56,      0.1925,      0.19,       0.195,     3.04501,      0.178595
    841,         8,        49,           0.6,      0.56,      0.64,      0.1925,      0.19,       0.195,     1.56663,      0.124963
    842,         9,        49,          0.68,      0.64,      0.72,      0.1925,      0.19,       0.195,    0.689806,     0.0397496
    843,        10,        49,          0.76,      0.72,       0.8,      0.1925,      0.19,       0.195,     0.21002,     0.0161764
    844,        11,        49,          0.84,       0.8,      0.88,      0.1925,      0.19,       0.195,    0.190453,      0.104297
    845,        12,        49,          0.92,      0.88,      0.96,      0.1925,      0.19,       0.195,   0.0381102,     0.0183194
    846,        13,        49,             1,      0.96,      1.04,      0.1925,      0.19,       0.195,  0.00538656,    0.00161573
    847,        14,        49,          1.08,      1.04,      1.12,      0.1925,      0.19,       0.195,   0.0075579,    0.00574952
    848,        15,        49,          1.16,      1.12,       1.2,      0.1925,      0.19,       0.195, 0.000144568,   7.75614e-05
    851,         1,        50,          0.04,         0,      0.08,      0.1975,     0.195,         0.2,           0,             0
    852,         2,        50,          0.12,      0.08,      0.16,      0.1975,     0.195,         0.2,           0,             0
    853,         3,        50,           0.2,      0.16,      0.24,      0.1975,     0.195,         0.2,           0,             0
    854,         4,        50,          0.28,      0.24,      0.32,      0.1975,     0.195,         0.2,           0,             0
    855,         5,        50,          0.36,      0.32,       0.4,      0.1975,     0.195,         0.2,     7.01488,       1.97864
    856,         6,        50,          0.44,       0.4,      0.48,      0.1975,     0.195,         0.2,     8.08818,      0.818586
    857,         7,        50,          0.52,      0.48,      0.56,      0.1975,     0.195,         0.2,     3.20794,      0.217803
    858,         8,        50,           0.6,      0.56,      0.64,      0.1975,     0.195,         0.2,     1.43136,       0.07374
    859,         9,        50,          0.68,      0.64,      0.72,      0.1975,     0.195,         0.2,    0.796228,     0.0848958
    860,        10,        50,          0.76,      0.72,       0.8,      0.1975,     0.195,         0.2,    0.284621,     0.0355201
    861,        11,        50,          0.84,       0.8,      0.88,      0.1975,     0.195,         0.2,   0.0778169,     0.0124159
    862,        12,        50,          0.92,      0.88,      0.96,      0.1975,     0.195,         0.2,   0.0307972,    0.00732537
    863,        13,        50,             1,      0.96,      1.04,      0.1975,     0.195,         0.2,   0.0142208,    0.00663175
    864,        14,        50,          1.08,      1.04,      1.12,      0.1975,     0.195,         0.2,  0.00343929,    0.00215724
    865,        15,        50,          1.16,      1.12,       1.2,      0.1975,     0.195,         0.2,  0.00639154,    0.00639154
