# 1D Histogram Bin Extraction 
#                   
# histogram parameters:  
# xbins      = 40   | xlabel: Final Electron Angle, th_e, [deg] 
# xbin width = 0.100 
#                   
# header definitions:
# ib:          x-bin number 
# xb:          x-axis bin number 
# x0:          x-axis central bin value 
# xlow:        x-axis low-edge bin value 
# xup:         x-axis up-edge bin value 
# bin_cnt:     bin content (y-axis) 
# bin_cnt_err: bin content error (y-axis) 
#                                        
#! ib[i,0]/  xb[i,1]/  x0[f,2]/  xlow[f,3]/  xup[f,4]/  bin_cnt[f,5]/  bin_cnt_err[f,6]/  
      1         1         10.05        10      10.1 0.000294426   0.000206795
      2         2         10.15      10.1      10.2   0.0155406    0.00548153
      3         3         10.25      10.2      10.3   0.0447978    0.00789792
      4         4         10.35      10.3      10.4     0.24962      0.020849
      5         5         10.45      10.4      10.5    0.765115      0.035502
      6         6         10.55      10.5      10.6     2.06444      0.057178
      7         7         10.65      10.6      10.7     5.79698      0.084034
      8         8         10.75      10.7      10.8     14.7798      0.117306
      9         9         10.85      10.8      10.9     24.6482       0.13543
     10        10         10.95      10.9        11     29.2373      0.136539
     11        11         11.05        11      11.1     29.6389      0.128104
     12        12         11.15      11.1      11.2     27.9284      0.116583
     13        13         11.25      11.2      11.3     25.7189      0.105303
     14        14         11.35      11.3      11.4     23.1057      0.094659
     15        15         11.45      11.4      11.5     20.4952     0.0850697
     16        16         11.55      11.5      11.6     18.1424     0.0790479
     17        17         11.65      11.6      11.7     15.7015     0.0712903
     18        18         11.75      11.7      11.8     13.4397     0.0642625
     19        19         11.85      11.8      11.9     11.5476     0.0573512
     20        20         11.95      11.9        12      9.9345      0.052426
     21        21         12.05        12      12.1     8.39002     0.0469602
     22        22         12.15      12.1      12.2     7.16426     0.0415939
     23        23         12.25      12.2      12.3     6.07859     0.0376552
     24        24         12.35      12.3      12.4     5.18339     0.0348733
     25        25         12.45      12.4      12.5     4.32991     0.0297084
     26        26         12.55      12.5      12.6     3.62918     0.0267033
     27        27         12.65      12.6      12.7     3.04817     0.0231929
     28        28         12.75      12.7      12.8     2.54621     0.0210759
     29        29         12.85      12.8      12.9      2.0882     0.0179892
     30        30         12.95      12.9        13     1.69086     0.0152237
     31        31         13.05        13      13.1     1.35954     0.0122645
     32        32         13.15      13.1      13.2     1.07333     0.0100981
     33        33         13.25      13.2      13.3    0.738323    0.00733001
     34        34         13.35      13.3      13.4    0.448179    0.00507674
     35        35         13.45      13.4      13.5    0.211455    0.00289397
     36        36         13.55      13.5      13.6   0.0781382    0.00141241
     37        37         13.65      13.6      13.7   0.0212325   0.000634174
     38        38         13.75      13.7      13.8  0.00412481   0.000256606
     39        39         13.85      13.8      13.9 0.000239264   3.89589e-05
     40        40         13.95      13.9        14 1.56903e-06   1.04772e-06
