# 1D Histogram Bin Extraction 
#                   
# histogram parameters:  
# xbins      = 60   | xlabel: Ztar diff [cm] 
# xbin width = 0.333 
#                   
# header definitions:
# ib:          x-bin number 
# xb:          x-axis bin number 
# x0:          x-axis central bin value 
# xlow:        x-axis low-edge bin value 
# xup:         x-axis up-edge bin value 
# bin_cnt:     bin content (y-axis) 
# bin_cnt_err: bin content error (y-axis) 
#                                        
#! ib[i,0]/  xb[i,1]/  x0[f,2]/  xlow[f,3]/  xup[f,4]/  bin_cnt[f,5]/  bin_cnt_err[f,6]/  
      1         1      -9.83333       -10  -9.66667    0.152879    0.00732347
      2         2          -9.5  -9.66667  -9.33333    0.159351    0.00722929
      3         3      -9.16667  -9.33333        -9    0.192703    0.00978604
      4         4      -8.83333        -9  -8.66667    0.209921      0.010297
      5         5          -8.5  -8.66667  -8.33333    0.236696     0.0122676
      6         6      -8.16667  -8.33333        -8    0.271019     0.0121032
      7         7      -7.83333        -8  -7.66667    0.267888    0.00988254
      8         8          -7.5  -7.66667  -7.33333    0.313019     0.0123651
      9         9      -7.16667  -7.33333        -7    0.346947     0.0136265
     10        10      -6.83333        -7  -6.66667     0.40087     0.0159246
     11        11          -6.5  -6.66667  -6.33333    0.464521     0.0168039
     12        12      -6.16667  -6.33333        -6    0.556391     0.0209035
     13        13      -5.83333        -6  -5.66667    0.591185     0.0221426
     14        14          -5.5  -5.66667  -5.33333    0.715225     0.0240453
     15        15      -5.16667  -5.33333        -5    0.791001     0.0255214
     16        16      -4.83333        -5  -4.66667    0.906944     0.0279273
     17        17          -4.5  -4.66667  -4.33333     1.13563     0.0331215
     18        18      -4.16667  -4.33333        -4     1.28445     0.0334018
     19        19      -3.83333        -4  -3.66667     1.50448     0.0369012
     20        20          -3.5  -3.66667  -3.33333     1.83118      0.039064
     21        21      -3.16667  -3.33333        -3     2.28291     0.0442542
     22        22      -2.83333        -3  -2.66667     2.94965     0.0496502
     23        23          -2.5  -2.66667  -2.33333     3.79183     0.0535113
     24        24      -2.16667  -2.33333        -2     5.32354     0.0599383
     25        25      -1.83333        -2  -1.66667     7.87943     0.0683577
     26        26          -1.5  -1.66667  -1.33333     12.0894      0.077048
     27        27      -1.16667  -1.33333        -1     18.2787     0.0895112
     28        28     -0.833333        -1 -0.666667     25.1092      0.100758
     29        29          -0.5 -0.666667 -0.333333      30.661      0.107844
     30        30     -0.166667 -0.333333         0     34.1897      0.112227
     31        31      0.166667         0  0.333333     33.5343      0.110081
     32        32           0.5  0.333333  0.666667     28.9979       0.10445
     33        33      0.833333  0.666667         1     22.9626     0.0956536
     34        34       1.16667         1   1.33333     16.2975     0.0841572
     35        35           1.5   1.33333   1.66667     10.9444     0.0750071
     36        36       1.83333   1.66667         2     7.15617     0.0635527
     37        37       2.16667         2   2.33333     5.03874     0.0577897
     38        38           2.5   2.33333   2.66667     3.89861     0.0529426
     39        39       2.83333   2.66667         3     3.11064     0.0498174
     40        40       3.16667         3   3.33333     2.60363     0.0457918
     41        41           3.5   3.33333   3.66667     2.28327     0.0426207
     42        42       3.83333   3.66667         4     1.97828     0.0383005
     43        43       4.16667         4   4.33333     1.83373     0.0374784
     44        44           4.5   4.33333   4.66667     1.68874     0.0363643
     45        45       4.83333   4.66667         5      1.5158     0.0318118
     46        46       5.16667         5   5.33333     1.41746     0.0308302
     47        47           5.5   5.33333   5.66667     1.35515     0.0296538
     48        48       5.83333   5.66667         6     1.21634     0.0264457
     49        49       6.16667         6   6.33333     1.20175     0.0265364
     50        50           6.5   6.33333   6.66667     1.10214     0.0244935
     51        51       6.83333   6.66667         7     1.09192     0.0240104
     52        52       7.16667         7   7.33333     1.04018     0.0242453
     53        53           7.5   7.33333   7.66667    0.985035     0.0224752
     54        54       7.83333   7.66667         8    0.888311     0.0203354
     55        55       8.16667         8   8.33333    0.882157      0.020445
     56        56           8.5   8.33333   8.66667    0.820894     0.0194771
     57        57       8.83333   8.66667         9    0.762391     0.0186578
     58        58       9.16667         9   9.33333    0.726485     0.0185017
     59        59           9.5   9.33333   9.66667    0.700258     0.0183946
     60        60       9.83333   9.66667        10    0.622597     0.0168501
