# 2D Histogram Bin Extraction 
#                   
# histogram parameters:  
# title      : Em_nuc vs. Pm 
# ybins      : 50 
# ylabel     :  
# xbins      : 15 
# xlabel     :  
# ybin_width : 0.005 
# xbin_width : 0.080 
#                   
# header definitions:
# ib:         (x,y)  bin number 
# xb:         x-axis bin number 
# yb:         y-axis bin number 
# x0:         x-axis central bin value 
# xlow:       x-axis low-edge bin value 
# xup:        x-axis up-edge bin value 
# y0:         y-axis central bin value 
# ylow:       y-axis low-edge bin value 
# yup:        y-axis up-edge bin value 
# zcont:      bin content (z-axis) 
# zcont_err:  bin content error (z-axis) 
#                                        
ib,xb,yb,x0,xlow,xup,y0,ylow,yup,zcont,zcont_err
     18,         1,         1,          0.04,         0,      0.08,     -0.0475,     -0.05,      -0.045,      207.22,       85.5892
     19,         2,         1,          0.12,      0.08,      0.16,     -0.0475,     -0.05,      -0.045,     3223.76,       309.721
     20,         3,         1,           0.2,      0.16,      0.24,     -0.0475,     -0.05,      -0.045,      931.24,       68.5664
     21,         4,         1,          0.28,      0.24,      0.32,     -0.0475,     -0.05,      -0.045,     111.842,         15.72
     22,         5,         1,          0.36,      0.32,       0.4,     -0.0475,     -0.05,      -0.045,     85.6017,       29.1441
     23,         6,         1,          0.44,       0.4,      0.48,     -0.0475,     -0.05,      -0.045,     44.2646,       13.7976
     24,         7,         1,          0.52,      0.48,      0.56,     -0.0475,     -0.05,      -0.045,     1.25889,      0.528262
     25,         8,         1,           0.6,      0.56,      0.64,     -0.0475,     -0.05,      -0.045,     0.14181,     0.0289785
     26,         9,         1,          0.68,      0.64,      0.72,     -0.0475,     -0.05,      -0.045,   0.0437248,     0.0163124
     27,        10,         1,          0.76,      0.72,       0.8,     -0.0475,     -0.05,      -0.045,   0.0122266,    0.00772502
     28,        11,         1,          0.84,       0.8,      0.88,     -0.0475,     -0.05,      -0.045, 0.000365967,   0.000269127
     29,        12,         1,          0.92,      0.88,      0.96,     -0.0475,     -0.05,      -0.045,  0.00447652,    0.00416399
     30,        13,         1,             1,      0.96,      1.04,     -0.0475,     -0.05,      -0.045,           0,             0
     31,        14,         1,          1.08,      1.04,      1.12,     -0.0475,     -0.05,      -0.045,   0.0244741,     0.0244741
     32,        15,         1,          1.16,      1.12,       1.2,     -0.0475,     -0.05,      -0.045, 0.000370649,   0.000370649
     35,         1,         2,          0.04,         0,      0.08,     -0.0425,    -0.045,       -0.04,     379.528,       118.509
     36,         2,         2,          0.12,      0.08,      0.16,     -0.0425,    -0.045,       -0.04,     4866.52,       349.661
     37,         3,         2,           0.2,      0.16,      0.24,     -0.0425,    -0.045,       -0.04,     980.314,       53.8911
     38,         4,         2,          0.28,      0.24,      0.32,     -0.0425,    -0.045,       -0.04,     103.747,       9.13996
     39,         5,         2,          0.36,      0.32,       0.4,     -0.0425,    -0.045,       -0.04,     91.9776,       46.9138
     40,         6,         2,          0.44,       0.4,      0.48,     -0.0425,    -0.045,       -0.04,     45.8905,       17.2167
     41,         7,         2,          0.52,      0.48,      0.56,     -0.0425,    -0.045,       -0.04,     4.10229,       2.31074
     42,         8,         2,           0.6,      0.56,      0.64,     -0.0425,    -0.045,       -0.04,     0.17095,     0.0318977
     43,         9,         2,          0.68,      0.64,      0.72,     -0.0425,    -0.045,       -0.04,   0.0367118,     0.0103395
     44,        10,         2,          0.76,      0.72,       0.8,     -0.0425,    -0.045,       -0.04,  0.00682607,    0.00286296
     45,        11,         2,          0.84,       0.8,      0.88,     -0.0425,    -0.045,       -0.04,  0.00447039,    0.00352019
     46,        12,         2,          0.92,      0.88,      0.96,     -0.0425,    -0.045,       -0.04,   0.0119439,    0.00743645
     47,        13,         2,             1,      0.96,      1.04,     -0.0425,    -0.045,       -0.04,   0.0187394,     0.0151629
     48,        14,         2,          1.08,      1.04,      1.12,     -0.0425,    -0.045,       -0.04,  0.00156126,    0.00128986
     49,        15,         2,          1.16,      1.12,       1.2,     -0.0425,    -0.045,       -0.04,   0.0129059,     0.0129059
     52,         1,         3,          0.04,         0,      0.08,     -0.0375,     -0.04,      -0.035,       872.1,       176.415
     53,         2,         3,          0.12,      0.08,      0.16,     -0.0375,     -0.04,      -0.035,     5982.57,       381.566
     54,         3,         3,           0.2,      0.16,      0.24,     -0.0375,     -0.04,      -0.035,     1005.93,       44.0947
     55,         4,         3,          0.28,      0.24,      0.32,     -0.0375,     -0.04,      -0.035,      97.294,       5.90547
     56,         5,         3,          0.36,      0.32,       0.4,     -0.0375,     -0.04,      -0.035,     113.659,       43.9517
     57,         6,         3,          0.44,       0.4,      0.48,     -0.0375,     -0.04,      -0.035,     30.4465,       8.17469
     58,         7,         3,          0.52,      0.48,      0.56,     -0.0375,     -0.04,      -0.035,     1.97115,      0.540546
     59,         8,         3,           0.6,      0.56,      0.64,     -0.0375,     -0.04,      -0.035,    0.240211,     0.0465274
     60,         9,         3,          0.68,      0.64,      0.72,     -0.0375,     -0.04,      -0.035,   0.0562284,      0.023221
     61,        10,         3,          0.76,      0.72,       0.8,     -0.0375,     -0.04,      -0.035,  0.00853807,    0.00400526
     62,        11,         3,          0.84,       0.8,      0.88,     -0.0375,     -0.04,      -0.035,  0.00720184,     0.0047866
     63,        12,         3,          0.92,      0.88,      0.96,     -0.0375,     -0.04,      -0.035,  0.00107467,    0.00107467
     64,        13,         3,             1,      0.96,      1.04,     -0.0375,     -0.04,      -0.035,     1.20167,       1.18377
     65,        14,         3,          1.08,      1.04,      1.12,     -0.0375,     -0.04,      -0.035, 0.000518526,   0.000518526
     66,        15,         3,          1.16,      1.12,       1.2,     -0.0375,     -0.04,      -0.035,  0.00169632,    0.00169632
     69,         1,         4,          0.04,         0,      0.08,     -0.0325,    -0.035,       -0.03,     2372.97,       297.826
     70,         2,         4,          0.12,      0.08,      0.16,     -0.0325,    -0.035,       -0.03,     7765.28,       446.333
     71,         3,         4,           0.2,      0.16,      0.24,     -0.0325,    -0.035,       -0.03,     1082.26,       52.0887
     72,         4,         4,          0.28,      0.24,      0.32,     -0.0325,    -0.035,       -0.03,     124.705,       31.3602
     73,         5,         4,          0.36,      0.32,       0.4,     -0.0325,    -0.035,       -0.03,     72.9366,       22.4382
     74,         6,         4,          0.44,       0.4,      0.48,     -0.0325,    -0.035,       -0.03,     14.0876,       3.86812
     75,         7,         4,          0.52,      0.48,      0.56,     -0.0325,    -0.035,       -0.03,     14.8075,       13.1935
     76,         8,         4,           0.6,      0.56,      0.64,     -0.0325,    -0.035,       -0.03,    0.236449,     0.0377789
     77,         9,         4,          0.68,      0.64,      0.72,     -0.0325,    -0.035,       -0.03,   0.0466657,     0.0147513
     78,        10,         4,          0.76,      0.72,       0.8,     -0.0325,    -0.035,       -0.03,  0.00879597,    0.00261635
     79,        11,         4,          0.84,       0.8,      0.88,     -0.0325,    -0.035,       -0.03,  0.00270757,    0.00223919
     80,        12,         4,          0.92,      0.88,      0.96,     -0.0325,    -0.035,       -0.03,   0.0213422,     0.0104462
     81,        13,         4,             1,      0.96,      1.04,     -0.0325,    -0.035,       -0.03,   0.0169385,     0.0117597
     82,        14,         4,          1.08,      1.04,      1.12,     -0.0325,    -0.035,       -0.03,    0.610421,        0.6084
     83,        15,         4,          1.16,      1.12,       1.2,     -0.0325,    -0.035,       -0.03,           0,             0
     86,         1,         5,          0.04,         0,      0.08,     -0.0275,     -0.03,      -0.025,     3888.58,        382.88
     87,         2,         5,          0.12,      0.08,      0.16,     -0.0275,     -0.03,      -0.025,     9982.81,       480.922
     88,         3,         5,           0.2,      0.16,      0.24,     -0.0275,     -0.03,      -0.025,     1027.84,       36.3522
     89,         4,         5,          0.28,      0.24,      0.32,     -0.0275,     -0.03,      -0.025,     109.192,       15.3998
     90,         5,         5,          0.36,      0.32,       0.4,     -0.0275,     -0.03,      -0.025,     70.0608,       19.2007
     91,         6,         5,          0.44,       0.4,      0.48,     -0.0275,     -0.03,      -0.025,      105.49,       57.4345
     92,         7,         5,          0.52,      0.48,      0.56,     -0.0275,     -0.03,      -0.025,     3.02507,       1.25941
     93,         8,         5,           0.6,      0.56,      0.64,     -0.0275,     -0.03,      -0.025,    0.398743,     0.0475133
     94,         9,         5,          0.68,      0.64,      0.72,     -0.0275,     -0.03,      -0.025,   0.0425593,    0.00917189
     95,        10,         5,          0.76,      0.72,       0.8,     -0.0275,     -0.03,      -0.025,  0.00802235,    0.00269711
     96,        11,         5,          0.84,       0.8,      0.88,     -0.0275,     -0.03,      -0.025,  0.00805476,    0.00569511
     97,        12,         5,          0.92,      0.88,      0.96,     -0.0275,     -0.03,      -0.025,   0.0246955,     0.0128289
     98,        13,         5,             1,      0.96,      1.04,     -0.0275,     -0.03,      -0.025,  0.00885875,    0.00631338
     99,        14,         5,          1.08,      1.04,      1.12,     -0.0275,     -0.03,      -0.025, 0.000426212,   0.000426212
    100,        15,         5,          1.16,      1.12,       1.2,     -0.0275,     -0.03,      -0.025,           0,             0
    103,         1,         6,          0.04,         0,      0.08,     -0.0225,    -0.025,       -0.02,     5895.75,       460.585
    104,         2,         6,          0.12,      0.08,      0.16,     -0.0225,    -0.025,       -0.02,     10816.8,       446.573
    105,         3,         6,           0.2,      0.16,      0.24,     -0.0225,    -0.025,       -0.02,     1018.63,       38.5424
    106,         4,         6,          0.28,      0.24,      0.32,     -0.0225,    -0.025,       -0.02,     177.347,       44.4339
    107,         5,         6,          0.36,      0.32,       0.4,     -0.0225,    -0.025,       -0.02,     89.5976,       23.9499
    108,         6,         6,          0.44,       0.4,      0.48,     -0.0225,    -0.025,       -0.02,     47.1849,       19.7343
    109,         7,         6,          0.52,      0.48,      0.56,     -0.0225,    -0.025,       -0.02,     1.77159,      0.300264
    110,         8,         6,           0.6,      0.56,      0.64,     -0.0225,    -0.025,       -0.02,    0.503129,     0.0958217
    111,         9,         6,          0.68,      0.64,      0.72,     -0.0225,    -0.025,       -0.02,    0.210271,       0.11895
    112,        10,         6,          0.76,      0.72,       0.8,     -0.0225,    -0.025,       -0.02,    0.020345,     0.0101675
    113,        11,         6,          0.84,       0.8,      0.88,     -0.0225,    -0.025,       -0.02,  0.00133779,    0.00110633
    114,        12,         6,          0.92,      0.88,      0.96,     -0.0225,    -0.025,       -0.02,    0.132381,     0.0872366
    115,        13,         6,             1,      0.96,      1.04,     -0.0225,    -0.025,       -0.02,  0.00169629,    0.00110698
    116,        14,         6,          1.08,      1.04,      1.12,     -0.0225,    -0.025,       -0.02,    0.306826,      0.274594
    117,        15,         6,          1.16,      1.12,       1.2,     -0.0225,    -0.025,       -0.02,           0,             0
    120,         1,         7,          0.04,         0,      0.08,     -0.0175,     -0.02,      -0.015,     11010.7,       640.592
    121,         2,         7,          0.12,      0.08,      0.16,     -0.0175,     -0.02,      -0.015,     11715.7,       425.673
    122,         3,         7,           0.2,      0.16,      0.24,     -0.0175,     -0.02,      -0.015,     1070.28,       36.4668
    123,         4,         7,          0.28,      0.24,      0.32,     -0.0175,     -0.02,      -0.015,     156.333,       32.6524
    124,         5,         7,          0.36,      0.32,       0.4,     -0.0175,     -0.02,      -0.015,     54.8005,       13.1417
    125,         6,         7,          0.44,       0.4,      0.48,     -0.0175,     -0.02,      -0.015,     20.7497,       6.79621
    126,         7,         7,          0.52,      0.48,      0.56,     -0.0175,     -0.02,      -0.015,     8.39602,       6.42694
    127,         8,         7,           0.6,      0.56,      0.64,     -0.0175,     -0.02,      -0.015,     0.42626,     0.0403475
    128,         9,         7,          0.68,      0.64,      0.72,     -0.0175,     -0.02,      -0.015,   0.0456938,     0.0105249
    129,        10,         7,          0.76,      0.72,       0.8,     -0.0175,     -0.02,      -0.015,  0.00375905,    0.00136222
    130,        11,         7,          0.84,       0.8,      0.88,     -0.0175,     -0.02,      -0.015,  0.00851925,    0.00680428
    131,        12,         7,          0.92,      0.88,      0.96,     -0.0175,     -0.02,      -0.015,  0.00385446,    0.00226284
    132,        13,         7,             1,      0.96,      1.04,     -0.0175,     -0.02,      -0.015,   0.0141021,    0.00911379
    133,        14,         7,          1.08,      1.04,      1.12,     -0.0175,     -0.02,      -0.015,  0.00867523,    0.00867523
    134,        15,         7,          1.16,      1.12,       1.2,     -0.0175,     -0.02,      -0.015,     41.7674,       41.7674
    137,         1,         8,          0.04,         0,      0.08,     -0.0125,    -0.015,       -0.01,     12910.7,       656.178
    138,         2,         8,          0.12,      0.08,      0.16,     -0.0125,    -0.015,       -0.01,     12464.2,        397.27
    139,         3,         8,           0.2,      0.16,      0.24,     -0.0125,    -0.015,       -0.01,     1053.09,       41.2269
    140,         4,         8,          0.28,      0.24,      0.32,     -0.0125,    -0.015,       -0.01,     149.004,       25.7192
    141,         5,         8,          0.36,      0.32,       0.4,     -0.0125,    -0.015,       -0.01,     130.999,       32.8277
    142,         6,         8,          0.44,       0.4,      0.48,     -0.0125,    -0.015,       -0.01,      18.786,       6.04194
    143,         7,         8,          0.52,      0.48,      0.56,     -0.0125,    -0.015,       -0.01,     14.0017,       10.0028
    144,         8,         8,           0.6,      0.56,      0.64,     -0.0125,    -0.015,       -0.01,     1.86716,       1.29003
    145,         9,         8,          0.68,      0.64,      0.72,     -0.0125,    -0.015,       -0.01,   0.0420182,    0.00986938
    146,        10,         8,          0.76,      0.72,       0.8,     -0.0125,    -0.015,       -0.01,  0.00563361,    0.00219038
    147,        11,         8,          0.84,       0.8,      0.88,     -0.0125,    -0.015,       -0.01,  0.00786565,    0.00533992
    148,        12,         8,          0.92,      0.88,      0.96,     -0.0125,    -0.015,       -0.01,  0.00694305,    0.00496465
    149,        13,         8,             1,      0.96,      1.04,     -0.0125,    -0.015,       -0.01,   0.0346766,     0.0223133
    150,        14,         8,          1.08,      1.04,      1.12,     -0.0125,    -0.015,       -0.01,  0.00086745,    0.00086745
    151,        15,         8,          1.16,      1.12,       1.2,     -0.0125,    -0.015,       -0.01,           0,             0
    154,         1,         9,          0.04,         0,      0.08,     -0.0075,     -0.01,      -0.005,     18851.7,        788.16
    155,         2,         9,          0.12,      0.08,      0.16,     -0.0075,     -0.01,      -0.005,     14910.4,       381.982
    156,         3,         9,           0.2,      0.16,      0.24,     -0.0075,     -0.01,      -0.005,     1174.38,       29.2578
    157,         4,         9,          0.28,      0.24,      0.32,     -0.0075,     -0.01,      -0.005,     199.553,       36.4176
    158,         5,         9,          0.36,      0.32,       0.4,     -0.0075,     -0.01,      -0.005,      93.053,        19.407
    159,         6,         9,          0.44,       0.4,      0.48,     -0.0075,     -0.01,      -0.005,     22.7456,       4.15876
    160,         7,         9,          0.52,      0.48,      0.56,     -0.0075,     -0.01,      -0.005,     4.46283,      0.629029
    161,         8,         9,           0.6,      0.56,      0.64,     -0.0075,     -0.01,      -0.005,    0.695418,      0.110478
    162,         9,         9,          0.68,      0.64,      0.72,     -0.0075,     -0.01,      -0.005,   0.0522984,     0.0174299
    163,        10,         9,          0.76,      0.72,       0.8,     -0.0075,     -0.01,      -0.005,  0.00591976,    0.00282167
    164,        11,         9,          0.84,       0.8,      0.88,     -0.0075,     -0.01,      -0.005,   0.0519565,      0.029285
    165,        12,         9,          0.92,      0.88,      0.96,     -0.0075,     -0.01,      -0.005,   0.0111171,    0.00642751
    166,        13,         9,             1,      0.96,      1.04,     -0.0075,     -0.01,      -0.005,    0.220373,       0.21606
    167,        14,         9,          1.08,      1.04,      1.12,     -0.0075,     -0.01,      -0.005,    0.615795,      0.614543
    168,        15,         9,          1.16,      1.12,       1.2,     -0.0075,     -0.01,      -0.005,  0.00124432,    0.00124432
    171,         1,        10,          0.04,         0,      0.08,     -0.0025,    -0.005,           0,     25419.9,       890.091
    172,         2,        10,          0.12,      0.08,      0.16,     -0.0025,    -0.005,           0,     17992.1,       375.029
    173,         3,        10,           0.2,      0.16,      0.24,     -0.0025,    -0.005,           0,     1410.95,       31.9174
    174,         4,        10,          0.28,      0.24,      0.32,     -0.0025,    -0.005,           0,     282.881,       53.8215
    175,         5,        10,          0.36,      0.32,       0.4,     -0.0025,    -0.005,           0,     111.414,       27.8495
    176,         6,        10,          0.44,       0.4,      0.48,     -0.0025,    -0.005,           0,     37.0159,       10.3586
    177,         7,        10,          0.52,      0.48,      0.56,     -0.0025,    -0.005,           0,     4.57932,        1.1993
    178,         8,        10,           0.6,      0.56,      0.64,     -0.0025,    -0.005,           0,    0.614366,      0.050016
    179,         9,        10,          0.68,      0.64,      0.72,     -0.0025,    -0.005,           0,    0.159677,      0.103713
    180,        10,        10,          0.76,      0.72,       0.8,     -0.0025,    -0.005,           0,   0.0115689,    0.00690993
    181,        11,        10,          0.84,       0.8,      0.88,     -0.0025,    -0.005,           0,    0.111297,       0.10709
    182,        12,        10,          0.92,      0.88,      0.96,     -0.0025,    -0.005,           0,    0.074792,     0.0725088
    183,        13,        10,             1,      0.96,      1.04,     -0.0025,    -0.005,           0,           0,             0
    184,        14,        10,          1.08,      1.04,      1.12,     -0.0025,    -0.005,           0,           0,             0
    185,        15,        10,          1.16,      1.12,       1.2,     -0.0025,    -0.005,           0,           0,             0
    188,         1,        11,          0.04,         0,      0.08,      0.0025,         0,       0.005,     29383.8,       932.875
    189,         2,        11,          0.12,      0.08,      0.16,      0.0025,         0,       0.005,     19490.6,       343.664
    190,         3,        11,           0.2,      0.16,      0.24,      0.0025,         0,       0.005,     1670.27,       73.3529
    191,         4,        11,          0.28,      0.24,      0.32,      0.0025,         0,       0.005,     451.746,       98.0562
    192,         5,        11,          0.36,      0.32,       0.4,      0.0025,         0,       0.005,     180.609,       57.1166
    193,         6,        11,          0.44,       0.4,      0.48,      0.0025,         0,       0.005,      45.756,       17.5778
    194,         7,        11,          0.52,      0.48,      0.56,      0.0025,         0,       0.005,      4.5607,      0.492681
    195,         8,        11,           0.6,      0.56,      0.64,      0.0025,         0,       0.005,    0.783716,      0.181509
    196,         9,        11,          0.68,      0.64,      0.72,      0.0025,         0,       0.005,   0.0541335,      0.014096
    197,        10,        11,          0.76,      0.72,       0.8,      0.0025,         0,       0.005,   0.0135362,    0.00625444
    198,        11,        11,          0.84,       0.8,      0.88,      0.0025,         0,       0.005,    0.197529,      0.115426
    199,        12,        11,          0.92,      0.88,      0.96,      0.0025,         0,       0.005,   0.0666178,     0.0419083
    200,        13,        11,             1,      0.96,      1.04,      0.0025,         0,       0.005,    0.199051,      0.171415
    201,        14,        11,          1.08,      1.04,      1.12,      0.0025,         0,       0.005,           0,             0
    202,        15,        11,          1.16,      1.12,       1.2,      0.0025,         0,       0.005,  0.00347862,    0.00347862
    205,         1,        12,          0.04,         0,      0.08,      0.0075,     0.005,        0.01,     32678.5,       968.416
    206,         2,        12,          0.12,      0.08,      0.16,      0.0075,     0.005,        0.01,     18300.9,       333.386
    207,         3,        12,           0.2,      0.16,      0.24,      0.0075,     0.005,        0.01,     1699.96,       66.3878
    208,         4,        12,          0.28,      0.24,      0.32,      0.0075,     0.005,        0.01,     389.325,        58.539
    209,         5,        12,          0.36,      0.32,       0.4,      0.0075,     0.005,        0.01,     102.587,        14.004
    210,         6,        12,          0.44,       0.4,      0.48,      0.0075,     0.005,        0.01,     29.3293,       6.97886
    211,         7,        12,          0.52,      0.48,      0.56,      0.0075,     0.005,        0.01,     4.48545,      0.193406
    212,         8,        12,           0.6,      0.56,      0.64,      0.0075,     0.005,        0.01,    0.590247,     0.0919606
    213,         9,        12,          0.68,      0.64,      0.72,      0.0075,     0.005,        0.01,     0.04288,    0.00708476
    214,        10,        12,          0.76,      0.72,       0.8,      0.0075,     0.005,        0.01,  0.00397527,    0.00250989
    215,        11,        12,          0.84,       0.8,      0.88,      0.0075,     0.005,        0.01,    0.238895,      0.122029
    216,        12,        12,          0.92,      0.88,      0.96,      0.0075,     0.005,        0.01,    0.226321,      0.218917
    217,        13,        12,             1,      0.96,      1.04,      0.0075,     0.005,        0.01,    0.242096,      0.224339
    218,        14,        12,          1.08,      1.04,      1.12,      0.0075,     0.005,        0.01,     2.97047,       2.97047
    219,        15,        12,          1.16,      1.12,       1.2,      0.0075,     0.005,        0.01,           0,             0
    222,         1,        13,          0.04,         0,      0.08,      0.0125,      0.01,       0.015,     24816.7,        836.12
    223,         2,        13,          0.12,      0.08,      0.16,      0.0125,      0.01,       0.015,       13706,       274.336
    224,         3,        13,           0.2,      0.16,      0.24,      0.0125,      0.01,       0.015,     1550.83,       48.0166
    225,         4,        13,          0.28,      0.24,      0.32,      0.0125,      0.01,       0.015,     480.761,       84.7633
    226,         5,        13,          0.36,      0.32,       0.4,      0.0125,      0.01,       0.015,     143.074,       28.6962
    227,         6,        13,          0.44,       0.4,      0.48,      0.0125,      0.01,       0.015,     21.0287,       3.77659
    228,         7,        13,          0.52,      0.48,      0.56,      0.0125,      0.01,       0.015,     3.91222,      0.234884
    229,         8,        13,           0.6,      0.56,      0.64,      0.0125,      0.01,       0.015,    0.610544,     0.0624972
    230,         9,        13,          0.68,      0.64,      0.72,      0.0125,      0.01,       0.015,   0.0393904,    0.00634651
    231,        10,        13,          0.76,      0.72,       0.8,      0.0125,      0.01,       0.015,   0.0148285,     0.0093516
    232,        11,        13,          0.84,       0.8,      0.88,      0.0125,      0.01,       0.015,   0.0480216,     0.0186759
    233,        12,        13,          0.92,      0.88,      0.96,      0.0125,      0.01,       0.015,  0.00783163,    0.00349632
    234,        13,        13,             1,      0.96,      1.04,      0.0125,      0.01,       0.015,   0.0272536,     0.0272536
    235,        14,        13,          1.08,      1.04,      1.12,      0.0125,      0.01,       0.015, 0.000500373,   0.000500373
    236,        15,        13,          1.16,      1.12,       1.2,      0.0125,      0.01,       0.015,           0,             0
    239,         1,        14,          0.04,         0,      0.08,      0.0175,     0.015,        0.02,     14827.6,       603.893
    240,         2,        14,          0.12,      0.08,      0.16,      0.0175,     0.015,        0.02,     9298.63,       226.817
    241,         3,        14,           0.2,      0.16,      0.24,      0.0175,     0.015,        0.02,     1257.68,       74.9184
    242,         4,        14,          0.28,      0.24,      0.32,      0.0175,     0.015,        0.02,     342.479,       51.6947
    243,         5,        14,          0.36,      0.32,       0.4,      0.0175,     0.015,        0.02,      156.72,       37.1012
    244,         6,        14,          0.44,       0.4,      0.48,      0.0175,     0.015,        0.02,     16.1945,       2.29897
    245,         7,        14,          0.52,      0.48,      0.56,      0.0175,     0.015,        0.02,     3.45233,      0.413773
    246,         8,        14,           0.6,      0.56,      0.64,      0.0175,     0.015,        0.02,    0.502808,     0.0352193
    247,         9,        14,          0.68,      0.64,      0.72,      0.0175,     0.015,        0.02,   0.0607747,     0.0163076
    248,        10,        14,          0.76,      0.72,       0.8,      0.0175,     0.015,        0.02,     1.81233,       1.79134
    249,        11,        14,          0.84,       0.8,      0.88,      0.0175,     0.015,        0.02,     1.00774,      0.965013
    250,        12,        14,          0.92,      0.88,      0.96,      0.0175,     0.015,        0.02,   0.0411568,      0.031588
    251,        13,        14,             1,      0.96,      1.04,      0.0175,     0.015,        0.02,  0.00548888,    0.00548888
    252,        14,        14,          1.08,      1.04,      1.12,      0.0175,     0.015,        0.02,  0.00160427,    0.00160427
    253,        15,        14,          1.16,      1.12,       1.2,      0.0175,     0.015,        0.02,           0,             0
    256,         1,        15,          0.04,         0,      0.08,      0.0225,      0.02,       0.025,     9760.67,       487.523
    257,         2,        15,          0.12,      0.08,      0.16,      0.0225,      0.02,       0.025,     5836.73,       180.326
    258,         3,        15,           0.2,      0.16,      0.24,      0.0225,      0.02,       0.025,     922.933,       70.6483
    259,         4,        15,          0.28,      0.24,      0.32,      0.0225,      0.02,       0.025,     371.751,       62.6322
    260,         5,        15,          0.36,      0.32,       0.4,      0.0225,      0.02,       0.025,     118.078,       33.1504
    261,         6,        15,          0.44,       0.4,      0.48,      0.0225,      0.02,       0.025,     14.0317,       1.35769
    262,         7,        15,          0.52,      0.48,      0.56,      0.0225,      0.02,       0.025,     3.17057,      0.193495
    263,         8,        15,           0.6,      0.56,      0.64,      0.0225,      0.02,       0.025,     0.51502,     0.0510625
    264,         9,        15,          0.68,      0.64,      0.72,      0.0225,      0.02,       0.025,   0.0820764,     0.0210367
    265,        10,        15,          0.76,      0.72,       0.8,      0.0225,      0.02,       0.025,   0.0127026,    0.00578398
    266,        11,        15,          0.84,       0.8,      0.88,      0.0225,      0.02,       0.025,   0.0424294,     0.0174126
    267,        12,        15,          0.92,      0.88,      0.96,      0.0225,      0.02,       0.025,    0.325341,      0.213195
    268,        13,        15,             1,      0.96,      1.04,      0.0225,      0.02,       0.025,     4.75298,        4.7516
    269,        14,        15,          1.08,      1.04,      1.12,      0.0225,      0.02,       0.025,     0.02771,     0.0230611
    270,        15,        15,          1.16,      1.12,       1.2,      0.0225,      0.02,       0.025,           0,             0
    273,         1,        16,          0.04,         0,      0.08,      0.0275,     0.025,        0.03,     6340.33,       401.274
    274,         2,        16,          0.12,      0.08,      0.16,      0.0275,     0.025,        0.03,     3825.24,       173.913
    275,         3,        16,           0.2,      0.16,      0.24,      0.0275,     0.025,        0.03,     787.772,       100.457
    276,         4,        16,          0.28,      0.24,      0.32,      0.0275,     0.025,        0.03,     307.183,       49.7007
    277,         5,        16,          0.36,      0.32,       0.4,      0.0275,     0.025,        0.03,     63.2469,       9.47061
    278,         6,        16,          0.44,       0.4,      0.48,      0.0275,     0.025,        0.03,     14.1062,       3.23315
    279,         7,        16,          0.52,      0.48,      0.56,      0.0275,     0.025,        0.03,     3.03429,       0.63354
    280,         8,        16,           0.6,      0.56,      0.64,      0.0275,     0.025,        0.03,    0.450622,     0.0362976
    281,         9,        16,          0.68,      0.64,      0.72,      0.0275,     0.025,        0.03,     0.20445,      0.117887
    282,        10,        16,          0.76,      0.72,       0.8,      0.0275,     0.025,        0.03,    0.186434,        0.1291
    283,        11,        16,          0.84,       0.8,      0.88,      0.0275,     0.025,        0.03,   0.0924498,     0.0693082
    284,        12,        16,          0.92,      0.88,      0.96,      0.0275,     0.025,        0.03,     0.16785,      0.155477
    285,        13,        16,             1,      0.96,      1.04,      0.0275,     0.025,        0.03,     25.4366,       25.4366
    286,        14,        16,          1.08,      1.04,      1.12,      0.0275,     0.025,        0.03,  0.00749878,    0.00749878
    287,        15,        16,          1.16,      1.12,       1.2,      0.0275,     0.025,        0.03,           0,             0
    290,         1,        17,          0.04,         0,      0.08,      0.0325,      0.03,       0.035,      4494.6,       326.079
    291,         2,        17,          0.12,      0.08,      0.16,      0.0325,      0.03,       0.035,     2527.08,        133.96
    292,         3,        17,           0.2,      0.16,      0.24,      0.0325,      0.03,       0.035,     838.354,       119.989
    293,         4,        17,          0.28,      0.24,      0.32,      0.0325,      0.03,       0.035,      537.69,       124.671
    294,         5,        17,          0.36,      0.32,       0.4,      0.0325,      0.03,       0.035,     71.5394,       12.6724
    295,         6,        17,          0.44,       0.4,      0.48,      0.0325,      0.03,       0.035,     9.89476,       1.09497
    296,         7,        17,          0.52,      0.48,      0.56,      0.0325,      0.03,       0.035,     2.14322,      0.108581
    297,         8,        17,           0.6,      0.56,      0.64,      0.0325,      0.03,       0.035,     0.35615,     0.0296028
    298,         9,        17,          0.68,      0.64,      0.72,      0.0325,      0.03,       0.035,   0.0412291,     0.0104422
    299,        10,        17,          0.76,      0.72,       0.8,      0.0325,      0.03,       0.035,   0.0364545,     0.0138526
    300,        11,        17,          0.84,       0.8,      0.88,      0.0325,      0.03,       0.035,    0.230091,      0.167524
    301,        12,        17,          0.92,      0.88,      0.96,      0.0325,      0.03,       0.035,   0.0100404,    0.00701457
    302,        13,        17,             1,      0.96,      1.04,      0.0325,      0.03,       0.035,           0,             0
    303,        14,        17,          1.08,      1.04,      1.12,      0.0325,      0.03,       0.035, 0.000332541,   0.000332541
    304,        15,        17,          1.16,      1.12,       1.2,      0.0325,      0.03,       0.035,           0,             0
    307,         1,        18,          0.04,         0,      0.08,      0.0375,     0.035,        0.04,     4131.59,       329.569
    308,         2,        18,          0.12,      0.08,      0.16,      0.0375,     0.035,        0.04,     2182.22,       159.723
    309,         3,        18,           0.2,      0.16,      0.24,      0.0375,     0.035,        0.04,      532.45,        77.486
    310,         4,        18,          0.28,      0.24,      0.32,      0.0375,     0.035,        0.04,     370.091,       72.0655
    311,         5,        18,          0.36,      0.32,       0.4,      0.0375,     0.035,        0.04,     75.3612,       15.4231
    312,         6,        18,          0.44,       0.4,      0.48,      0.0375,     0.035,        0.04,     9.43542,        1.6066
    313,         7,        18,          0.52,      0.48,      0.56,      0.0375,     0.035,        0.04,     1.72559,       0.15565
    314,         8,        18,           0.6,      0.56,      0.64,      0.0375,     0.035,        0.04,    0.272749,     0.0241751
    315,         9,        18,          0.68,      0.64,      0.72,      0.0375,     0.035,        0.04,    0.276002,      0.180315
    316,        10,        18,          0.76,      0.72,       0.8,      0.0375,     0.035,        0.04,   0.0520156,     0.0215499
    317,        11,        18,          0.84,       0.8,      0.88,      0.0375,     0.035,        0.04,    0.138194,      0.125223
    318,        12,        18,          0.92,      0.88,      0.96,      0.0375,     0.035,        0.04,    0.390821,      0.376194
    319,        13,        18,             1,      0.96,      1.04,      0.0375,     0.035,        0.04,  0.00224415,    0.00224415
    320,        14,        18,          1.08,      1.04,      1.12,      0.0375,     0.035,        0.04,           0,             0
    321,        15,        18,          1.16,      1.12,       1.2,      0.0375,     0.035,        0.04,           0,             0
    324,         1,        19,          0.04,         0,      0.08,      0.0425,      0.04,       0.045,     2659.22,       252.185
    325,         2,        19,          0.12,      0.08,      0.16,      0.0425,      0.04,       0.045,     1946.89,       153.467
    326,         3,        19,           0.2,      0.16,      0.24,      0.0425,      0.04,       0.045,     680.241,       141.026
    327,         4,        19,          0.28,      0.24,      0.32,      0.0425,      0.04,       0.045,     225.309,       54.6099
    328,         5,        19,          0.36,      0.32,       0.4,      0.0425,      0.04,       0.045,     100.234,        26.138
    329,         6,        19,          0.44,       0.4,      0.48,      0.0425,      0.04,       0.045,     8.64341,       1.54238
    330,         7,        19,          0.52,      0.48,      0.56,      0.0425,      0.04,       0.045,     2.67381,       0.83681
    331,         8,        19,           0.6,      0.56,      0.64,      0.0425,      0.04,       0.045,     0.29188,     0.0338826
    332,         9,        19,          0.68,      0.64,      0.72,      0.0425,      0.04,       0.045,    0.072412,     0.0358448
    333,        10,        19,          0.76,      0.72,       0.8,      0.0425,      0.04,       0.045,   0.0983411,     0.0376076
    334,        11,        19,          0.84,       0.8,      0.88,      0.0425,      0.04,       0.045,    0.103095,     0.0664461
    335,        12,        19,          0.92,      0.88,      0.96,      0.0425,      0.04,       0.045,    0.119275,      0.105452
    336,        13,        19,             1,      0.96,      1.04,      0.0425,      0.04,       0.045,   0.0191919,     0.0141803
    337,        14,        19,          1.08,      1.04,      1.12,      0.0425,      0.04,       0.045,           0,             0
    338,        15,        19,          1.16,      1.12,       1.2,      0.0425,      0.04,       0.045,           0,             0
    341,         1,        20,          0.04,         0,      0.08,      0.0475,     0.045,        0.05,     2846.26,       269.623
    342,         2,        20,          0.12,      0.08,      0.16,      0.0475,     0.045,        0.05,     1676.03,       145.182
    343,         3,        20,           0.2,      0.16,      0.24,      0.0475,     0.045,        0.05,     675.203,       96.9723
    344,         4,        20,          0.28,      0.24,      0.32,      0.0475,     0.045,        0.05,     251.913,       42.4903
    345,         5,        20,          0.36,      0.32,       0.4,      0.0475,     0.045,        0.05,     57.2539,       11.8653
    346,         6,        20,          0.44,       0.4,      0.48,      0.0475,     0.045,        0.05,     11.3317,        3.2301
    347,         7,        20,          0.52,      0.48,      0.56,      0.0475,     0.045,        0.05,     1.27261,      0.115759
    348,         8,        20,           0.6,      0.56,      0.64,      0.0475,     0.045,        0.05,    0.554911,      0.302592
    349,         9,        20,          0.68,      0.64,      0.72,      0.0475,     0.045,        0.05,    0.180812,      0.120396
    350,        10,        20,          0.76,      0.72,       0.8,      0.0475,     0.045,        0.05,    0.343464,      0.310499
    351,        11,        20,          0.84,       0.8,      0.88,      0.0475,     0.045,        0.05,    0.237213,      0.178898
    352,        12,        20,          0.92,      0.88,      0.96,      0.0475,     0.045,        0.05,    0.491903,      0.487283
    353,        13,        20,             1,      0.96,      1.04,      0.0475,     0.045,        0.05,     3.87386,       3.86584
    354,        14,        20,          1.08,      1.04,      1.12,      0.0475,     0.045,        0.05,     9.84036,       9.84036
    355,        15,        20,          1.16,      1.12,       1.2,      0.0475,     0.045,        0.05,           0,             0
    358,         1,        21,          0.04,         0,      0.08,      0.0525,      0.05,       0.055,     2546.09,       252.845
    359,         2,        21,          0.12,      0.08,      0.16,      0.0525,      0.05,       0.055,     1651.83,       136.437
    360,         3,        21,           0.2,      0.16,      0.24,      0.0525,      0.05,       0.055,     492.827,       68.7949
    361,         4,        21,          0.28,      0.24,      0.32,      0.0525,      0.05,       0.055,     260.552,       58.8165
    362,         5,        21,          0.36,      0.32,       0.4,      0.0525,      0.05,       0.055,      40.274,       12.5677
    363,         6,        21,          0.44,       0.4,      0.48,      0.0525,      0.05,       0.055,     19.5215,       15.3506
    364,         7,        21,          0.52,      0.48,      0.56,      0.0525,      0.05,       0.055,     1.47483,      0.300786
    365,         8,        21,           0.6,      0.56,      0.64,      0.0525,      0.05,       0.055,    0.290719,      0.044597
    366,         9,        21,          0.68,      0.64,      0.72,      0.0525,      0.05,       0.055,    0.111057,     0.0398339
    367,        10,        21,          0.76,      0.72,       0.8,      0.0525,      0.05,       0.055,    0.186962,     0.0970759
    368,        11,        21,          0.84,       0.8,      0.88,      0.0525,      0.05,       0.055,     2.14789,       1.66672
    369,        12,        21,          0.92,      0.88,      0.96,      0.0525,      0.05,       0.055,   0.0560791,     0.0525998
    370,        13,        21,             1,      0.96,      1.04,      0.0525,      0.05,       0.055,    0.210355,      0.190643
    371,        14,        21,          1.08,      1.04,      1.12,      0.0525,      0.05,       0.055,           0,             0
    372,        15,        21,          1.16,      1.12,       1.2,      0.0525,      0.05,       0.055,           0,             0
    375,         1,        22,          0.04,         0,      0.08,      0.0575,     0.055,        0.06,     2323.86,       234.387
    376,         2,        22,          0.12,      0.08,      0.16,      0.0575,     0.055,        0.06,        1453,        134.18
    377,         3,        22,           0.2,      0.16,      0.24,      0.0575,     0.055,        0.06,     583.686,       105.293
    378,         4,        22,          0.28,      0.24,      0.32,      0.0575,     0.055,        0.06,     195.204,       34.3816
    379,         5,        22,          0.36,      0.32,       0.4,      0.0575,     0.055,        0.06,     81.8641,       34.1553
    380,         6,        22,          0.44,       0.4,      0.48,      0.0575,     0.055,        0.06,     8.76896,       3.59925
    381,         7,        22,          0.52,      0.48,      0.56,      0.0575,     0.055,        0.06,     2.46402,       1.37663
    382,         8,        22,           0.6,      0.56,      0.64,      0.0575,     0.055,        0.06,     0.18875,     0.0283652
    383,         9,        22,          0.68,      0.64,      0.72,      0.0575,     0.055,        0.06,    0.155779,     0.0500021
    384,        10,        22,          0.76,      0.72,       0.8,      0.0575,     0.055,        0.06,    0.292673,       0.18262
    385,        11,        22,          0.84,       0.8,      0.88,      0.0575,     0.055,        0.06,   0.0555289,     0.0217567
    386,        12,        22,          0.92,      0.88,      0.96,      0.0575,     0.055,        0.06,     0.54832,      0.483554
    387,        13,        22,             1,      0.96,      1.04,      0.0575,     0.055,        0.06,           0,             0
    388,        14,        22,          1.08,      1.04,      1.12,      0.0575,     0.055,        0.06,           0,             0
    389,        15,        22,          1.16,      1.12,       1.2,      0.0575,     0.055,        0.06,           0,             0
    392,         1,        23,          0.04,         0,      0.08,      0.0625,      0.06,       0.065,     1903.45,       206.937
    393,         2,        23,          0.12,      0.08,      0.16,      0.0625,      0.06,       0.065,     1636.48,       146.174
    394,         3,        23,           0.2,      0.16,      0.24,      0.0625,      0.06,       0.065,     569.488,       93.8037
    395,         4,        23,          0.28,      0.24,      0.32,      0.0625,      0.06,       0.065,     280.422,       68.1666
    396,         5,        23,          0.36,      0.32,       0.4,      0.0625,      0.06,       0.065,     42.4765,       12.5441
    397,         6,        23,          0.44,       0.4,      0.48,      0.0625,      0.06,       0.065,     39.8693,       22.3766
    398,         7,        23,          0.52,      0.48,      0.56,      0.0625,      0.06,       0.065,     6.34971,       3.44145
    399,         8,        23,           0.6,      0.56,      0.64,      0.0625,      0.06,       0.065,    0.402084,      0.112928
    400,         9,        23,          0.68,      0.64,      0.72,      0.0625,      0.06,       0.065,     1.62329,       1.10099
    401,        10,        23,          0.76,      0.72,       0.8,      0.0625,      0.06,       0.065,    0.202147,     0.0790834
    402,        11,        23,          0.84,       0.8,      0.88,      0.0625,      0.06,       0.065,    0.598291,       0.51953
    403,        12,        23,          0.92,      0.88,      0.96,      0.0625,      0.06,       0.065,   0.0837435,     0.0517506
    404,        13,        23,             1,      0.96,      1.04,      0.0625,      0.06,       0.065,           0,             0
    405,        14,        23,          1.08,      1.04,      1.12,      0.0625,      0.06,       0.065,    0.526349,      0.526045
    406,        15,        23,          1.16,      1.12,       1.2,      0.0625,      0.06,       0.065,           0,             0
    409,         1,        24,          0.04,         0,      0.08,      0.0675,     0.065,        0.07,     1964.49,       222.448
    410,         2,        24,          0.12,      0.08,      0.16,      0.0675,     0.065,        0.07,     1457.04,       161.046
    411,         3,        24,           0.2,      0.16,      0.24,      0.0675,     0.065,        0.07,      733.45,       108.325
    412,         4,        24,          0.28,      0.24,      0.32,      0.0675,     0.065,        0.07,      171.38,       26.9782
    413,         5,        24,          0.36,      0.32,       0.4,      0.0675,     0.065,        0.07,      32.256,       8.98741
    414,         6,        24,          0.44,       0.4,      0.48,      0.0675,     0.065,        0.07,     35.8262,       22.2179
    415,         7,        24,          0.52,      0.48,      0.56,      0.0675,     0.065,        0.07,     1.12549,      0.222693
    416,         8,        24,           0.6,      0.56,      0.64,      0.0675,     0.065,        0.07,    0.227153,     0.0485458
    417,         9,        24,          0.68,      0.64,      0.72,      0.0675,     0.065,        0.07,     0.51358,      0.281181
    418,        10,        24,          0.76,      0.72,       0.8,      0.0675,     0.065,        0.07,    0.236863,     0.0845105
    419,        11,        24,          0.84,       0.8,      0.88,      0.0675,     0.065,        0.07,   0.0339374,     0.0158736
    420,        12,        24,          0.92,      0.88,      0.96,      0.0675,     0.065,        0.07,     21.5063,        21.462
    421,        13,        24,             1,      0.96,      1.04,      0.0675,     0.065,        0.07,     6.97585,       6.97585
    422,        14,        24,          1.08,      1.04,      1.12,      0.0675,     0.065,        0.07, 0.000827065,   0.000827065
    423,        15,        24,          1.16,      1.12,       1.2,      0.0675,     0.065,        0.07,   0.0244501,     0.0238498
    426,         1,        25,          0.04,         0,      0.08,      0.0725,      0.07,       0.075,     1622.82,       202.172
    427,         2,        25,          0.12,      0.08,      0.16,      0.0725,      0.07,       0.075,     1274.96,       132.565
    428,         3,        25,           0.2,      0.16,      0.24,      0.0725,      0.07,       0.075,     903.502,       140.759
    429,         4,        25,          0.28,      0.24,      0.32,      0.0725,      0.07,       0.075,     193.085,       36.5225
    430,         5,        25,          0.36,      0.32,       0.4,      0.0725,      0.07,       0.075,     34.4917,        9.4139
    431,         6,        25,          0.44,       0.4,      0.48,      0.0725,      0.07,       0.075,     9.27626,       4.33915
    432,         7,        25,          0.52,      0.48,      0.56,      0.0725,      0.07,       0.075,     1.20932,      0.291038
    433,         8,        25,           0.6,      0.56,      0.64,      0.0725,      0.07,       0.075,    0.696802,      0.259881
    434,         9,        25,          0.68,      0.64,      0.72,      0.0725,      0.07,       0.075,    0.228056,     0.0684774
    435,        10,        25,          0.76,      0.72,       0.8,      0.0725,      0.07,       0.075,     1.40114,       1.08729
    436,        11,        25,          0.84,       0.8,      0.88,      0.0725,      0.07,       0.075,    0.931739,      0.892131
    437,        12,        25,          0.92,      0.88,      0.96,      0.0725,      0.07,       0.075,     8.35664,       8.33411
    438,        13,        25,             1,      0.96,      1.04,      0.0725,      0.07,       0.075,     19.9532,       19.9139
    439,        14,        25,          1.08,      1.04,      1.12,      0.0725,      0.07,       0.075,   0.0106529,     0.0106529
    440,        15,        25,          1.16,      1.12,       1.2,      0.0725,      0.07,       0.075,           0,             0
    443,         1,        26,          0.04,         0,      0.08,      0.0775,     0.075,        0.08,     1496.16,       198.843
    444,         2,        26,          0.12,      0.08,      0.16,      0.0775,     0.075,        0.08,     1596.37,       145.638
    445,         3,        26,           0.2,      0.16,      0.24,      0.0775,     0.075,        0.08,      734.06,        97.803
    446,         4,        26,          0.28,      0.24,      0.32,      0.0775,     0.075,        0.08,     188.272,       35.3596
    447,         5,        26,          0.36,      0.32,       0.4,      0.0775,     0.075,        0.08,     44.0135,       22.5327
    448,         6,        26,          0.44,       0.4,      0.48,      0.0775,     0.075,        0.08,     3.76798,      0.374593
    449,         7,        26,          0.52,      0.48,      0.56,      0.0775,     0.075,        0.08,     2.14325,      0.995986
    450,         8,        26,           0.6,      0.56,      0.64,      0.0775,     0.075,        0.08,    0.741987,      0.339542
    451,         9,        26,          0.68,      0.64,      0.72,      0.0775,     0.075,        0.08,    0.634152,      0.475996
    452,        10,        26,          0.76,      0.72,       0.8,      0.0775,     0.075,        0.08,    0.931308,      0.513627
    453,        11,        26,          0.84,       0.8,      0.88,      0.0775,     0.075,        0.08,     1.23488,      0.908901
    454,        12,        26,          0.92,      0.88,      0.96,      0.0775,     0.075,        0.08,   0.0298706,     0.0253649
    455,        13,        26,             1,      0.96,      1.04,      0.0775,     0.075,        0.08,     3.76178,       3.73419
    456,        14,        26,          1.08,      1.04,      1.12,      0.0775,     0.075,        0.08,    0.039902,      0.039902
    457,        15,        26,          1.16,      1.12,       1.2,      0.0775,     0.075,        0.08,           0,             0
    460,         1,        27,          0.04,         0,      0.08,      0.0825,      0.08,       0.085,     1069.88,       140.948
    461,         2,        27,          0.12,      0.08,      0.16,      0.0825,      0.08,       0.085,     1621.86,       158.663
    462,         3,        27,           0.2,      0.16,      0.24,      0.0825,      0.08,       0.085,     675.173,        102.47
    463,         4,        27,          0.28,      0.24,      0.32,      0.0825,      0.08,       0.085,     151.204,       31.7387
    464,         5,        27,          0.36,      0.32,       0.4,      0.0825,      0.08,       0.085,     38.7638,       8.41256
    465,         6,        27,          0.44,       0.4,      0.48,      0.0825,      0.08,       0.085,     5.91053,       2.36154
    466,         7,        27,          0.52,      0.48,      0.56,      0.0825,      0.08,       0.085,     1.22722,      0.196723
    467,         8,        27,           0.6,      0.56,      0.64,      0.0825,      0.08,       0.085,     1.39289,      0.639263
    468,         9,        27,          0.68,      0.64,      0.72,      0.0825,      0.08,       0.085,     2.16326,        1.1372
    469,        10,        27,          0.76,      0.72,       0.8,      0.0825,      0.08,       0.085,   0.0989797,     0.0499432
    470,        11,        27,          0.84,       0.8,      0.88,      0.0825,      0.08,       0.085,   0.0342164,     0.0157678
    471,        12,        27,          0.92,      0.88,      0.96,      0.0825,      0.08,       0.085,    0.266937,      0.260537
    472,        13,        27,             1,      0.96,      1.04,      0.0825,      0.08,       0.085,           0,             0
    473,        14,        27,          1.08,      1.04,      1.12,      0.0825,      0.08,       0.085,    0.910224,      0.732204
    474,        15,        27,          1.16,      1.12,       1.2,      0.0825,      0.08,       0.085,   0.0039313,     0.0039313
    477,         1,        28,          0.04,         0,      0.08,      0.0875,     0.085,        0.09,     1058.01,       154.073
    478,         2,        28,          0.12,      0.08,      0.16,      0.0875,     0.085,        0.09,     2027.45,       232.753
    479,         3,        28,           0.2,      0.16,      0.24,      0.0875,     0.085,        0.09,     812.095,       126.589
    480,         4,        28,          0.28,      0.24,      0.32,      0.0875,     0.085,        0.09,     121.746,       18.2647
    481,         5,        28,          0.36,      0.32,       0.4,      0.0875,     0.085,        0.09,     40.7583,       19.1661
    482,         6,        28,          0.44,       0.4,      0.48,      0.0875,     0.085,        0.09,     15.6432,       7.63441
    483,         7,        28,          0.52,      0.48,      0.56,      0.0875,     0.085,        0.09,     5.52996,       3.48986
    484,         8,        28,           0.6,      0.56,      0.64,      0.0875,     0.085,        0.09,      3.8768,       1.88565
    485,         9,        28,          0.68,      0.64,      0.72,      0.0875,     0.085,        0.09,     1.75737,       1.45079
    486,        10,        28,          0.76,      0.72,       0.8,      0.0875,     0.085,        0.09,    0.697982,      0.616825
    487,        11,        28,          0.84,       0.8,      0.88,      0.0875,     0.085,        0.09,      31.062,       30.5057
    488,        12,        28,          0.92,      0.88,      0.96,      0.0875,     0.085,        0.09,    0.760675,      0.760311
    489,        13,        28,             1,      0.96,      1.04,      0.0875,     0.085,        0.09,     1.13746,       1.13614
    490,        14,        28,          1.08,      1.04,      1.12,      0.0875,     0.085,        0.09,   0.0854298,     0.0845195
    491,        15,        28,          1.16,      1.12,       1.2,      0.0875,     0.085,        0.09,           0,             0
    494,         1,        29,          0.04,         0,      0.08,      0.0925,      0.09,       0.095,     1159.38,       151.698
    495,         2,        29,          0.12,      0.08,      0.16,      0.0925,      0.09,       0.095,     1762.79,       194.984
    496,         3,        29,           0.2,      0.16,      0.24,      0.0925,      0.09,       0.095,     789.129,       124.268
    497,         4,        29,          0.28,      0.24,      0.32,      0.0925,      0.09,       0.095,     203.971,       52.2471
    498,         5,        29,          0.36,      0.32,       0.4,      0.0925,      0.09,       0.095,     25.2862,        5.5437
    499,         6,        29,          0.44,       0.4,      0.48,      0.0925,      0.09,       0.095,     4.62775,      0.736159
    500,         7,        29,          0.52,      0.48,      0.56,      0.0925,      0.09,       0.095,     2.02613,       0.52019
    501,         8,        29,           0.6,      0.56,      0.64,      0.0925,      0.09,       0.095,     3.65333,       2.63748
    502,         9,        29,          0.68,      0.64,      0.72,      0.0925,      0.09,       0.095,     5.83649,       4.08227
    503,        10,        29,          0.76,      0.72,       0.8,      0.0925,      0.09,       0.095,   0.0788618,     0.0289622
    504,        11,        29,          0.84,       0.8,      0.88,      0.0925,      0.09,       0.095,     1.30296,       1.04071
    505,        12,        29,          0.92,      0.88,      0.96,      0.0925,      0.09,       0.095,     9.02404,       8.97216
    506,        13,        29,             1,      0.96,      1.04,      0.0925,      0.09,       0.095,   0.0201071,     0.0143194
    507,        14,        29,          1.08,      1.04,      1.12,      0.0925,      0.09,       0.095,           0,             0
    508,        15,        29,          1.16,      1.12,       1.2,      0.0925,      0.09,       0.095,           0,             0
    511,         1,        30,          0.04,         0,      0.08,      0.0975,     0.095,         0.1,     1016.07,       147.393
    512,         2,        30,          0.12,      0.08,      0.16,      0.0975,     0.095,         0.1,     2064.69,       209.065
    513,         3,        30,           0.2,      0.16,      0.24,      0.0975,     0.095,         0.1,     939.014,       136.372
    514,         4,        30,          0.28,      0.24,      0.32,      0.0975,     0.095,         0.1,      166.43,        27.034
    515,         5,        30,          0.36,      0.32,       0.4,      0.0975,     0.095,         0.1,     38.0841,        11.805
    516,         6,        30,          0.44,       0.4,      0.48,      0.0975,     0.095,         0.1,     80.8453,       73.6508
    517,         7,        30,          0.52,      0.48,      0.56,      0.0975,     0.095,         0.1,     8.18807,       6.59963
    518,         8,        30,           0.6,      0.56,      0.64,      0.0975,     0.095,         0.1,     46.1123,       42.8522
    519,         9,        30,          0.68,      0.64,      0.72,      0.0975,     0.095,         0.1,    0.384029,      0.157257
    520,        10,        30,          0.76,      0.72,       0.8,      0.0975,     0.095,         0.1,    0.355746,      0.186721
    521,        11,        30,          0.84,       0.8,      0.88,      0.0975,     0.095,         0.1,    0.503707,       0.47778
    522,        12,        30,          0.92,      0.88,      0.96,      0.0975,     0.095,         0.1,    0.783826,      0.764514
    523,        13,        30,             1,      0.96,      1.04,      0.0975,     0.095,         0.1,    0.013356,    0.00991523
    524,        14,        30,          1.08,      1.04,      1.12,      0.0975,     0.095,         0.1,           0,             0
    525,        15,        30,          1.16,      1.12,       1.2,      0.0975,     0.095,         0.1,           0,             0
    528,         1,        31,          0.04,         0,      0.08,      0.1025,       0.1,       0.105,     877.723,       131.856
    529,         2,        31,          0.12,      0.08,      0.16,      0.1025,       0.1,       0.105,     2267.93,       247.059
    530,         3,        31,           0.2,      0.16,      0.24,      0.1025,       0.1,       0.105,     778.748,       103.049
    531,         4,        31,          0.28,      0.24,      0.32,      0.1025,       0.1,       0.105,     155.905,       27.2061
    532,         5,        31,          0.36,      0.32,       0.4,      0.1025,       0.1,       0.105,     40.7343,       13.5672
    533,         6,        31,          0.44,       0.4,      0.48,      0.1025,       0.1,       0.105,     7.61259,       1.88719
    534,         7,        31,          0.52,      0.48,      0.56,      0.1025,       0.1,       0.105,     5.18933,       1.86102
    535,         8,        31,           0.6,      0.56,      0.64,      0.1025,       0.1,       0.105,     32.4313,       15.8087
    536,         9,        31,          0.68,      0.64,      0.72,      0.1025,       0.1,       0.105,     3.95511,       3.68468
    537,        10,        31,          0.76,      0.72,       0.8,      0.1025,       0.1,       0.105,     7.63264,       7.28324
    538,        11,        31,          0.84,       0.8,      0.88,      0.1025,       0.1,       0.105,       11.42,       11.3974
    539,        12,        31,          0.92,      0.88,      0.96,      0.1025,       0.1,       0.105,  8.0024e-05,    8.0024e-05
    540,        13,        31,             1,      0.96,      1.04,      0.1025,       0.1,       0.105,           0,             0
    541,        14,        31,          1.08,      1.04,      1.12,      0.1025,       0.1,       0.105,           0,             0
    542,        15,        31,          1.16,      1.12,       1.2,      0.1025,       0.1,       0.105,           0,             0
    545,         1,        32,          0.04,         0,      0.08,      0.1075,     0.105,        0.11,     517.448,       89.3882
    546,         2,        32,          0.12,      0.08,      0.16,      0.1075,     0.105,        0.11,     2199.27,       226.929
    547,         3,        32,           0.2,      0.16,      0.24,      0.1075,     0.105,        0.11,     930.519,       122.401
    548,         4,        32,          0.28,      0.24,      0.32,      0.1075,     0.105,        0.11,     212.476,       39.5961
    549,         5,        32,          0.36,      0.32,       0.4,      0.1075,     0.105,        0.11,     19.7772,       1.77428
    550,         6,        32,          0.44,       0.4,      0.48,      0.1075,     0.105,        0.11,     8.85078,       2.67975
    551,         7,        32,          0.52,      0.48,      0.56,      0.1075,     0.105,        0.11,     3.37306,       1.14843
    552,         8,        32,           0.6,      0.56,      0.64,      0.1075,     0.105,        0.11,     19.1977,       17.4509
    553,         9,        32,          0.68,      0.64,      0.72,      0.1075,     0.105,        0.11,     1.46826,       1.03182
    554,        10,        32,          0.76,      0.72,       0.8,      0.1075,     0.105,        0.11,   0.0739725,      0.033187
    555,        11,        32,          0.84,       0.8,      0.88,      0.1075,     0.105,        0.11,     20.9697,       20.9434
    556,        12,        32,          0.92,      0.88,      0.96,      0.1075,     0.105,        0.11,     0.11063,       0.11063
    557,        13,        32,             1,      0.96,      1.04,      0.1075,     0.105,        0.11,   0.0214844,     0.0214844
    558,        14,        32,          1.08,      1.04,      1.12,      0.1075,     0.105,        0.11,           0,             0
    559,        15,        32,          1.16,      1.12,       1.2,      0.1075,     0.105,        0.11,           0,             0
    562,         1,        33,          0.04,         0,      0.08,      0.1125,      0.11,       0.115,     386.427,       72.2289
    563,         2,        33,          0.12,      0.08,      0.16,      0.1125,      0.11,       0.115,     2263.02,       239.923
    564,         3,        33,           0.2,      0.16,      0.24,      0.1125,      0.11,       0.115,     1055.43,       159.755
    565,         4,        33,          0.28,      0.24,      0.32,      0.1125,      0.11,       0.115,     273.464,        78.759
    566,         5,        33,          0.36,      0.32,       0.4,      0.1125,      0.11,       0.115,     40.1923,        10.247
    567,         6,        33,          0.44,       0.4,      0.48,      0.1125,      0.11,       0.115,     35.5378,       16.8369
    568,         7,        33,          0.52,      0.48,      0.56,      0.1125,      0.11,       0.115,     35.1023,       28.4711
    569,         8,        33,           0.6,      0.56,      0.64,      0.1125,      0.11,       0.115,     29.3097,       18.4468
    570,         9,        33,          0.68,      0.64,      0.72,      0.1125,      0.11,       0.115,    0.660295,      0.347533
    571,        10,        33,          0.76,      0.72,       0.8,      0.1125,      0.11,       0.115,     52.8017,       51.9683
    572,        11,        33,          0.84,       0.8,      0.88,      0.1125,      0.11,       0.115,     6.86118,       6.15433
    573,        12,        33,          0.92,      0.88,      0.96,      0.1125,      0.11,       0.115,      57.865,       57.5594
    574,        13,        33,             1,      0.96,      1.04,      0.1125,      0.11,       0.115,   0.0130616,     0.0121362
    575,        14,        33,          1.08,      1.04,      1.12,      0.1125,      0.11,       0.115,           0,             0
    576,        15,        33,          1.16,      1.12,       1.2,      0.1125,      0.11,       0.115,           0,             0
    579,         1,        34,          0.04,         0,      0.08,      0.1175,     0.115,        0.12,     414.023,       73.6291
    580,         2,        34,          0.12,      0.08,      0.16,      0.1175,     0.115,        0.12,     2116.03,       222.621
    581,         3,        34,           0.2,      0.16,      0.24,      0.1175,     0.115,        0.12,        1176,       157.908
    582,         4,        34,          0.28,      0.24,      0.32,      0.1175,     0.115,        0.12,      186.09,       38.1925
    583,         5,        34,          0.36,      0.32,       0.4,      0.1175,     0.115,        0.12,     50.0686,       15.7132
    584,         6,        34,          0.44,       0.4,      0.48,      0.1175,     0.115,        0.12,     78.6913,       53.9658
    585,         7,        34,          0.52,      0.48,      0.56,      0.1175,     0.115,        0.12,     10.8478,       4.97143
    586,         8,        34,           0.6,      0.56,      0.64,      0.1175,     0.115,        0.12,     2.59448,       1.77963
    587,         9,        34,          0.68,      0.64,      0.72,      0.1175,     0.115,        0.12,     113.984,       80.2995
    588,        10,        34,          0.76,      0.72,       0.8,      0.1175,     0.115,        0.12,     8.81015,       8.72256
    589,        11,        34,          0.84,       0.8,      0.88,      0.1175,     0.115,        0.12,     4.27227,       4.23981
    590,        12,        34,          0.92,      0.88,      0.96,      0.1175,     0.115,        0.12,    0.173744,      0.171785
    591,        13,        34,             1,      0.96,      1.04,      0.1175,     0.115,        0.12,  0.00992905,    0.00992905
    592,        14,        34,          1.08,      1.04,      1.12,      0.1175,     0.115,        0.12,  0.00249094,    0.00249094
    593,        15,        34,          1.16,      1.12,       1.2,      0.1175,     0.115,        0.12,           0,             0
    596,         1,        35,          0.04,         0,      0.08,      0.1225,      0.12,       0.125,     242.394,        44.706
    597,         2,        35,          0.12,      0.08,      0.16,      0.1225,      0.12,       0.125,     2178.11,           222
    598,         3,        35,           0.2,      0.16,      0.24,      0.1225,      0.12,       0.125,     944.516,       124.944
    599,         4,        35,          0.28,      0.24,      0.32,      0.1225,      0.12,       0.125,     344.645,       76.7273
    600,         5,        35,          0.36,      0.32,       0.4,      0.1225,      0.12,       0.125,     126.083,       70.7712
    601,         6,        35,          0.44,       0.4,      0.48,      0.1225,      0.12,       0.125,     80.1826,       52.2736
    602,         7,        35,          0.52,      0.48,      0.56,      0.1225,      0.12,       0.125,     90.5695,       68.7112
    603,         8,        35,           0.6,      0.56,      0.64,      0.1225,      0.12,       0.125,     25.0979,       16.9525
    604,         9,        35,          0.68,      0.64,      0.72,      0.1225,      0.12,       0.125,     1.91587,       1.37521
    605,        10,        35,          0.76,      0.72,       0.8,      0.1225,      0.12,       0.125,    0.398637,      0.286405
    606,        11,        35,          0.84,       0.8,      0.88,      0.1225,      0.12,       0.125,   0.0564295,     0.0386478
    607,        12,        35,          0.92,      0.88,      0.96,      0.1225,      0.12,       0.125,    0.701285,      0.594561
    608,        13,        35,             1,      0.96,      1.04,      0.1225,      0.12,       0.125,   0.0041805,    0.00338308
    609,        14,        35,          1.08,      1.04,      1.12,      0.1225,      0.12,       0.125,           0,             0
    610,        15,        35,          1.16,      1.12,       1.2,      0.1225,      0.12,       0.125,           0,             0
    613,         1,        36,          0.04,         0,      0.08,      0.1275,     0.125,        0.13,     237.861,       47.5611
    614,         2,        36,          0.12,      0.08,      0.16,      0.1275,     0.125,        0.13,     1861.34,       190.404
    615,         3,        36,           0.2,      0.16,      0.24,      0.1275,     0.125,        0.13,     1239.93,       190.102
    616,         4,        36,          0.28,      0.24,      0.32,      0.1275,     0.125,        0.13,     368.294,       75.4246
    617,         5,        36,          0.36,      0.32,       0.4,      0.1275,     0.125,        0.13,      118.18,       47.2483
    618,         6,        36,          0.44,       0.4,      0.48,      0.1275,     0.125,        0.13,     39.5019,       12.7108
    619,         7,        36,          0.52,      0.48,      0.56,      0.1275,     0.125,        0.13,     20.1533,       12.4279
    620,         8,        36,           0.6,      0.56,      0.64,      0.1275,     0.125,        0.13,     84.3991,       53.1391
    621,         9,        36,          0.68,      0.64,      0.72,      0.1275,     0.125,        0.13,     18.8617,       16.9191
    622,        10,        36,          0.76,      0.72,       0.8,      0.1275,     0.125,        0.13,    0.243675,      0.178785
    623,        11,        36,          0.84,       0.8,      0.88,      0.1275,     0.125,        0.13,     3.80677,       2.53486
    624,        12,        36,          0.92,      0.88,      0.96,      0.1275,     0.125,        0.13,  0.00857134,    0.00857134
    625,        13,        36,             1,      0.96,      1.04,      0.1275,     0.125,        0.13,     5.45385,       5.45134
    626,        14,        36,          1.08,      1.04,      1.12,      0.1275,     0.125,        0.13,  0.00626653,    0.00626653
    627,        15,        36,          1.16,      1.12,       1.2,      0.1275,     0.125,        0.13,           0,             0
    630,         1,        37,          0.04,         0,      0.08,      0.1325,      0.13,       0.135,     242.895,       49.9044
    631,         2,        37,          0.12,      0.08,      0.16,      0.1325,      0.13,       0.135,        2135,       227.172
    632,         3,        37,           0.2,      0.16,      0.24,      0.1325,      0.13,       0.135,     1347.14,       177.089
    633,         4,        37,          0.28,      0.24,      0.32,      0.1325,      0.13,       0.135,      243.54,       40.9964
    634,         5,        37,          0.36,      0.32,       0.4,      0.1325,      0.13,       0.135,     70.3107,       23.4264
    635,         6,        37,          0.44,       0.4,      0.48,      0.1325,      0.13,       0.135,     104.788,       62.3998
    636,         7,        37,          0.52,      0.48,      0.56,      0.1325,      0.13,       0.135,     111.174,        73.185
    637,         8,        37,           0.6,      0.56,      0.64,      0.1325,      0.13,       0.135,     2.10392,      0.747966
    638,         9,        37,          0.68,      0.64,      0.72,      0.1325,      0.13,       0.135,     70.2484,       62.4194
    639,        10,        37,          0.76,      0.72,       0.8,      0.1325,      0.13,       0.135,    0.883562,      0.593158
    640,        11,        37,          0.84,       0.8,      0.88,      0.1325,      0.13,       0.135,   0.0111693,     0.0111693
    641,        12,        37,          0.92,      0.88,      0.96,      0.1325,      0.13,       0.135, 0.000329642,   0.000329642
    642,        13,        37,             1,      0.96,      1.04,      0.1325,      0.13,       0.135,  0.00472982,    0.00432077
    643,        14,        37,          1.08,      1.04,      1.12,      0.1325,      0.13,       0.135,  0.00708471,    0.00708471
    644,        15,        37,          1.16,      1.12,       1.2,      0.1325,      0.13,       0.135,           0,             0
    647,         1,        38,          0.04,         0,      0.08,      0.1375,     0.135,        0.14,     92.2061,       24.7452
    648,         2,        38,          0.12,      0.08,      0.16,      0.1375,     0.135,        0.14,     1941.33,       229.098
    649,         3,        38,           0.2,      0.16,      0.24,      0.1375,     0.135,        0.14,     1120.16,       156.183
    650,         4,        38,          0.28,      0.24,      0.32,      0.1375,     0.135,        0.14,      284.09,       50.8484
    651,         5,        38,          0.36,      0.32,       0.4,      0.1375,     0.135,        0.14,      286.16,       125.457
    652,         6,        38,          0.44,       0.4,      0.48,      0.1375,     0.135,        0.14,     23.0493,       8.51333
    653,         7,        38,          0.52,      0.48,      0.56,      0.1375,     0.135,        0.14,     27.1544,       17.9283
    654,         8,        38,           0.6,      0.56,      0.64,      0.1375,     0.135,        0.14,     2.75549,       1.08457
    655,         9,        38,          0.68,      0.64,      0.72,      0.1375,     0.135,        0.14,    0.455386,      0.203322
    656,        10,        38,          0.76,      0.72,       0.8,      0.1375,     0.135,        0.14,     38.2673,       26.9703
    657,        11,        38,          0.84,       0.8,      0.88,      0.1375,     0.135,        0.14,   0.0253204,     0.0229443
    658,        12,        38,          0.92,      0.88,      0.96,      0.1375,     0.135,        0.14,  0.00386435,    0.00349518
    659,        13,        38,             1,      0.96,      1.04,      0.1375,     0.135,        0.14,  0.00833772,    0.00833772
    660,        14,        38,          1.08,      1.04,      1.12,      0.1375,     0.135,        0.14,           0,             0
    661,        15,        38,          1.16,      1.12,       1.2,      0.1375,     0.135,        0.14,           0,             0
    664,         1,        39,          0.04,         0,      0.08,      0.1425,      0.14,       0.145,     106.382,       28.2778
    665,         2,        39,          0.12,      0.08,      0.16,      0.1425,      0.14,       0.145,     1896.32,        201.72
    666,         3,        39,           0.2,      0.16,      0.24,      0.1425,      0.14,       0.145,     1279.18,       186.578
    667,         4,        39,          0.28,      0.24,      0.32,      0.1425,      0.14,       0.145,     428.414,       91.9519
    668,         5,        39,          0.36,      0.32,       0.4,      0.1425,      0.14,       0.145,     69.4613,       14.2068
    669,         6,        39,          0.44,       0.4,      0.48,      0.1425,      0.14,       0.145,     53.6307,        24.334
    670,         7,        39,          0.52,      0.48,      0.56,      0.1425,      0.14,       0.145,     45.1669,       28.9128
    671,         8,        39,           0.6,      0.56,      0.64,      0.1425,      0.14,       0.145,       73.85,        51.107
    672,         9,        39,          0.68,      0.64,      0.72,      0.1425,      0.14,       0.145,     3.95557,       3.19513
    673,        10,        39,          0.76,      0.72,       0.8,      0.1425,      0.14,       0.145,     1.97235,       1.92133
    674,        11,        39,          0.84,       0.8,      0.88,      0.1425,      0.14,       0.145,    0.786655,      0.684808
    675,        12,        39,          0.92,      0.88,      0.96,      0.1425,      0.14,       0.145,     0.06386,     0.0614518
    676,        13,        39,             1,      0.96,      1.04,      0.1425,      0.14,       0.145,           0,             0
    677,        14,        39,          1.08,      1.04,      1.12,      0.1425,      0.14,       0.145,           0,             0
    678,        15,        39,          1.16,      1.12,       1.2,      0.1425,      0.14,       0.145,           0,             0
    681,         1,        40,          0.04,         0,      0.08,      0.1475,     0.145,        0.15,     107.213,       26.5734
    682,         2,        40,          0.12,      0.08,      0.16,      0.1475,     0.145,        0.15,     1709.95,        196.01
    683,         3,        40,           0.2,      0.16,      0.24,      0.1475,     0.145,        0.15,     1442.88,       196.378
    684,         4,        40,          0.28,      0.24,      0.32,      0.1475,     0.145,        0.15,     511.401,       100.073
    685,         5,        40,          0.36,      0.32,       0.4,      0.1475,     0.145,        0.15,     148.055,       58.0784
    686,         6,        40,          0.44,       0.4,      0.48,      0.1475,     0.145,        0.15,      107.58,       40.8956
    687,         7,        40,          0.52,      0.48,      0.56,      0.1475,     0.145,        0.15,     22.2919,       10.7574
    688,         8,        40,           0.6,      0.56,      0.64,      0.1475,     0.145,        0.15,     20.3285,       15.6882
    689,         9,        40,          0.68,      0.64,      0.72,      0.1475,     0.145,        0.15,     1.41624,      0.572145
    690,        10,        40,          0.76,      0.72,       0.8,      0.1475,     0.145,        0.15,    0.259816,      0.233273
    691,        11,        40,          0.84,       0.8,      0.88,      0.1475,     0.145,        0.15,     19.7112,       19.6886
    692,        12,        40,          0.92,      0.88,      0.96,      0.1475,     0.145,        0.15,  0.00471148,    0.00381816
    693,        13,        40,             1,      0.96,      1.04,      0.1475,     0.145,        0.15,  0.00133646,    0.00133646
    694,        14,        40,          1.08,      1.04,      1.12,      0.1475,     0.145,        0.15, 0.000487927,   0.000487927
    695,        15,        40,          1.16,      1.12,       1.2,      0.1475,     0.145,        0.15,           0,             0
    698,         1,        41,          0.04,         0,      0.08,      0.1525,      0.15,       0.155,     29.3621,       9.56511
    699,         2,        41,          0.12,      0.08,      0.16,      0.1525,      0.15,       0.155,     1286.16,       152.214
    700,         3,        41,           0.2,      0.16,      0.24,      0.1525,      0.15,       0.155,     1184.21,       154.872
    701,         4,        41,          0.28,      0.24,      0.32,      0.1525,      0.15,       0.155,     740.174,       164.733
    702,         5,        41,          0.36,      0.32,       0.4,      0.1525,      0.15,       0.155,     191.254,       78.5272
    703,         6,        41,          0.44,       0.4,      0.48,      0.1525,      0.15,       0.155,     82.8514,       33.6455
    704,         7,        41,          0.52,      0.48,      0.56,      0.1525,      0.15,       0.155,     82.7969,       41.7876
    705,         8,        41,           0.6,      0.56,      0.64,      0.1525,      0.15,       0.155,     33.0069,       21.5388
    706,         9,        41,          0.68,      0.64,      0.72,      0.1525,      0.15,       0.155,     15.8347,       11.6832
    707,        10,        41,          0.76,      0.72,       0.8,      0.1525,      0.15,       0.155,     1.82318,       1.53832
    708,        11,        41,          0.84,       0.8,      0.88,      0.1525,      0.15,       0.155,    0.161286,      0.119863
    709,        12,        41,          0.92,      0.88,      0.96,      0.1525,      0.15,       0.155,    0.925015,      0.711048
    710,        13,        41,             1,      0.96,      1.04,      0.1525,      0.15,       0.155,           0,             0
    711,        14,        41,          1.08,      1.04,      1.12,      0.1525,      0.15,       0.155,           0,             0
    712,        15,        41,          1.16,      1.12,       1.2,      0.1525,      0.15,       0.155,           0,             0
    715,         1,        42,          0.04,         0,      0.08,      0.1575,     0.155,        0.16,     46.1368,       13.0099
    716,         2,        42,          0.12,      0.08,      0.16,      0.1575,     0.155,        0.16,      1131.9,       125.885
    717,         3,        42,           0.2,      0.16,      0.24,      0.1575,     0.155,        0.16,     1074.26,       149.265
    718,         4,        42,          0.28,      0.24,      0.32,      0.1575,     0.155,        0.16,     363.728,       97.5526
    719,         5,        42,          0.36,      0.32,       0.4,      0.1575,     0.155,        0.16,     342.566,       129.252
    720,         6,        42,          0.44,       0.4,      0.48,      0.1575,     0.155,        0.16,      171.63,       81.7339
    721,         7,        42,          0.52,      0.48,      0.56,      0.1575,     0.155,        0.16,     63.7546,       33.7643
    722,         8,        42,           0.6,      0.56,      0.64,      0.1575,     0.155,        0.16,     25.8474,        13.789
    723,         9,        42,          0.68,      0.64,      0.72,      0.1575,     0.155,        0.16,     33.2455,       24.3817
    724,        10,        42,          0.76,      0.72,       0.8,      0.1575,     0.155,        0.16,     47.3854,       34.7206
    725,        11,        42,          0.84,       0.8,      0.88,      0.1575,     0.155,        0.16,   0.0144829,     0.0135735
    726,        12,        42,          0.92,      0.88,      0.96,      0.1575,     0.155,        0.16,     15.4984,       15.4955
    727,        13,        42,             1,      0.96,      1.04,      0.1575,     0.155,        0.16,   0.0621969,     0.0621969
    728,        14,        42,          1.08,      1.04,      1.12,      0.1575,     0.155,        0.16,  0.00169067,    0.00169067
    729,        15,        42,          1.16,      1.12,       1.2,      0.1575,     0.155,        0.16,    0.289304,      0.289304
    732,         1,        43,          0.04,         0,      0.08,      0.1625,      0.16,       0.165,     39.3131,       16.6057
    733,         2,        43,          0.12,      0.08,      0.16,      0.1625,      0.16,       0.165,     1068.82,        123.13
    734,         3,        43,           0.2,      0.16,      0.24,      0.1625,      0.16,       0.165,      1386.7,       163.629
    735,         4,        43,          0.28,      0.24,      0.32,      0.1625,      0.16,       0.165,     586.048,       137.728
    736,         5,        43,          0.36,      0.32,       0.4,      0.1625,      0.16,       0.165,     399.496,       138.239
    737,         6,        43,          0.44,       0.4,      0.48,      0.1625,      0.16,       0.165,     106.178,       31.2934
    738,         7,        43,          0.52,      0.48,      0.56,      0.1625,      0.16,       0.165,     36.0099,       18.4022
    739,         8,        43,           0.6,      0.56,      0.64,      0.1625,      0.16,       0.165,     30.2549,       27.9185
    740,         9,        43,          0.68,      0.64,      0.72,      0.1625,      0.16,       0.165,     1.44832,      0.936735
    741,        10,        43,          0.76,      0.72,       0.8,      0.1625,      0.16,       0.165,     8.72227,       7.70156
    742,        11,        43,          0.84,       0.8,      0.88,      0.1625,      0.16,       0.165,   0.0686701,     0.0655651
    743,        12,        43,          0.92,      0.88,      0.96,      0.1625,      0.16,       0.165,  0.00521296,     0.0049695
    744,        13,        43,             1,      0.96,      1.04,      0.1625,      0.16,       0.165,           0,             0
    745,        14,        43,          1.08,      1.04,      1.12,      0.1625,      0.16,       0.165,           0,             0
    746,        15,        43,          1.16,      1.12,       1.2,      0.1625,      0.16,       0.165,           0,             0
    749,         1,        44,          0.04,         0,      0.08,      0.1675,     0.165,        0.17,     20.9193,       8.84105
    750,         2,        44,          0.12,      0.08,      0.16,      0.1675,     0.165,        0.17,     1118.34,       130.483
    751,         3,        44,           0.2,      0.16,      0.24,      0.1675,     0.165,        0.17,     1587.42,       187.461
    752,         4,        44,          0.28,      0.24,      0.32,      0.1675,     0.165,        0.17,         408,       74.5647
    753,         5,        44,          0.36,      0.32,       0.4,      0.1675,     0.165,        0.17,      197.34,       61.8077
    754,         6,        44,          0.44,       0.4,      0.48,      0.1675,     0.165,        0.17,     242.131,       117.986
    755,         7,        44,          0.52,      0.48,      0.56,      0.1675,     0.165,        0.17,     68.0361,       51.6704
    756,         8,        44,           0.6,      0.56,      0.64,      0.1675,     0.165,        0.17,     51.9579,       26.3279
    757,         9,        44,          0.68,      0.64,      0.72,      0.1675,     0.165,        0.17,       4.665,       4.48269
    758,        10,        44,          0.76,      0.72,       0.8,      0.1675,     0.165,        0.17,    0.205026,       0.10164
    759,        11,        44,          0.84,       0.8,      0.88,      0.1675,     0.165,        0.17,  0.00039885,    0.00039885
    760,        12,        44,          0.92,      0.88,      0.96,      0.1675,     0.165,        0.17, 0.000349806,   0.000349806
    761,        13,        44,             1,      0.96,      1.04,      0.1675,     0.165,        0.17,  0.00177255,    0.00177255
    762,        14,        44,          1.08,      1.04,      1.12,      0.1675,     0.165,        0.17,           0,             0
    763,        15,        44,          1.16,      1.12,       1.2,      0.1675,     0.165,        0.17,           0,             0
    766,         1,        45,          0.04,         0,      0.08,      0.1725,      0.17,       0.175,     10.9978,       6.25492
    767,         2,        45,          0.12,      0.08,      0.16,      0.1725,      0.17,       0.175,     1001.77,       138.579
    768,         3,        45,           0.2,      0.16,      0.24,      0.1725,      0.17,       0.175,     1475.44,       195.028
    769,         4,        45,          0.28,      0.24,      0.32,      0.1725,      0.17,       0.175,     430.872,       76.4614
    770,         5,        45,          0.36,      0.32,       0.4,      0.1725,      0.17,       0.175,     213.632,          64.3
    771,         6,        45,          0.44,       0.4,      0.48,      0.1725,      0.17,       0.175,     64.1653,       22.2152
    772,         7,        45,          0.52,      0.48,      0.56,      0.1725,      0.17,       0.175,     51.1032,       32.4677
    773,         8,        45,           0.6,      0.56,      0.64,      0.1725,      0.17,       0.175,     18.6166,       10.1395
    774,         9,        45,          0.68,      0.64,      0.72,      0.1725,      0.17,       0.175,     10.4235,       9.34421
    775,        10,        45,          0.76,      0.72,       0.8,      0.1725,      0.17,       0.175,   0.0409251,      0.018251
    776,        11,        45,          0.84,       0.8,      0.88,      0.1725,      0.17,       0.175,     1.16907,       1.15055
    777,        12,        45,          0.92,      0.88,      0.96,      0.1725,      0.17,       0.175,     1.23698,       1.23698
    778,        13,        45,             1,      0.96,      1.04,      0.1725,      0.17,       0.175,  0.00360616,    0.00282855
    779,        14,        45,          1.08,      1.04,      1.12,      0.1725,      0.17,       0.175,           0,             0
    780,        15,        45,          1.16,      1.12,       1.2,      0.1725,      0.17,       0.175,           0,             0
    783,         1,        46,          0.04,         0,      0.08,      0.1775,     0.175,        0.18,           0,             0
    784,         2,        46,          0.12,      0.08,      0.16,      0.1775,     0.175,        0.18,     775.542,       123.176
    785,         3,        46,           0.2,      0.16,      0.24,      0.1775,     0.175,        0.18,     1080.99,        127.68
    786,         4,        46,          0.28,      0.24,      0.32,      0.1775,     0.175,        0.18,     319.261,       53.6854
    787,         5,        46,          0.36,      0.32,       0.4,      0.1775,     0.175,        0.18,     114.461,       27.1548
    788,         6,        46,          0.44,       0.4,      0.48,      0.1775,     0.175,        0.18,     69.4228,       34.1929
    789,         7,        46,          0.52,      0.48,      0.56,      0.1775,     0.175,        0.18,     168.346,       116.273
    790,         8,        46,           0.6,      0.56,      0.64,      0.1775,     0.175,        0.18,     2.03359,      0.912012
    791,         9,        46,          0.68,      0.64,      0.72,      0.1775,     0.175,        0.18,     7.78556,       6.59308
    792,        10,        46,          0.76,      0.72,       0.8,      0.1775,     0.175,        0.18,    0.029429,     0.0144188
    793,        11,        46,          0.84,       0.8,      0.88,      0.1775,     0.175,        0.18,   0.0289133,     0.0228561
    794,        12,        46,          0.92,      0.88,      0.96,      0.1775,     0.175,        0.18,  0.00183622,    0.00170953
    795,        13,        46,             1,      0.96,      1.04,      0.1775,     0.175,        0.18,     1.86479,       1.86414
    796,        14,        46,          1.08,      1.04,      1.12,      0.1775,     0.175,        0.18,           0,             0
    797,        15,        46,          1.16,      1.12,       1.2,      0.1775,     0.175,        0.18, 0.000400441,   0.000400441
    800,         1,        47,          0.04,         0,      0.08,      0.1825,      0.18,       0.185,      4.7335,        4.7335
    801,         2,        47,          0.12,      0.08,      0.16,      0.1825,      0.18,       0.185,     662.784,       102.201
    802,         3,        47,           0.2,      0.16,      0.24,      0.1825,      0.18,       0.185,     891.427,       110.549
    803,         4,        47,          0.28,      0.24,      0.32,      0.1825,      0.18,       0.185,     390.195,       67.9451
    804,         5,        47,          0.36,      0.32,       0.4,      0.1825,      0.18,       0.185,     80.0191,       16.3406
    805,         6,        47,          0.44,       0.4,      0.48,      0.1825,      0.18,       0.185,     93.7118,       32.7628
    806,         7,        47,          0.52,      0.48,      0.56,      0.1825,      0.18,       0.185,     49.0081,       37.8448
    807,         8,        47,           0.6,      0.56,      0.64,      0.1825,      0.18,       0.185,     12.5893,       8.70627
    808,         9,        47,          0.68,      0.64,      0.72,      0.1825,      0.18,       0.185,     8.32717,       8.18239
    809,        10,        47,          0.76,      0.72,       0.8,      0.1825,      0.18,       0.185,    0.240803,      0.238416
    810,        11,        47,          0.84,       0.8,      0.88,      0.1825,      0.18,       0.185,   0.0292298,     0.0257209
    811,        12,        47,          0.92,      0.88,      0.96,      0.1825,      0.18,       0.185,  0.00557458,    0.00557458
    812,        13,        47,             1,      0.96,      1.04,      0.1825,      0.18,       0.185,  0.00334137,    0.00334137
    813,        14,        47,          1.08,      1.04,      1.12,      0.1825,      0.18,       0.185,           0,             0
    814,        15,        47,          1.16,      1.12,       1.2,      0.1825,      0.18,       0.185,           0,             0
    817,         1,        48,          0.04,         0,      0.08,      0.1875,     0.185,        0.19,           0,             0
    818,         2,        48,          0.12,      0.08,      0.16,      0.1875,     0.185,        0.19,     392.615,       64.5623
    819,         3,        48,           0.2,      0.16,      0.24,      0.1875,     0.185,        0.19,     1219.67,       186.216
    820,         4,        48,          0.28,      0.24,      0.32,      0.1875,     0.185,        0.19,     398.187,       75.5664
    821,         5,        48,          0.36,      0.32,       0.4,      0.1875,     0.185,        0.19,     281.314,       102.686
    822,         6,        48,          0.44,       0.4,      0.48,      0.1875,     0.185,        0.19,     101.494,       70.7987
    823,         7,        48,          0.52,      0.48,      0.56,      0.1875,     0.185,        0.19,     15.1827,       9.76929
    824,         8,        48,           0.6,      0.56,      0.64,      0.1875,     0.185,        0.19,      9.8075,       6.88471
    825,         9,        48,          0.68,      0.64,      0.72,      0.1875,     0.185,        0.19,     1.90193,       1.27667
    826,        10,        48,          0.76,      0.72,       0.8,      0.1875,     0.185,        0.19,    0.402692,      0.364007
    827,        11,        48,          0.84,       0.8,      0.88,      0.1875,     0.185,        0.19,    0.101547,     0.0881385
    828,        12,        48,          0.92,      0.88,      0.96,      0.1875,     0.185,        0.19,    0.052726,     0.0492195
    829,        13,        48,             1,      0.96,      1.04,      0.1875,     0.185,        0.19,           0,             0
    830,        14,        48,          1.08,      1.04,      1.12,      0.1875,     0.185,        0.19,  0.00292463,    0.00292463
    831,        15,        48,          1.16,      1.12,       1.2,      0.1875,     0.185,        0.19,  0.00463715,    0.00463715
    834,         1,        49,          0.04,         0,      0.08,      0.1925,      0.19,       0.195,           0,             0
    835,         2,        49,          0.12,      0.08,      0.16,      0.1925,      0.19,       0.195,     404.206,       66.9518
    836,         3,        49,           0.2,      0.16,      0.24,      0.1925,      0.19,       0.195,     1161.67,       152.739
    837,         4,        49,          0.28,      0.24,      0.32,      0.1925,      0.19,       0.195,     487.686,        99.311
    838,         5,        49,          0.36,      0.32,       0.4,      0.1925,      0.19,       0.195,     143.087,        55.382
    839,         6,        49,          0.44,       0.4,      0.48,      0.1925,      0.19,       0.195,     128.769,        44.968
    840,         7,        49,          0.52,      0.48,      0.56,      0.1925,      0.19,       0.195,     11.2906,       4.72175
    841,         8,        49,           0.6,      0.56,      0.64,      0.1925,      0.19,       0.195,     5.33052,       3.07398
    842,         9,        49,          0.68,      0.64,      0.72,      0.1925,      0.19,       0.195,    0.166787,     0.0878007
    843,        10,        49,          0.76,      0.72,       0.8,      0.1925,      0.19,       0.195,    0.267021,      0.232289
    844,        11,        49,          0.84,       0.8,      0.88,      0.1925,      0.19,       0.195,   0.0248783,     0.0216892
    845,        12,        49,          0.92,      0.88,      0.96,      0.1925,      0.19,       0.195,           0,             0
    846,        13,        49,             1,      0.96,      1.04,      0.1925,      0.19,       0.195, 0.000547001,   0.000547001
    847,        14,        49,          1.08,      1.04,      1.12,      0.1925,      0.19,       0.195,  0.00083272,    0.00083272
    848,        15,        49,          1.16,      1.12,       1.2,      0.1925,      0.19,       0.195,  0.00224962,    0.00224962
    851,         1,        50,          0.04,         0,      0.08,      0.1975,     0.195,         0.2,           0,             0
    852,         2,        50,          0.12,      0.08,      0.16,      0.1975,     0.195,         0.2,     332.314,       57.9971
    853,         3,        50,           0.2,      0.16,      0.24,      0.1975,     0.195,         0.2,     1285.86,       170.266
    854,         4,        50,          0.28,      0.24,      0.32,      0.1975,     0.195,         0.2,     451.321,       91.4446
    855,         5,        50,          0.36,      0.32,       0.4,      0.1975,     0.195,         0.2,     134.052,       44.4396
    856,         6,        50,          0.44,       0.4,      0.48,      0.1975,     0.195,         0.2,     72.3009,       28.5283
    857,         7,        50,          0.52,      0.48,      0.56,      0.1975,     0.195,         0.2,        55.1,        30.566
    858,         8,        50,           0.6,      0.56,      0.64,      0.1975,     0.195,         0.2,     46.4917,       42.8742
    859,         9,        50,          0.68,      0.64,      0.72,      0.1975,     0.195,         0.2,     2.67235,       1.51115
    860,        10,        50,          0.76,      0.72,       0.8,      0.1975,     0.195,         0.2,   0.0578369,     0.0389521
    861,        11,        50,          0.84,       0.8,      0.88,      0.1975,     0.195,         0.2,    0.102105,      0.071765
    862,        12,        50,          0.92,      0.88,      0.96,      0.1975,     0.195,         0.2,           0,             0
    863,        13,        50,             1,      0.96,      1.04,      0.1975,     0.195,         0.2,  0.00430103,    0.00306346
    864,        14,        50,          1.08,      1.04,      1.12,      0.1975,     0.195,         0.2,           0,             0
    865,        15,        50,          1.16,      1.12,       1.2,      0.1975,     0.195,         0.2,           0,             0
