# 2D Histogram Bin Extraction 
#                   
# histogram parameters:  
# title      : $\theta_{rq}$ (2D Average) 
# ybins      : 15 
# ylabel     :  P_{m} [GeV/c] 
# xbins      : 10 
# xlabel     :  $\theta_{rq}$ [deg] 
# ybin_width : 0.080 
# xbin_width : 20.000 
#                   
# header definitions:
# ib:         (x,y)  bin number 
# xb:         x-axis bin number 
# yb:         y-axis bin number 
# x0:         x-axis central bin value 
# xlow:       x-axis low-edge bin value 
# xup:        x-axis up-edge bin value 
# y0:         y-axis central bin value 
# ylow:       y-axis low-edge bin value 
# yup:        y-axis up-edge bin value 
# zcont:      bin content (z-axis) 
# zcont_err:  bin content error (z-axis) 
#                                        
ib,xb,yb,x0,xlow,xup,y0,ylow,yup,zcont,zcont_err
     13,         1,         1,            10,         0,        20,        0.04,         0,        0.08,           0,             0
     14,         2,         1,            30,        20,        40,        0.04,         0,        0.08,           0,             0
     15,         3,         1,            50,        40,        60,        0.04,         0,        0.08,           0,             0
     16,         4,         1,            70,        60,        80,        0.04,         0,        0.08,           0,             0
     17,         5,         1,            90,        80,       100,        0.04,         0,        0.08,           0,             0
     18,         6,         1,           110,       100,       120,        0.04,         0,        0.08,           0,             0
     19,         7,         1,           130,       120,       140,        0.04,         0,        0.08,           0,             0
     20,         8,         1,           150,       140,       160,        0.04,         0,        0.08,           0,             0
     21,         9,         1,           170,       160,       180,        0.04,         0,        0.08,           0,             0
     22,        10,         1,           190,       180,       200,        0.04,         0,        0.08,           0,             0
     25,         1,         2,            10,         0,        20,        0.12,      0.08,        0.16,           0,             0
     26,         2,         2,            30,        20,        40,        0.12,      0.08,        0.16,           0,             0
     27,         3,         2,            50,        40,        60,        0.12,      0.08,        0.16,           0,             0
     28,         4,         2,            70,        60,        80,        0.12,      0.08,        0.16,           0,             0
     29,         5,         2,            90,        80,       100,        0.12,      0.08,        0.16,           0,             0
     30,         6,         2,           110,       100,       120,        0.12,      0.08,        0.16,           0,             0
     31,         7,         2,           130,       120,       140,        0.12,      0.08,        0.16,           0,             0
     32,         8,         2,           150,       140,       160,        0.12,      0.08,        0.16,           0,             0
     33,         9,         2,           170,       160,       180,        0.12,      0.08,        0.16,           0,             0
     34,        10,         2,           190,       180,       200,        0.12,      0.08,        0.16,           0,             0
     37,         1,         3,            10,         0,        20,         0.2,      0.16,        0.24,           0,             0
     38,         2,         3,            30,        20,        40,         0.2,      0.16,        0.24,     34.0964,       4.10812
     39,         3,         3,            50,        40,        60,         0.2,      0.16,        0.24,     45.5394,       5.92944
     40,         4,         3,            70,        60,        80,         0.2,      0.16,        0.24,           0,             0
     41,         5,         3,            90,        80,       100,         0.2,      0.16,        0.24,           0,             0
     42,         6,         3,           110,       100,       120,         0.2,      0.16,        0.24,           0,             0
     43,         7,         3,           130,       120,       140,         0.2,      0.16,        0.24,           0,             0
     44,         8,         3,           150,       140,       160,         0.2,      0.16,        0.24,           0,             0
     45,         9,         3,           170,       160,       180,         0.2,      0.16,        0.24,           0,             0
     46,        10,         3,           190,       180,       200,         0.2,      0.16,        0.24,           0,             0
     49,         1,         4,            10,         0,        20,        0.28,      0.24,        0.32,     17.9788,       1.51083
     50,         2,         4,            30,        20,        40,        0.28,      0.24,        0.32,     32.2325,      0.546071
     51,         3,         4,            50,        40,        60,        0.28,      0.24,        0.32,     48.6937,      0.726972
     52,         4,         4,            70,        60,        80,        0.28,      0.24,        0.32,     63.0518,       2.63094
     53,         5,         4,            90,        80,       100,        0.28,      0.24,        0.32,           0,             0
     54,         6,         4,           110,       100,       120,        0.28,      0.24,        0.32,           0,             0
     55,         7,         4,           130,       120,       140,        0.28,      0.24,        0.32,           0,             0
     56,         8,         4,           150,       140,       160,        0.28,      0.24,        0.32,           0,             0
     57,         9,         4,           170,       160,       180,        0.28,      0.24,        0.32,           0,             0
     58,        10,         4,           190,       180,       200,        0.28,      0.24,        0.32,           0,             0
     61,         1,         5,            10,         0,        20,        0.36,      0.32,         0.4,     17.2639,      0.561984
     62,         2,         5,            30,        20,        40,        0.36,      0.32,         0.4,     31.8572,      0.311588
     63,         3,         5,            50,        40,        60,        0.36,      0.32,         0.4,     50.0695,      0.439079
     64,         4,         5,            70,        60,        80,        0.36,      0.32,         0.4,     63.9561,        1.1812
     65,         5,         5,            90,        80,       100,        0.36,      0.32,         0.4,           0,             0
     66,         6,         5,           110,       100,       120,        0.36,      0.32,         0.4,           0,             0
     67,         7,         5,           130,       120,       140,        0.36,      0.32,         0.4,           0,             0
     68,         8,         5,           150,       140,       160,        0.36,      0.32,         0.4,           0,             0
     69,         9,         5,           170,       160,       180,        0.36,      0.32,         0.4,           0,             0
     70,        10,         5,           190,       180,       200,        0.36,      0.32,         0.4,           0,             0
     73,         1,         6,            10,         0,        20,        0.44,       0.4,        0.48,     16.8165,      0.348409
     74,         2,         6,            30,        20,        40,        0.44,       0.4,        0.48,      31.535,      0.250716
     75,         3,         6,            50,        40,        60,        0.44,       0.4,        0.48,     50.3236,      0.460308
     76,         4,         6,            70,        60,        80,        0.44,       0.4,        0.48,     63.9905,       1.44486
     77,         5,         6,            90,        80,       100,        0.44,       0.4,        0.48,           0,             0
     78,         6,         6,           110,       100,       120,        0.44,       0.4,        0.48,           0,             0
     79,         7,         6,           130,       120,       140,        0.44,       0.4,        0.48,           0,             0
     80,         8,         6,           150,       140,       160,        0.44,       0.4,        0.48,           0,             0
     81,         9,         6,           170,       160,       180,        0.44,       0.4,        0.48,           0,             0
     82,        10,         6,           190,       180,       200,        0.44,       0.4,        0.48,           0,             0
     85,         1,         7,            10,         0,        20,        0.52,      0.48,        0.56,     16.3745,      0.259806
     86,         2,         7,            30,        20,        40,        0.52,      0.48,        0.56,     31.3005,      0.237413
     87,         3,         7,            50,        40,        60,        0.52,      0.48,        0.56,     50.6207,      0.521253
     88,         4,         7,            70,        60,        80,        0.52,      0.48,        0.56,     62.6714,       2.12262
     89,         5,         7,            90,        80,       100,        0.52,      0.48,        0.56,           0,             0
     90,         6,         7,           110,       100,       120,        0.52,      0.48,        0.56,           0,             0
     91,         7,         7,           130,       120,       140,        0.52,      0.48,        0.56,           0,             0
     92,         8,         7,           150,       140,       160,        0.52,      0.48,        0.56,           0,             0
     93,         9,         7,           170,       160,       180,        0.52,      0.48,        0.56,           0,             0
     94,        10,         7,           190,       180,       200,        0.52,      0.48,        0.56,           0,             0
     97,         1,         8,            10,         0,        20,         0.6,      0.56,        0.64,     16.1761,      0.221186
     98,         2,         8,            30,        20,        40,         0.6,      0.56,        0.64,     31.2451,      0.246719
     99,         3,         8,            50,        40,        60,         0.6,      0.56,        0.64,     50.4802,      0.581961
    100,         4,         8,            70,        60,        80,         0.6,      0.56,        0.64,     61.7874,       3.56439
    101,         5,         8,            90,        80,       100,         0.6,      0.56,        0.64,           0,             0
    102,         6,         8,           110,       100,       120,         0.6,      0.56,        0.64,           0,             0
    103,         7,         8,           130,       120,       140,         0.6,      0.56,        0.64,           0,             0
    104,         8,         8,           150,       140,       160,         0.6,      0.56,        0.64,           0,             0
    105,         9,         8,           170,       160,       180,         0.6,      0.56,        0.64,           0,             0
    106,        10,         8,           190,       180,       200,         0.6,      0.56,        0.64,           0,             0
    109,         1,         9,            10,         0,        20,        0.68,      0.64,        0.72,     15.9889,      0.204238
    110,         2,         9,            30,        20,        40,        0.68,      0.64,        0.72,     31.6018,      0.276536
    111,         3,         9,            50,        40,        60,        0.68,      0.64,        0.72,     49.6132,      0.650356
    112,         4,         9,            70,        60,        80,        0.68,      0.64,        0.72,     60.9605,       8.94866
    113,         5,         9,            90,        80,       100,        0.68,      0.64,        0.72,           0,             0
    114,         6,         9,           110,       100,       120,        0.68,      0.64,        0.72,           0,             0
    115,         7,         9,           130,       120,       140,        0.68,      0.64,        0.72,           0,             0
    116,         8,         9,           150,       140,       160,        0.68,      0.64,        0.72,           0,             0
    117,         9,         9,           170,       160,       180,        0.68,      0.64,        0.72,           0,             0
    118,        10,         9,           190,       180,       200,        0.68,      0.64,        0.72,           0,             0
    121,         1,        10,            10,         0,        20,        0.76,      0.72,         0.8,     15.5018,      0.233378
    122,         2,        10,            30,        20,        40,        0.76,      0.72,         0.8,     32.8144,      0.341191
    123,         3,        10,            50,        40,        60,        0.76,      0.72,         0.8,     48.0577,      0.730618
    124,         4,        10,            70,        60,        80,        0.76,      0.72,         0.8,     61.2447,       86.6131
    125,         5,        10,            90,        80,       100,        0.76,      0.72,         0.8,           0,             0
    126,         6,        10,           110,       100,       120,        0.76,      0.72,         0.8,           0,             0
    127,         7,        10,           130,       120,       140,        0.76,      0.72,         0.8,           0,             0
    128,         8,        10,           150,       140,       160,        0.76,      0.72,         0.8,           0,             0
    129,         9,        10,           170,       160,       180,        0.76,      0.72,         0.8,           0,             0
    130,        10,        10,           190,       180,       200,        0.76,      0.72,         0.8,           0,             0
    133,         1,        11,            10,         0,        20,        0.84,       0.8,        0.88,     15.4935,      0.422729
    134,         2,        11,            30,        20,        40,        0.84,       0.8,        0.88,     33.6245,      0.414668
    135,         3,        11,            50,        40,        60,        0.84,       0.8,        0.88,     46.6525,      0.886916
    136,         4,        11,            70,        60,        80,        0.84,       0.8,        0.88,           0,             0
    137,         5,        11,            90,        80,       100,        0.84,       0.8,        0.88,           0,             0
    138,         6,        11,           110,       100,       120,        0.84,       0.8,        0.88,           0,             0
    139,         7,        11,           130,       120,       140,        0.84,       0.8,        0.88,           0,             0
    140,         8,        11,           150,       140,       160,        0.84,       0.8,        0.88,           0,             0
    141,         9,        11,           170,       160,       180,        0.84,       0.8,        0.88,           0,             0
    142,        10,        11,           190,       180,       200,        0.84,       0.8,        0.88,           0,             0
    145,         1,        12,            10,         0,        20,        0.92,      0.88,        0.96,     18.3864,       2.04336
    146,         2,        12,            30,        20,        40,        0.92,      0.88,        0.96,     33.3314,       0.49997
    147,         3,        12,            50,        40,        60,        0.92,      0.88,        0.96,     45.3751,        1.3452
    148,         4,        12,            70,        60,        80,        0.92,      0.88,        0.96,           0,             0
    149,         5,        12,            90,        80,       100,        0.92,      0.88,        0.96,           0,             0
    150,         6,        12,           110,       100,       120,        0.92,      0.88,        0.96,           0,             0
    151,         7,        12,           130,       120,       140,        0.92,      0.88,        0.96,           0,             0
    152,         8,        12,           150,       140,       160,        0.92,      0.88,        0.96,           0,             0
    153,         9,        12,           170,       160,       180,        0.92,      0.88,        0.96,           0,             0
    154,        10,        12,           190,       180,       200,        0.92,      0.88,        0.96,           0,             0
    157,         1,        13,            10,         0,        20,           1,      0.96,        1.04,           0,             0
    158,         2,        13,            30,        20,        40,           1,      0.96,        1.04,     32.4713,      0.746495
    159,         3,        13,            50,        40,        60,           1,      0.96,        1.04,     44.1444,       2.87979
    160,         4,        13,            70,        60,        80,           1,      0.96,        1.04,           0,             0
    161,         5,        13,            90,        80,       100,           1,      0.96,        1.04,           0,             0
    162,         6,        13,           110,       100,       120,           1,      0.96,        1.04,           0,             0
    163,         7,        13,           130,       120,       140,           1,      0.96,        1.04,           0,             0
    164,         8,        13,           150,       140,       160,           1,      0.96,        1.04,           0,             0
    165,         9,        13,           170,       160,       180,           1,      0.96,        1.04,           0,             0
    166,        10,        13,           190,       180,       200,           1,      0.96,        1.04,           0,             0
    169,         1,        14,            10,         0,        20,        1.08,      1.04,        1.12,           0,             0
    170,         2,        14,            30,        20,        40,        1.08,      1.04,        1.12,     31.8058,       1.84668
    171,         3,        14,            50,        40,        60,        1.08,      1.04,        1.12,     42.1455,       12.0813
    172,         4,        14,            70,        60,        80,        1.08,      1.04,        1.12,           0,             0
    173,         5,        14,            90,        80,       100,        1.08,      1.04,        1.12,           0,             0
    174,         6,        14,           110,       100,       120,        1.08,      1.04,        1.12,           0,             0
    175,         7,        14,           130,       120,       140,        1.08,      1.04,        1.12,           0,             0
    176,         8,        14,           150,       140,       160,        1.08,      1.04,        1.12,           0,             0
    177,         9,        14,           170,       160,       180,        1.08,      1.04,        1.12,           0,             0
    178,        10,        14,           190,       180,       200,        1.08,      1.04,        1.12,           0,             0
    181,         1,        15,            10,         0,        20,        1.16,      1.12,         1.2,           0,             0
    182,         2,        15,            30,        20,        40,        1.16,      1.12,         1.2,     31.2293,       15.3834
    183,         3,        15,            50,        40,        60,        1.16,      1.12,         1.2,           0,             0
    184,         4,        15,            70,        60,        80,        1.16,      1.12,         1.2,           0,             0
    185,         5,        15,            90,        80,       100,        1.16,      1.12,         1.2,           0,             0
    186,         6,        15,           110,       100,       120,        1.16,      1.12,         1.2,           0,             0
    187,         7,        15,           130,       120,       140,        1.16,      1.12,         1.2,           0,             0
    188,         8,        15,           150,       140,       160,        1.16,      1.12,         1.2,           0,             0
    189,         9,        15,           170,       160,       180,        1.16,      1.12,         1.2,           0,             0
    190,        10,        15,           190,       180,       200,        1.16,      1.12,         1.2,           0,             0
