# 2D Histogram Bin Extraction 
#                   
# histogram parameters:  
# title      : Pm vs. $\theta_{rq}$ (vertex) 
# ybins      : 15 
# ylabel     :  P_{m} [GeV/c] 
# xbins      : 10 
# xlabel     :  $\theta_{rq}$ [deg] 
# ybin_width : 0.080 
# xbin_width : 20.000 
#                   
# header definitions:
# ib:         (x,y)  bin number 
# xb:         x-axis bin number 
# yb:         y-axis bin number 
# x0:         x-axis central bin value 
# xlow:       x-axis low-edge bin value 
# xup:        x-axis up-edge bin value 
# y0:         y-axis central bin value 
# ylow:       y-axis low-edge bin value 
# yup:        y-axis up-edge bin value 
# zcont:      bin content (z-axis) 
# zcont_err:  bin content error (z-axis) 
#                                        
ib,xb,yb,x0,xlow,xup,y0,ylow,yup,zcont,zcont_err
     13,         1,         1,            10,         0,        20,        0.04,         0,        0.08,     9686.28,         805.3
     14,         2,         1,            30,        20,        40,        0.04,         0,        0.08,     27669.7,       1215.18
     15,         3,         1,            50,        40,        60,        0.04,         0,        0.08,       49404,       1609.83
     16,         4,         1,            70,        60,        80,        0.04,         0,        0.08,     66990.7,       1930.22
     17,         5,         1,            90,        80,       100,        0.04,         0,        0.08,     84797.8,       2279.15
     18,         6,         1,           110,       100,       120,        0.04,         0,        0.08,     84120.6,       2342.48
     19,         7,         1,           130,       120,       140,        0.04,         0,        0.08,     70716.6,       2198.95
     20,         8,         1,           150,       140,       160,        0.04,         0,        0.08,     42964.8,       1814.41
     21,         9,         1,           170,       160,       180,        0.04,         0,        0.08,     14019.7,       1103.65
     22,        10,         1,           190,       180,       200,        0.04,         0,        0.08,           0,             0
     25,         1,         2,            10,         0,        20,        0.12,      0.08,        0.16,     1358.79,       54.7167
     26,         2,         2,            30,        20,        40,        0.12,      0.08,        0.16,     5621.45,       119.533
     27,         3,         2,            50,        40,        60,        0.12,      0.08,        0.16,     11840.6,       200.481
     28,         4,         2,            70,        60,        80,        0.12,      0.08,        0.16,     15778.9,       251.436
     29,         5,         2,            90,        80,       100,        0.12,      0.08,        0.16,     18568.8,       295.152
     30,         6,         2,           110,       100,       120,        0.12,      0.08,        0.16,     21068.6,       329.501
     31,         7,         2,           130,       120,       140,        0.12,      0.08,        0.16,       16870,       318.648
     32,         8,         2,           150,       140,       160,        0.12,      0.08,        0.16,     4227.57,       192.689
     33,         9,         2,           170,       160,       180,        0.12,      0.08,        0.16,     214.664,       48.6092
     34,        10,         2,           190,       180,       200,        0.12,      0.08,        0.16,           0,             0
     37,         1,         3,            10,         0,        20,         0.2,      0.16,        0.24,      116.55,       3.18418
     38,         2,         3,            30,        20,        40,         0.2,      0.16,        0.24,     696.192,       9.29572
     39,         3,         3,            50,        40,        60,         0.2,      0.16,        0.24,     1057.16,       12.8364
     40,         4,         3,            70,        60,        80,         0.2,      0.16,        0.24,     1232.44,       14.7547
     41,         5,         3,            90,        80,       100,         0.2,      0.16,        0.24,     1611.16,       19.9669
     42,         6,         3,           110,       100,       120,         0.2,      0.16,        0.24,     2351.17,        30.526
     43,         7,         3,           130,       120,       140,         0.2,      0.16,        0.24,      1128.5,       25.9451
     44,         8,         3,           150,       140,       160,         0.2,      0.16,        0.24,     8.55274,       2.87407
     45,         9,         3,           170,       160,       180,         0.2,      0.16,        0.24,           0,             0
     46,        10,         3,           190,       180,       200,         0.2,      0.16,        0.24,           0,             0
     49,         1,         4,            10,         0,        20,        0.28,      0.24,        0.32,     21.8683,      0.423263
     50,         2,         4,            30,        20,        40,        0.28,      0.24,        0.32,     125.184,       1.25045
     51,         3,         4,            50,        40,        60,        0.28,      0.24,        0.32,     175.007,       1.69252
     52,         4,         4,            70,        60,        80,        0.28,      0.24,        0.32,     195.852,       1.86917
     53,         5,         4,            90,        80,       100,        0.28,      0.24,        0.32,      273.83,        3.2965
     54,         6,         4,           110,       100,       120,        0.28,      0.24,        0.32,     219.496,       4.40806
     55,         7,         4,           130,       120,       140,        0.28,      0.24,        0.32,     11.1795,       1.30517
     56,         8,         4,           150,       140,       160,        0.28,      0.24,        0.32,           0,             0
     57,         9,         4,           170,       160,       180,        0.28,      0.24,        0.32,           0,             0
     58,        10,         4,           190,       180,       200,        0.28,      0.24,        0.32,           0,             0
     61,         1,         5,            10,         0,        20,        0.36,      0.32,         0.4,     6.60216,     0.0991927
     62,         2,         5,            30,        20,        40,        0.36,      0.32,         0.4,     31.5585,      0.271143
     63,         3,         5,            50,        40,        60,        0.36,      0.32,         0.4,     59.3785,      0.542069
     64,         4,         5,            70,        60,        80,        0.36,      0.32,         0.4,     108.257,       1.06013
     65,         5,         5,            90,        80,       100,        0.36,      0.32,         0.4,     69.2233,       1.09522
     66,         6,         5,           110,       100,       120,        0.36,      0.32,         0.4,     5.49866,      0.425672
     67,         7,         5,           130,       120,       140,        0.36,      0.32,         0.4,           0,             0
     68,         8,         5,           150,       140,       160,        0.36,      0.32,         0.4,           0,             0
     69,         9,         5,           170,       160,       180,        0.36,      0.32,         0.4,           0,             0
     70,        10,         5,           190,       180,       200,        0.36,      0.32,         0.4,           0,             0
     73,         1,         6,            10,         0,        20,        0.44,       0.4,        0.48,     2.09306,     0.0308194
     74,         2,         6,            30,        20,        40,        0.44,       0.4,        0.48,     8.78518,     0.0826178
     75,         3,         6,            50,        40,        60,        0.44,       0.4,        0.48,     29.6146,      0.305053
     76,         4,         6,            70,        60,        80,        0.44,       0.4,        0.48,     54.8717,      0.661415
     77,         5,         6,            90,        80,       100,        0.44,       0.4,        0.48,     9.57728,      0.303506
     78,         6,         6,           110,       100,       120,        0.44,       0.4,        0.48,           0,             0
     79,         7,         6,           130,       120,       140,        0.44,       0.4,        0.48,           0,             0
     80,         8,         6,           150,       140,       160,        0.44,       0.4,        0.48,           0,             0
     81,         9,         6,           170,       160,       180,        0.44,       0.4,        0.48,           0,             0
     82,        10,         6,           190,       180,       200,        0.44,       0.4,        0.48,           0,             0
     85,         1,         7,            10,         0,        20,        0.52,      0.48,        0.56,    0.673582,     0.0119654
     86,         2,         7,            30,        20,        40,        0.52,      0.48,        0.56,     2.37573,      0.030133
     87,         3,         7,            50,        40,        60,        0.52,      0.48,        0.56,     12.7086,      0.170805
     88,         4,         7,            70,        60,        80,        0.52,      0.48,        0.56,     15.7012,      0.285238
     89,         5,         7,            90,        80,       100,        0.52,      0.48,        0.56,    0.450357,      0.049839
     90,         6,         7,           110,       100,       120,        0.52,      0.48,        0.56,           0,             0
     91,         7,         7,           130,       120,       140,        0.52,      0.48,        0.56,           0,             0
     92,         8,         7,           150,       140,       160,        0.52,      0.48,        0.56,           0,             0
     93,         9,         7,           170,       160,       180,        0.52,      0.48,        0.56,           0,             0
     94,        10,         7,           190,       180,       200,        0.52,      0.48,        0.56,           0,             0
     97,         1,         8,            10,         0,        20,         0.6,      0.56,        0.64,   0.0767091,    0.00305118
     98,         2,         8,            30,        20,        40,         0.6,      0.56,        0.64,     0.50408,     0.0107686
     99,         3,         8,            50,        40,        60,         0.6,      0.56,        0.64,     2.89464,     0.0642556
    100,         4,         8,            70,        60,        80,         0.6,      0.56,        0.64,     1.69116,     0.0703331
    101,         5,         8,            90,        80,       100,         0.6,      0.56,        0.64,           0,             0
    102,         6,         8,           110,       100,       120,         0.6,      0.56,        0.64,           0,             0
    103,         7,         8,           130,       120,       140,         0.6,      0.56,        0.64,           0,             0
    104,         8,         8,           150,       140,       160,         0.6,      0.56,        0.64,           0,             0
    105,         9,         8,           170,       160,       180,         0.6,      0.56,        0.64,           0,             0
    106,        10,         8,           190,       180,       200,         0.6,      0.56,        0.64,           0,             0
    109,         1,         9,            10,         0,        20,        0.68,      0.64,        0.72, 6.04535e-05,   6.04535e-05
    110,         2,         9,            30,        20,        40,        0.68,      0.64,        0.72,   0.0630204,    0.00312498
    111,         3,         9,            50,        40,        60,        0.68,      0.64,        0.72,    0.164054,    0.00964609
    112,         4,         9,            70,        60,        80,        0.68,      0.64,        0.72,  0.00844725,     0.0035006
    113,         5,         9,            90,        80,       100,        0.68,      0.64,        0.72,           0,             0
    114,         6,         9,           110,       100,       120,        0.68,      0.64,        0.72,           0,             0
    115,         7,         9,           130,       120,       140,        0.68,      0.64,        0.72,           0,             0
    116,         8,         9,           150,       140,       160,        0.68,      0.64,        0.72,           0,             0
    117,         9,         9,           170,       160,       180,        0.68,      0.64,        0.72,           0,             0
    118,        10,         9,           190,       180,       200,        0.68,      0.64,        0.72,           0,             0
    121,         1,        10,            10,         0,        20,        0.76,      0.72,         0.8,           0,             0
    122,         2,        10,            30,        20,        40,        0.76,      0.72,         0.8,  0.00227602,   0.000470015
    123,         3,        10,            50,        40,        60,        0.76,      0.72,         0.8, 0.000258077,   0.000182881
    124,         4,        10,            70,        60,        80,        0.76,      0.72,         0.8,           0,             0
    125,         5,        10,            90,        80,       100,        0.76,      0.72,         0.8,           0,             0
    126,         6,        10,           110,       100,       120,        0.76,      0.72,         0.8,           0,             0
    127,         7,        10,           130,       120,       140,        0.76,      0.72,         0.8,           0,             0
    128,         8,        10,           150,       140,       160,        0.76,      0.72,         0.8,           0,             0
    129,         9,        10,           170,       160,       180,        0.76,      0.72,         0.8,           0,             0
    130,        10,        10,           190,       180,       200,        0.76,      0.72,         0.8,           0,             0
    133,         1,        11,            10,         0,        20,        0.84,       0.8,        0.88,           0,             0
    134,         2,        11,            30,        20,        40,        0.84,       0.8,        0.88,           0,             0
    135,         3,        11,            50,        40,        60,        0.84,       0.8,        0.88,           0,             0
    136,         4,        11,            70,        60,        80,        0.84,       0.8,        0.88,           0,             0
    137,         5,        11,            90,        80,       100,        0.84,       0.8,        0.88,           0,             0
    138,         6,        11,           110,       100,       120,        0.84,       0.8,        0.88,           0,             0
    139,         7,        11,           130,       120,       140,        0.84,       0.8,        0.88,           0,             0
    140,         8,        11,           150,       140,       160,        0.84,       0.8,        0.88,           0,             0
    141,         9,        11,           170,       160,       180,        0.84,       0.8,        0.88,           0,             0
    142,        10,        11,           190,       180,       200,        0.84,       0.8,        0.88,           0,             0
    145,         1,        12,            10,         0,        20,        0.92,      0.88,        0.96,           0,             0
    146,         2,        12,            30,        20,        40,        0.92,      0.88,        0.96,           0,             0
    147,         3,        12,            50,        40,        60,        0.92,      0.88,        0.96,           0,             0
    148,         4,        12,            70,        60,        80,        0.92,      0.88,        0.96,           0,             0
    149,         5,        12,            90,        80,       100,        0.92,      0.88,        0.96,           0,             0
    150,         6,        12,           110,       100,       120,        0.92,      0.88,        0.96,           0,             0
    151,         7,        12,           130,       120,       140,        0.92,      0.88,        0.96,           0,             0
    152,         8,        12,           150,       140,       160,        0.92,      0.88,        0.96,           0,             0
    153,         9,        12,           170,       160,       180,        0.92,      0.88,        0.96,           0,             0
    154,        10,        12,           190,       180,       200,        0.92,      0.88,        0.96,           0,             0
    157,         1,        13,            10,         0,        20,           1,      0.96,        1.04,           0,             0
    158,         2,        13,            30,        20,        40,           1,      0.96,        1.04,           0,             0
    159,         3,        13,            50,        40,        60,           1,      0.96,        1.04,           0,             0
    160,         4,        13,            70,        60,        80,           1,      0.96,        1.04,           0,             0
    161,         5,        13,            90,        80,       100,           1,      0.96,        1.04,           0,             0
    162,         6,        13,           110,       100,       120,           1,      0.96,        1.04,           0,             0
    163,         7,        13,           130,       120,       140,           1,      0.96,        1.04,           0,             0
    164,         8,        13,           150,       140,       160,           1,      0.96,        1.04,           0,             0
    165,         9,        13,           170,       160,       180,           1,      0.96,        1.04,           0,             0
    166,        10,        13,           190,       180,       200,           1,      0.96,        1.04,           0,             0
    169,         1,        14,            10,         0,        20,        1.08,      1.04,        1.12,           0,             0
    170,         2,        14,            30,        20,        40,        1.08,      1.04,        1.12,           0,             0
    171,         3,        14,            50,        40,        60,        1.08,      1.04,        1.12,           0,             0
    172,         4,        14,            70,        60,        80,        1.08,      1.04,        1.12,           0,             0
    173,         5,        14,            90,        80,       100,        1.08,      1.04,        1.12,           0,             0
    174,         6,        14,           110,       100,       120,        1.08,      1.04,        1.12,           0,             0
    175,         7,        14,           130,       120,       140,        1.08,      1.04,        1.12,           0,             0
    176,         8,        14,           150,       140,       160,        1.08,      1.04,        1.12,           0,             0
    177,         9,        14,           170,       160,       180,        1.08,      1.04,        1.12,           0,             0
    178,        10,        14,           190,       180,       200,        1.08,      1.04,        1.12,           0,             0
    181,         1,        15,            10,         0,        20,        1.16,      1.12,         1.2,           0,             0
    182,         2,        15,            30,        20,        40,        1.16,      1.12,         1.2,           0,             0
    183,         3,        15,            50,        40,        60,        1.16,      1.12,         1.2,           0,             0
    184,         4,        15,            70,        60,        80,        1.16,      1.12,         1.2,           0,             0
    185,         5,        15,            90,        80,       100,        1.16,      1.12,         1.2,           0,             0
    186,         6,        15,           110,       100,       120,        1.16,      1.12,         1.2,           0,             0
    187,         7,        15,           130,       120,       140,        1.16,      1.12,         1.2,           0,             0
    188,         8,        15,           150,       140,       160,        1.16,      1.12,         1.2,           0,             0
    189,         9,        15,           170,       160,       180,        1.16,      1.12,         1.2,           0,             0
    190,        10,        15,           190,       180,       200,        1.16,      1.12,         1.2,           0,             0
