# 2D Histogram Bin Extraction 
#                   
# histogram parameters:  
# title      : Em_nuc vs. Pm 
# ybins      : 50 
# ylabel     :  
# xbins      : 15 
# xlabel     :  
# ybin_width : 0.005 
# xbin_width : 0.080 
#                   
# header definitions:
# ib:         (x,y)  bin number 
# xb:         x-axis bin number 
# yb:         y-axis bin number 
# x0:         x-axis central bin value 
# xlow:       x-axis low-edge bin value 
# xup:        x-axis up-edge bin value 
# y0:         y-axis central bin value 
# ylow:       y-axis low-edge bin value 
# yup:        y-axis up-edge bin value 
# zcont:      bin content (z-axis) 
# zcont_err:  bin content error (z-axis) 
#                                        
ib,xb,yb,x0,xlow,xup,y0,ylow,yup,zcont,zcont_err
     18,         1,         1,          0.04,         0,      0.08,     -0.0475,     -0.05,      -0.045,           0,             0
     19,         2,         1,          0.12,      0.08,      0.16,     -0.0475,     -0.05,      -0.045,           0,             0
     20,         3,         1,           0.2,      0.16,      0.24,     -0.0475,     -0.05,      -0.045,           0,             0
     21,         4,         1,          0.28,      0.24,      0.32,     -0.0475,     -0.05,      -0.045,      1.2026,        1.2026
     22,         5,         1,          0.36,      0.32,       0.4,     -0.0475,     -0.05,      -0.045,           0,             0
     23,         6,         1,          0.44,       0.4,      0.48,     -0.0475,     -0.05,      -0.045,           0,             0
     24,         7,         1,          0.52,      0.48,      0.56,     -0.0475,     -0.05,      -0.045,  0.00661441,    0.00661441
     25,         8,         1,           0.6,      0.56,      0.64,     -0.0475,     -0.05,      -0.045,   0.0184078,     0.0184078
     26,         9,         1,          0.68,      0.64,      0.72,     -0.0475,     -0.05,      -0.045,           0,             0
     27,        10,         1,          0.76,      0.72,       0.8,     -0.0475,     -0.05,      -0.045,           0,             0
     28,        11,         1,          0.84,       0.8,      0.88,     -0.0475,     -0.05,      -0.045,           0,             0
     29,        12,         1,          0.92,      0.88,      0.96,     -0.0475,     -0.05,      -0.045,           0,             0
     30,        13,         1,             1,      0.96,      1.04,     -0.0475,     -0.05,      -0.045,           0,             0
     31,        14,         1,          1.08,      1.04,      1.12,     -0.0475,     -0.05,      -0.045,           0,             0
     32,        15,         1,          1.16,      1.12,       1.2,     -0.0475,     -0.05,      -0.045,           0,             0
     35,         1,         2,          0.04,         0,      0.08,     -0.0425,    -0.045,       -0.04,           0,             0
     36,         2,         2,          0.12,      0.08,      0.16,     -0.0425,    -0.045,       -0.04,           0,             0
     37,         3,         2,           0.2,      0.16,      0.24,     -0.0425,    -0.045,       -0.04,           0,             0
     38,         4,         2,          0.28,      0.24,      0.32,     -0.0425,    -0.045,       -0.04,     4.11622,       3.55977
     39,         5,         2,          0.36,      0.32,       0.4,     -0.0425,    -0.045,       -0.04,   0.0543697,     0.0543697
     40,         6,         2,          0.44,       0.4,      0.48,     -0.0425,    -0.045,       -0.04,           0,             0
     41,         7,         2,          0.52,      0.48,      0.56,     -0.0425,    -0.045,       -0.04,     0.00265,       0.00265
     42,         8,         2,           0.6,      0.56,      0.64,     -0.0425,    -0.045,       -0.04,           0,             0
     43,         9,         2,          0.68,      0.64,      0.72,     -0.0425,    -0.045,       -0.04,           0,             0
     44,        10,         2,          0.76,      0.72,       0.8,     -0.0425,    -0.045,       -0.04,   0.0134115,     0.0134115
     45,        11,         2,          0.84,       0.8,      0.88,     -0.0425,    -0.045,       -0.04,           0,             0
     46,        12,         2,          0.92,      0.88,      0.96,     -0.0425,    -0.045,       -0.04,           0,             0
     47,        13,         2,             1,      0.96,      1.04,     -0.0425,    -0.045,       -0.04,           0,             0
     48,        14,         2,          1.08,      1.04,      1.12,     -0.0425,    -0.045,       -0.04,           0,             0
     49,        15,         2,          1.16,      1.12,       1.2,     -0.0425,    -0.045,       -0.04,           0,             0
     52,         1,         3,          0.04,         0,      0.08,     -0.0375,     -0.04,      -0.035,           0,             0
     53,         2,         3,          0.12,      0.08,      0.16,     -0.0375,     -0.04,      -0.035,       42.58,       38.2692
     54,         3,         3,           0.2,      0.16,      0.24,     -0.0375,     -0.04,      -0.035,           0,             0
     55,         4,         3,          0.28,      0.24,      0.32,     -0.0375,     -0.04,      -0.035,           0,             0
     56,         5,         3,          0.36,      0.32,       0.4,     -0.0375,     -0.04,      -0.035,    0.105712,      0.105712
     57,         6,         3,          0.44,       0.4,      0.48,     -0.0375,     -0.04,      -0.035,   0.0494731,      0.034983
     58,         7,         3,          0.52,      0.48,      0.56,     -0.0375,     -0.04,      -0.035,   0.0140831,     0.0107623
     59,         8,         3,           0.6,      0.56,      0.64,     -0.0375,     -0.04,      -0.035,  0.00208388,    0.00208388
     60,         9,         3,          0.68,      0.64,      0.72,     -0.0375,     -0.04,      -0.035,           0,             0
     61,        10,         3,          0.76,      0.72,       0.8,     -0.0375,     -0.04,      -0.035,  0.00286675,     0.0022118
     62,        11,         3,          0.84,       0.8,      0.88,     -0.0375,     -0.04,      -0.035,  0.00118163,    0.00118163
     63,        12,         3,          0.92,      0.88,      0.96,     -0.0375,     -0.04,      -0.035,           0,             0
     64,        13,         3,             1,      0.96,      1.04,     -0.0375,     -0.04,      -0.035,           0,             0
     65,        14,         3,          1.08,      1.04,      1.12,     -0.0375,     -0.04,      -0.035,           0,             0
     66,        15,         3,          1.16,      1.12,       1.2,     -0.0375,     -0.04,      -0.035,           0,             0
     69,         1,         4,          0.04,         0,      0.08,     -0.0325,    -0.035,       -0.03,           0,             0
     70,         2,         4,          0.12,      0.08,      0.16,     -0.0325,    -0.035,       -0.03,           0,             0
     71,         3,         4,           0.2,      0.16,      0.24,     -0.0325,    -0.035,       -0.03,     13.5048,       13.5048
     72,         4,         4,          0.28,      0.24,      0.32,     -0.0325,    -0.035,       -0.03,    0.281839,      0.281839
     73,         5,         4,          0.36,      0.32,       0.4,     -0.0325,    -0.035,       -0.03,     0.03322,     0.0235202
     74,         6,         4,          0.44,       0.4,      0.48,     -0.0325,    -0.035,       -0.03,    0.078223,     0.0518574
     75,         7,         4,          0.52,      0.48,      0.56,     -0.0325,    -0.035,       -0.03,   0.0860446,     0.0721093
     76,         8,         4,           0.6,      0.56,      0.64,     -0.0325,    -0.035,       -0.03,   0.0258384,     0.0225966
     77,         9,         4,          0.68,      0.64,      0.72,     -0.0325,    -0.035,       -0.03,  0.00195787,    0.00195787
     78,        10,         4,          0.76,      0.72,       0.8,     -0.0325,    -0.035,       -0.03,           0,             0
     79,        11,         4,          0.84,       0.8,      0.88,     -0.0325,    -0.035,       -0.03,  0.00123123,    0.00123123
     80,        12,         4,          0.92,      0.88,      0.96,     -0.0325,    -0.035,       -0.03,           0,             0
     81,        13,         4,             1,      0.96,      1.04,     -0.0325,    -0.035,       -0.03,           0,             0
     82,        14,         4,          1.08,      1.04,      1.12,     -0.0325,    -0.035,       -0.03,           0,             0
     83,        15,         4,          1.16,      1.12,       1.2,     -0.0325,    -0.035,       -0.03,           0,             0
     86,         1,         5,          0.04,         0,      0.08,     -0.0275,     -0.03,      -0.025,           0,             0
     87,         2,         5,          0.12,      0.08,      0.16,     -0.0275,     -0.03,      -0.025,     353.281,       353.281
     88,         3,         5,           0.2,      0.16,      0.24,     -0.0275,     -0.03,      -0.025,     33.7282,       23.3372
     89,         4,         5,          0.28,      0.24,      0.32,     -0.0275,     -0.03,      -0.025,     2.65214,       1.99201
     90,         5,         5,          0.36,      0.32,       0.4,     -0.0275,     -0.03,      -0.025,    0.290941,      0.161849
     91,         6,         5,          0.44,       0.4,      0.48,     -0.0275,     -0.03,      -0.025,    0.141991,     0.0914201
     92,         7,         5,          0.52,      0.48,      0.56,     -0.0275,     -0.03,      -0.025,    0.102902,     0.0538322
     93,         8,         5,           0.6,      0.56,      0.64,     -0.0275,     -0.03,      -0.025,     0.13451,     0.0618916
     94,         9,         5,          0.68,      0.64,      0.72,     -0.0275,     -0.03,      -0.025,   0.0150361,     0.0122924
     95,        10,         5,          0.76,      0.72,       0.8,     -0.0275,     -0.03,      -0.025,   0.0273175,     0.0140398
     96,        11,         5,          0.84,       0.8,      0.88,     -0.0275,     -0.03,      -0.025,  0.00272829,    0.00272829
     97,        12,         5,          0.92,      0.88,      0.96,     -0.0275,     -0.03,      -0.025,           0,             0
     98,        13,         5,             1,      0.96,      1.04,     -0.0275,     -0.03,      -0.025,           0,             0
     99,        14,         5,          1.08,      1.04,      1.12,     -0.0275,     -0.03,      -0.025,           0,             0
    100,        15,         5,          1.16,      1.12,       1.2,     -0.0275,     -0.03,      -0.025,           0,             0
    103,         1,         6,          0.04,         0,      0.08,     -0.0225,    -0.025,       -0.02,           0,             0
    104,         2,         6,          0.12,      0.08,      0.16,     -0.0225,    -0.025,       -0.02,     17.0962,       17.0962
    105,         3,         6,           0.2,      0.16,      0.24,     -0.0225,    -0.025,       -0.02,     28.3547,       15.3596
    106,         4,         6,          0.28,      0.24,      0.32,     -0.0225,    -0.025,       -0.02,     1.91221,        1.0305
    107,         5,         6,          0.36,      0.32,       0.4,     -0.0225,    -0.025,       -0.02,    0.570766,      0.219532
    108,         6,         6,          0.44,       0.4,      0.48,     -0.0225,    -0.025,       -0.02,    0.364583,      0.164008
    109,         7,         6,          0.52,      0.48,      0.56,     -0.0225,    -0.025,       -0.02,    0.365459,      0.167581
    110,         8,         6,           0.6,      0.56,      0.64,     -0.0225,    -0.025,       -0.02,    0.255347,     0.0932043
    111,         9,         6,          0.68,      0.64,      0.72,     -0.0225,    -0.025,       -0.02,    0.132204,      0.052571
    112,        10,         6,          0.76,      0.72,       0.8,     -0.0225,    -0.025,       -0.02,   0.0179872,     0.0131177
    113,        11,         6,          0.84,       0.8,      0.88,     -0.0225,    -0.025,       -0.02,           0,             0
    114,        12,         6,          0.92,      0.88,      0.96,     -0.0225,    -0.025,       -0.02,           0,             0
    115,        13,         6,             1,      0.96,      1.04,     -0.0225,    -0.025,       -0.02,           0,             0
    116,        14,         6,          1.08,      1.04,      1.12,     -0.0225,    -0.025,       -0.02,           0,             0
    117,        15,         6,          1.16,      1.12,       1.2,     -0.0225,    -0.025,       -0.02,           0,             0
    120,         1,         7,          0.04,         0,      0.08,     -0.0175,     -0.02,      -0.015,      9.0691,        9.0691
    121,         2,         7,          0.12,      0.08,      0.16,     -0.0175,     -0.02,      -0.015,     16.2583,       16.2583
    122,         3,         7,           0.2,      0.16,      0.24,     -0.0175,     -0.02,      -0.015,     6.28656,       3.96564
    123,         4,         7,          0.28,      0.24,      0.32,     -0.0175,     -0.02,      -0.015,     4.15317,       1.84684
    124,         5,         7,          0.36,      0.32,       0.4,     -0.0175,     -0.02,      -0.015,    0.789587,      0.267003
    125,         6,         7,          0.44,       0.4,      0.48,     -0.0175,     -0.02,      -0.015,     1.18738,      0.321118
    126,         7,         7,          0.52,      0.48,      0.56,     -0.0175,     -0.02,      -0.015,     1.20277,       0.25051
    127,         8,         7,           0.6,      0.56,      0.64,     -0.0175,     -0.02,      -0.015,    0.597374,      0.130705
    128,         9,         7,          0.68,      0.64,      0.72,     -0.0175,     -0.02,      -0.015,    0.191722,      0.051455
    129,        10,         7,          0.76,      0.72,       0.8,     -0.0175,     -0.02,      -0.015,   0.0168429,    0.00912135
    130,        11,         7,          0.84,       0.8,      0.88,     -0.0175,     -0.02,      -0.015, 0.000861957,   0.000861958
    131,        12,         7,          0.92,      0.88,      0.96,     -0.0175,     -0.02,      -0.015,  0.00130114,    0.00130114
    132,        13,         7,             1,      0.96,      1.04,     -0.0175,     -0.02,      -0.015,           0,             0
    133,        14,         7,          1.08,      1.04,      1.12,     -0.0175,     -0.02,      -0.015,           0,             0
    134,        15,         7,          1.16,      1.12,       1.2,     -0.0175,     -0.02,      -0.015,           0,             0
    137,         1,         8,          0.04,         0,      0.08,     -0.0125,    -0.015,       -0.01,           0,             0
    138,         2,         8,          0.12,      0.08,      0.16,     -0.0125,    -0.015,       -0.01,     349.963,       207.454
    139,         3,         8,           0.2,      0.16,      0.24,     -0.0125,    -0.015,       -0.01,     61.0427,       21.7222
    140,         4,         8,          0.28,      0.24,      0.32,     -0.0125,    -0.015,       -0.01,      7.4025,       1.89328
    141,         5,         8,          0.36,      0.32,       0.4,     -0.0125,    -0.015,       -0.01,     4.66853,      0.699415
    142,         6,         8,          0.44,       0.4,      0.48,     -0.0125,    -0.015,       -0.01,     3.47513,      0.478192
    143,         7,         8,          0.52,      0.48,      0.56,     -0.0125,    -0.015,       -0.01,     2.99634,      0.394103
    144,         8,         8,           0.6,      0.56,      0.64,     -0.0125,    -0.015,       -0.01,     1.59371,      0.217314
    145,         9,         8,          0.68,      0.64,      0.72,     -0.0125,    -0.015,       -0.01,    0.435896,     0.0715701
    146,        10,         8,          0.76,      0.72,       0.8,     -0.0125,    -0.015,       -0.01,   0.0675292,     0.0191819
    147,        11,         8,          0.84,       0.8,      0.88,     -0.0125,    -0.015,       -0.01,  0.00429685,    0.00429685
    148,        12,         8,          0.92,      0.88,      0.96,     -0.0125,    -0.015,       -0.01,           0,             0
    149,        13,         8,             1,      0.96,      1.04,     -0.0125,    -0.015,       -0.01,           0,             0
    150,        14,         8,          1.08,      1.04,      1.12,     -0.0125,    -0.015,       -0.01,           0,             0
    151,        15,         8,          1.16,      1.12,       1.2,     -0.0125,    -0.015,       -0.01,           0,             0
    154,         1,         9,          0.04,         0,      0.08,     -0.0075,     -0.01,      -0.005,     258.238,       148.069
    155,         2,         9,          0.12,      0.08,      0.16,     -0.0075,     -0.01,      -0.005,     765.792,       174.975
    156,         3,         9,           0.2,      0.16,      0.24,     -0.0075,     -0.01,      -0.005,     127.066,       26.8336
    157,         4,         9,          0.28,      0.24,      0.32,     -0.0075,     -0.01,      -0.005,     26.2832,       2.77763
    158,         5,         9,          0.36,      0.32,       0.4,     -0.0075,     -0.01,      -0.005,     17.1624,       1.38096
    159,         6,         9,          0.44,       0.4,      0.48,     -0.0075,     -0.01,      -0.005,     12.0406,      0.936848
    160,         7,         9,          0.52,      0.48,      0.56,     -0.0075,     -0.01,      -0.005,     6.74206,      0.557265
    161,         8,         9,           0.6,      0.56,      0.64,     -0.0075,     -0.01,      -0.005,     3.04021,       0.28715
    162,         9,         9,          0.68,      0.64,      0.72,     -0.0075,     -0.01,      -0.005,    0.885988,      0.109729
    163,        10,         9,          0.76,      0.72,       0.8,     -0.0075,     -0.01,      -0.005,    0.155235,     0.0289767
    164,        11,         9,          0.84,       0.8,      0.88,     -0.0075,     -0.01,      -0.005,  0.00232018,    0.00165198
    165,        12,         9,          0.92,      0.88,      0.96,     -0.0075,     -0.01,      -0.005,           0,             0
    166,        13,         9,             1,      0.96,      1.04,     -0.0075,     -0.01,      -0.005,           0,             0
    167,        14,         9,          1.08,      1.04,      1.12,     -0.0075,     -0.01,      -0.005,           0,             0
    168,        15,         9,          1.16,      1.12,       1.2,     -0.0075,     -0.01,      -0.005,           0,             0
    171,         1,        10,          0.04,         0,      0.08,     -0.0025,    -0.005,           0,     1006.52,       443.007
    172,         2,        10,          0.12,      0.08,      0.16,     -0.0025,    -0.005,           0,     2364.68,       307.527
    173,         3,        10,           0.2,      0.16,      0.24,     -0.0025,    -0.005,           0,      564.85,       41.5677
    174,         4,        10,          0.28,      0.24,      0.32,     -0.0025,    -0.005,           0,     142.775,       6.52119
    175,         5,        10,          0.36,      0.32,       0.4,     -0.0025,    -0.005,           0,     56.6814,       2.46347
    176,         6,        10,          0.44,       0.4,      0.48,     -0.0025,    -0.005,           0,     27.9781,       1.38837
    177,         7,        10,          0.52,      0.48,      0.56,     -0.0025,    -0.005,           0,     15.2229,      0.827204
    178,         8,        10,           0.6,      0.56,      0.64,     -0.0025,    -0.005,           0,     5.59262,      0.380115
    179,         9,        10,          0.68,      0.64,      0.72,     -0.0025,    -0.005,           0,     1.27844,      0.125354
    180,        10,        10,          0.76,      0.72,       0.8,     -0.0025,    -0.005,           0,    0.145029,     0.0262158
    181,        11,        10,          0.84,       0.8,      0.88,     -0.0025,    -0.005,           0,  0.00590252,    0.00303832
    182,        12,        10,          0.92,      0.88,      0.96,     -0.0025,    -0.005,           0,           0,             0
    183,        13,        10,             1,      0.96,      1.04,     -0.0025,    -0.005,           0,           0,             0
    184,        14,        10,          1.08,      1.04,      1.12,     -0.0025,    -0.005,           0,           0,             0
    185,        15,        10,          1.16,      1.12,       1.2,     -0.0025,    -0.005,           0,           0,             0
    188,         1,        11,          0.04,         0,      0.08,      0.0025,         0,       0.005,     2112.68,       734.488
    189,         2,        11,          0.12,      0.08,      0.16,      0.0025,         0,       0.005,     8265.69,       615.768
    190,         3,        11,           0.2,      0.16,      0.24,      0.0025,         0,       0.005,     2275.93,       76.8301
    191,         4,        11,          0.28,      0.24,      0.32,      0.0025,         0,       0.005,     482.973,       13.0926
    192,         5,        11,          0.36,      0.32,       0.4,      0.0025,         0,       0.005,     142.733,       4.21398
    193,         6,        11,          0.44,       0.4,      0.48,      0.0025,         0,       0.005,     51.0747,       1.83893
    194,         7,        11,          0.52,      0.48,      0.56,      0.0025,         0,       0.005,     21.1624,      0.958191
    195,         8,        11,           0.6,      0.56,      0.64,      0.0025,         0,       0.005,     7.13434,      0.411416
    196,         9,        11,          0.68,      0.64,      0.72,      0.0025,         0,       0.005,     2.04991,       0.15458
    197,        10,        11,          0.76,      0.72,       0.8,      0.0025,         0,       0.005,    0.287932,     0.0403107
    198,        11,        11,          0.84,       0.8,      0.88,      0.0025,         0,       0.005,   0.0065015,    0.00297824
    199,        12,        11,          0.92,      0.88,      0.96,      0.0025,         0,       0.005,           0,             0
    200,        13,        11,             1,      0.96,      1.04,      0.0025,         0,       0.005,           0,             0
    201,        14,        11,          1.08,      1.04,      1.12,      0.0025,         0,       0.005,           0,             0
    202,        15,        11,          1.16,      1.12,       1.2,      0.0025,         0,       0.005,           0,             0
    205,         1,        12,          0.04,         0,      0.08,      0.0075,     0.005,        0.01,     2517.79,       765.615
    206,         2,        12,          0.12,      0.08,      0.16,      0.0075,     0.005,        0.01,     10147.6,       599.673
    207,         3,        12,           0.2,      0.16,      0.24,      0.0075,     0.005,        0.01,     3639.67,        111.84
    208,         4,        12,          0.28,      0.24,      0.32,      0.0075,     0.005,        0.01,     671.339,       16.1452
    209,         5,        12,          0.36,      0.32,       0.4,      0.0075,     0.005,        0.01,     178.663,       4.80928
    210,         6,        12,          0.44,       0.4,      0.48,      0.0075,     0.005,        0.01,     58.3315,       1.97495
    211,         7,        12,          0.52,      0.48,      0.56,      0.0075,     0.005,        0.01,     23.5504,       1.01126
    212,         8,        12,           0.6,      0.56,      0.64,      0.0075,     0.005,        0.01,     7.43683,      0.418502
    213,         9,        12,          0.68,      0.64,      0.72,      0.0075,     0.005,        0.01,     2.13854,      0.162446
    214,        10,        12,          0.76,      0.72,       0.8,      0.0075,     0.005,        0.01,      0.2449,      0.036494
    215,        11,        12,          0.84,       0.8,      0.88,      0.0075,     0.005,        0.01,   0.0021059,     0.0015035
    216,        12,        12,          0.92,      0.88,      0.96,      0.0075,     0.005,        0.01,           0,             0
    217,        13,        12,             1,      0.96,      1.04,      0.0075,     0.005,        0.01,           0,             0
    218,        14,        12,          1.08,      1.04,      1.12,      0.0075,     0.005,        0.01,           0,             0
    219,        15,        12,          1.16,      1.12,       1.2,      0.0075,     0.005,        0.01,           0,             0
    222,         1,        13,          0.04,         0,      0.08,      0.0125,      0.01,       0.015,     1991.44,       835.349
    223,         2,        13,          0.12,      0.08,      0.16,      0.0125,      0.01,       0.015,     7104.92,       543.882
    224,         3,        13,           0.2,      0.16,      0.24,      0.0125,      0.01,       0.015,      2062.4,       75.2906
    225,         4,        13,          0.28,      0.24,      0.32,      0.0125,      0.01,       0.015,     388.775,       11.6913
    226,         5,        13,          0.36,      0.32,       0.4,      0.0125,      0.01,       0.015,     110.841,       3.70811
    227,         6,        13,          0.44,       0.4,      0.48,      0.0125,      0.01,       0.015,     43.3096,       1.70613
    228,         7,        13,          0.52,      0.48,      0.56,      0.0125,      0.01,       0.015,     17.5853,       0.84362
    229,         8,        13,           0.6,      0.56,      0.64,      0.0125,      0.01,       0.015,     6.18219,      0.370562
    230,         9,        13,          0.68,      0.64,      0.72,      0.0125,      0.01,       0.015,      1.7209,      0.151679
    231,        10,        13,          0.76,      0.72,       0.8,      0.0125,      0.01,       0.015,    0.289567,     0.0414493
    232,        11,        13,          0.84,       0.8,      0.88,      0.0125,      0.01,       0.015,  0.00478682,    0.00284013
    233,        12,        13,          0.92,      0.88,      0.96,      0.0125,      0.01,       0.015,           0,             0
    234,        13,        13,             1,      0.96,      1.04,      0.0125,      0.01,       0.015,           0,             0
    235,        14,        13,          1.08,      1.04,      1.12,      0.0125,      0.01,       0.015,           0,             0
    236,        15,        13,          1.16,      1.12,       1.2,      0.0125,      0.01,       0.015,           0,             0
    239,         1,        14,          0.04,         0,      0.08,      0.0175,     0.015,        0.02,     1093.61,        820.68
    240,         2,        14,          0.12,      0.08,      0.16,      0.0175,     0.015,        0.02,     2855.45,       462.083
    241,         3,        14,           0.2,      0.16,      0.24,      0.0175,     0.015,        0.02,     861.652,       66.1052
    242,         4,        14,          0.28,      0.24,      0.32,      0.0175,     0.015,        0.02,     178.079,       8.43257
    243,         5,        14,          0.36,      0.32,       0.4,      0.0175,     0.015,        0.02,     56.2126,       2.70395
    244,         6,        14,          0.44,       0.4,      0.48,      0.0175,     0.015,        0.02,     22.6726,       1.24701
    245,         7,        14,          0.52,      0.48,      0.56,      0.0175,     0.015,        0.02,      11.511,      0.725591
    246,         8,        14,           0.6,      0.56,      0.64,      0.0175,     0.015,        0.02,     3.75257,      0.289369
    247,         9,        14,          0.68,      0.64,      0.72,      0.0175,     0.015,        0.02,     1.22087,      0.123937
    248,        10,        14,          0.76,      0.72,       0.8,      0.0175,     0.015,        0.02,    0.181475,     0.0287679
    249,        11,        14,          0.84,       0.8,      0.88,      0.0175,     0.015,        0.02,  0.00392039,    0.00293029
    250,        12,        14,          0.92,      0.88,      0.96,      0.0175,     0.015,        0.02,           0,             0
    251,        13,        14,             1,      0.96,      1.04,      0.0175,     0.015,        0.02,           0,             0
    252,        14,        14,          1.08,      1.04,      1.12,      0.0175,     0.015,        0.02,           0,             0
    253,        15,        14,          1.16,      1.12,       1.2,      0.0175,     0.015,        0.02,           0,             0
    256,         1,        15,          0.04,         0,      0.08,      0.0225,      0.02,       0.025,     391.793,       321.269
    257,         2,        15,          0.12,      0.08,      0.16,      0.0225,      0.02,       0.025,     1207.04,       295.125
    258,         3,        15,           0.2,      0.16,      0.24,      0.0225,      0.02,       0.025,     505.868,       42.0431
    259,         4,        15,          0.28,      0.24,      0.32,      0.0225,      0.02,       0.025,     95.7076,       6.48132
    260,         5,        15,          0.36,      0.32,       0.4,      0.0225,      0.02,       0.025,     26.1637,       1.80117
    261,         6,        15,          0.44,       0.4,      0.48,      0.0225,      0.02,       0.025,     14.4378,       1.03829
    262,         7,        15,          0.52,      0.48,      0.56,      0.0225,      0.02,       0.025,     6.26012,      0.523286
    263,         8,        15,           0.6,      0.56,      0.64,      0.0225,      0.02,       0.025,     2.48836,      0.240061
    264,         9,        15,          0.68,      0.64,      0.72,      0.0225,      0.02,       0.025,    0.886795,      0.105712
    265,        10,        15,          0.76,      0.72,       0.8,      0.0225,      0.02,       0.025,    0.132809,     0.0326166
    266,        11,        15,          0.84,       0.8,      0.88,      0.0225,      0.02,       0.025,   0.0012482,     0.0012482
    267,        12,        15,          0.92,      0.88,      0.96,      0.0225,      0.02,       0.025,           0,             0
    268,        13,        15,             1,      0.96,      1.04,      0.0225,      0.02,       0.025,           0,             0
    269,        14,        15,          1.08,      1.04,      1.12,      0.0225,      0.02,       0.025,           0,             0
    270,        15,        15,          1.16,      1.12,       1.2,      0.0225,      0.02,       0.025,           0,             0
    273,         1,        16,          0.04,         0,      0.08,      0.0275,     0.025,        0.03,           0,             0
    274,         2,        16,          0.12,      0.08,      0.16,      0.0275,     0.025,        0.03,     1240.73,       334.649
    275,         3,        16,           0.2,      0.16,      0.24,      0.0275,     0.025,        0.03,     541.243,       180.777
    276,         4,        16,          0.28,      0.24,      0.32,      0.0275,     0.025,        0.03,     82.4521,       5.99304
    277,         5,        16,          0.36,      0.32,       0.4,      0.0275,     0.025,        0.03,     16.5664,       1.40753
    278,         6,        16,          0.44,       0.4,      0.48,      0.0275,     0.025,        0.03,     8.04368,      0.783204
    279,         7,        16,          0.52,      0.48,      0.56,      0.0275,     0.025,        0.03,     4.35897,      0.451485
    280,         8,        16,           0.6,      0.56,      0.64,      0.0275,     0.025,        0.03,     1.21605,      0.158156
    281,         9,        16,          0.68,      0.64,      0.72,      0.0275,     0.025,        0.03,    0.557704,     0.0807008
    282,        10,        16,          0.76,      0.72,       0.8,      0.0275,     0.025,        0.03,     0.05417,     0.0170051
    283,        11,        16,          0.84,       0.8,      0.88,      0.0275,     0.025,        0.03,           0,             0
    284,        12,        16,          0.92,      0.88,      0.96,      0.0275,     0.025,        0.03,           0,             0
    285,        13,        16,             1,      0.96,      1.04,      0.0275,     0.025,        0.03,           0,             0
    286,        14,        16,          1.08,      1.04,      1.12,      0.0275,     0.025,        0.03,           0,             0
    287,        15,        16,          1.16,      1.12,       1.2,      0.0275,     0.025,        0.03,           0,             0
    290,         1,        17,          0.04,         0,      0.08,      0.0325,      0.03,       0.035,           0,             0
    291,         2,        17,          0.12,      0.08,      0.16,      0.0325,      0.03,       0.035,     492.916,       136.794
    292,         3,        17,           0.2,      0.16,      0.24,      0.0325,      0.03,       0.035,     372.458,       48.6282
    293,         4,        17,          0.28,      0.24,      0.32,      0.0325,      0.03,       0.035,     65.9471,       6.02878
    294,         5,        17,          0.36,      0.32,       0.4,      0.0325,      0.03,       0.035,     15.7491,       1.43425
    295,         6,        17,          0.44,       0.4,      0.48,      0.0325,      0.03,       0.035,     5.50945,      0.625455
    296,         7,        17,          0.52,      0.48,      0.56,      0.0325,      0.03,       0.035,     2.94702,      0.352413
    297,         8,        17,           0.6,      0.56,      0.64,      0.0325,      0.03,       0.035,     1.35468,       0.17684
    298,         9,        17,          0.68,      0.64,      0.72,      0.0325,      0.03,       0.035,     0.45975,      0.080829
    299,        10,        17,          0.76,      0.72,       0.8,      0.0325,      0.03,       0.035,   0.0628613,     0.0189941
    300,        11,        17,          0.84,       0.8,      0.88,      0.0325,      0.03,       0.035,           0,             0
    301,        12,        17,          0.92,      0.88,      0.96,      0.0325,      0.03,       0.035,           0,             0
    302,        13,        17,             1,      0.96,      1.04,      0.0325,      0.03,       0.035,           0,             0
    303,        14,        17,          1.08,      1.04,      1.12,      0.0325,      0.03,       0.035,           0,             0
    304,        15,        17,          1.16,      1.12,       1.2,      0.0325,      0.03,       0.035,           0,             0
    307,         1,        18,          0.04,         0,      0.08,      0.0375,     0.035,        0.04,           0,             0
    308,         2,        18,          0.12,      0.08,      0.16,      0.0375,     0.035,        0.04,     298.528,       154.365
    309,         3,        18,           0.2,      0.16,      0.24,      0.0375,     0.035,        0.04,     350.912,       57.2995
    310,         4,        18,          0.28,      0.24,      0.32,      0.0375,     0.035,        0.04,     97.3048,       40.6005
    311,         5,        18,          0.36,      0.32,       0.4,      0.0375,     0.035,        0.04,      17.146,       1.71515
    312,         6,        18,          0.44,       0.4,      0.48,      0.0375,     0.035,        0.04,     5.67304,      0.653666
    313,         7,        18,          0.52,      0.48,      0.56,      0.0375,     0.035,        0.04,     2.08396,      0.301883
    314,         8,        18,           0.6,      0.56,      0.64,      0.0375,     0.035,        0.04,     1.01713,      0.169863
    315,         9,        18,          0.68,      0.64,      0.72,      0.0375,     0.035,        0.04,    0.254549,     0.0537258
    316,        10,        18,          0.76,      0.72,       0.8,      0.0375,     0.035,        0.04,     0.10365,     0.0304801
    317,        11,        18,          0.84,       0.8,      0.88,      0.0375,     0.035,        0.04,  0.00713613,    0.00547474
    318,        12,        18,          0.92,      0.88,      0.96,      0.0375,     0.035,        0.04,           0,             0
    319,        13,        18,             1,      0.96,      1.04,      0.0375,     0.035,        0.04,           0,             0
    320,        14,        18,          1.08,      1.04,      1.12,      0.0375,     0.035,        0.04,           0,             0
    321,        15,        18,          1.16,      1.12,       1.2,      0.0375,     0.035,        0.04,           0,             0
    324,         1,        19,          0.04,         0,      0.08,      0.0425,      0.04,       0.045,           0,             0
    325,         2,        19,          0.12,      0.08,      0.16,      0.0425,      0.04,       0.045,     751.647,       220.491
    326,         3,        19,           0.2,      0.16,      0.24,      0.0425,      0.04,       0.045,     295.855,       47.3283
    327,         4,        19,          0.28,      0.24,      0.32,      0.0425,      0.04,       0.045,     52.8331,        6.1249
    328,         5,        19,          0.36,      0.32,       0.4,      0.0425,      0.04,       0.045,     14.4401,       1.57579
    329,         6,        19,          0.44,       0.4,      0.48,      0.0425,      0.04,       0.045,     4.43541,       0.62446
    330,         7,        19,          0.52,      0.48,      0.56,      0.0425,      0.04,       0.045,       2.051,      0.306464
    331,         8,        19,           0.6,      0.56,      0.64,      0.0425,      0.04,       0.045,    0.692241,      0.126527
    332,         9,        19,          0.68,      0.64,      0.72,      0.0425,      0.04,       0.045,    0.257258,      0.058707
    333,        10,        19,          0.76,      0.72,       0.8,      0.0425,      0.04,       0.045,    0.033008,     0.0128335
    334,        11,        19,          0.84,       0.8,      0.88,      0.0425,      0.04,       0.045,  0.00136766,    0.00136766
    335,        12,        19,          0.92,      0.88,      0.96,      0.0425,      0.04,       0.045,           0,             0
    336,        13,        19,             1,      0.96,      1.04,      0.0425,      0.04,       0.045,           0,             0
    337,        14,        19,          1.08,      1.04,      1.12,      0.0425,      0.04,       0.045,           0,             0
    338,        15,        19,          1.16,      1.12,       1.2,      0.0425,      0.04,       0.045,           0,             0
    341,         1,        20,          0.04,         0,      0.08,      0.0475,     0.045,        0.05,           0,             0
    342,         2,        20,          0.12,      0.08,      0.16,      0.0475,     0.045,        0.05,     274.854,       202.183
    343,         3,        20,           0.2,      0.16,      0.24,      0.0475,     0.045,        0.05,     305.553,        62.829
    344,         4,        20,          0.28,      0.24,      0.32,      0.0475,     0.045,        0.05,     60.6497,        6.2618
    345,         5,        20,          0.36,      0.32,       0.4,      0.0475,     0.045,        0.05,     11.0896,       1.24926
    346,         6,        20,          0.44,       0.4,      0.48,      0.0475,     0.045,        0.05,     4.76729,      0.640327
    347,         7,        20,          0.52,      0.48,      0.56,      0.0475,     0.045,        0.05,     1.83541,      0.287976
    348,         8,        20,           0.6,      0.56,      0.64,      0.0475,     0.045,        0.05,     0.78886,      0.148789
    349,         9,        20,          0.68,      0.64,      0.72,      0.0475,     0.045,        0.05,    0.205794,     0.0562849
    350,        10,        20,          0.76,      0.72,       0.8,      0.0475,     0.045,        0.05,   0.0380069,     0.0193897
    351,        11,        20,          0.84,       0.8,      0.88,      0.0475,     0.045,        0.05,  0.00426985,    0.00320364
    352,        12,        20,          0.92,      0.88,      0.96,      0.0475,     0.045,        0.05,           0,             0
    353,        13,        20,             1,      0.96,      1.04,      0.0475,     0.045,        0.05,           0,             0
    354,        14,        20,          1.08,      1.04,      1.12,      0.0475,     0.045,        0.05,           0,             0
    355,        15,        20,          1.16,      1.12,       1.2,      0.0475,     0.045,        0.05,           0,             0
    358,         1,        21,          0.04,         0,      0.08,      0.0525,      0.05,       0.055,           0,             0
    359,         2,        21,          0.12,      0.08,      0.16,      0.0525,      0.05,       0.055,     230.308,       90.3467
    360,         3,        21,           0.2,      0.16,      0.24,      0.0525,      0.05,       0.055,     282.705,       61.8507
    361,         4,        21,          0.28,      0.24,      0.32,      0.0525,      0.05,       0.055,        62.1,       7.38363
    362,         5,        21,          0.36,      0.32,       0.4,      0.0525,      0.05,       0.055,     12.7639,       1.47179
    363,         6,        21,          0.44,       0.4,      0.48,      0.0525,      0.05,       0.055,     4.24341,      0.575628
    364,         7,        21,          0.52,      0.48,      0.56,      0.0525,      0.05,       0.055,     2.64259,      0.391866
    365,         8,        21,           0.6,      0.56,      0.64,      0.0525,      0.05,       0.055,    0.675744,      0.142412
    366,         9,        21,          0.68,      0.64,      0.72,      0.0525,      0.05,       0.055,     0.19026,     0.0549766
    367,        10,        21,          0.76,      0.72,       0.8,      0.0525,      0.05,       0.055,    0.043368,     0.0149763
    368,        11,        21,          0.84,       0.8,      0.88,      0.0525,      0.05,       0.055,           0,             0
    369,        12,        21,          0.92,      0.88,      0.96,      0.0525,      0.05,       0.055,           0,             0
    370,        13,        21,             1,      0.96,      1.04,      0.0525,      0.05,       0.055,           0,             0
    371,        14,        21,          1.08,      1.04,      1.12,      0.0525,      0.05,       0.055,           0,             0
    372,        15,        21,          1.16,      1.12,       1.2,      0.0525,      0.05,       0.055,           0,             0
    375,         1,        22,          0.04,         0,      0.08,      0.0575,     0.055,        0.06,           0,             0
    376,         2,        22,          0.12,      0.08,      0.16,      0.0575,     0.055,        0.06,     207.997,       114.366
    377,         3,        22,           0.2,      0.16,      0.24,      0.0575,     0.055,        0.06,     211.343,       52.1338
    378,         4,        22,          0.28,      0.24,      0.32,      0.0575,     0.055,        0.06,     42.2779,       6.08826
    379,         5,        22,          0.36,      0.32,       0.4,      0.0575,     0.055,        0.06,     14.1778,       1.71151
    380,         6,        22,          0.44,       0.4,      0.48,      0.0575,     0.055,        0.06,     3.44003,       0.48716
    381,         7,        22,          0.52,      0.48,      0.56,      0.0575,     0.055,        0.06,     2.06696,      0.336599
    382,         8,        22,           0.6,      0.56,      0.64,      0.0575,     0.055,        0.06,    0.817336,      0.164347
    383,         9,        22,          0.68,      0.64,      0.72,      0.0575,     0.055,        0.06,    0.214822,     0.0559641
    384,        10,        22,          0.76,      0.72,       0.8,      0.0575,     0.055,        0.06,     0.02673,     0.0164136
    385,        11,        22,          0.84,       0.8,      0.88,      0.0575,     0.055,        0.06,           0,             0
    386,        12,        22,          0.92,      0.88,      0.96,      0.0575,     0.055,        0.06,           0,             0
    387,        13,        22,             1,      0.96,      1.04,      0.0575,     0.055,        0.06,           0,             0
    388,        14,        22,          1.08,      1.04,      1.12,      0.0575,     0.055,        0.06,           0,             0
    389,        15,        22,          1.16,      1.12,       1.2,      0.0575,     0.055,        0.06,           0,             0
    392,         1,        23,          0.04,         0,      0.08,      0.0625,      0.06,       0.065,           0,             0
    393,         2,        23,          0.12,      0.08,      0.16,      0.0625,      0.06,       0.065,     131.574,       78.3915
    394,         3,        23,           0.2,      0.16,      0.24,      0.0625,      0.06,       0.065,     235.152,       50.4403
    395,         4,        23,          0.28,      0.24,      0.32,      0.0625,      0.06,       0.065,     81.2228,       11.3533
    396,         5,        23,          0.36,      0.32,       0.4,      0.0625,      0.06,       0.065,     13.0468,       1.56675
    397,         6,        23,          0.44,       0.4,      0.48,      0.0625,      0.06,       0.065,     4.27141,      0.644216
    398,         7,        23,          0.52,      0.48,      0.56,      0.0625,      0.06,       0.065,     1.56572,       0.27123
    399,         8,        23,           0.6,      0.56,      0.64,      0.0625,      0.06,       0.065,    0.580959,      0.135357
    400,         9,        23,          0.68,      0.64,      0.72,      0.0625,      0.06,       0.065,    0.329365,     0.0757105
    401,        10,        23,          0.76,      0.72,       0.8,      0.0625,      0.06,       0.065,   0.0399088,     0.0173246
    402,        11,        23,          0.84,       0.8,      0.88,      0.0625,      0.06,       0.065,   0.0108641,    0.00784589
    403,        12,        23,          0.92,      0.88,      0.96,      0.0625,      0.06,       0.065,           0,             0
    404,        13,        23,             1,      0.96,      1.04,      0.0625,      0.06,       0.065,           0,             0
    405,        14,        23,          1.08,      1.04,      1.12,      0.0625,      0.06,       0.065,           0,             0
    406,        15,        23,          1.16,      1.12,       1.2,      0.0625,      0.06,       0.065,           0,             0
    409,         1,        24,          0.04,         0,      0.08,      0.0675,     0.065,        0.07,           0,             0
    410,         2,        24,          0.12,      0.08,      0.16,      0.0675,     0.065,        0.07,     92.5479,       92.5479
    411,         3,        24,           0.2,      0.16,      0.24,      0.0675,     0.065,        0.07,     273.042,        71.135
    412,         4,        24,          0.28,      0.24,      0.32,      0.0675,     0.065,        0.07,     55.1004,       7.83481
    413,         5,        24,          0.36,      0.32,       0.4,      0.0675,     0.065,        0.07,     11.8701,       1.50338
    414,         6,        24,          0.44,       0.4,      0.48,      0.0675,     0.065,        0.07,     3.32953,      0.559746
    415,         7,        24,          0.52,      0.48,      0.56,      0.0675,     0.065,        0.07,      2.0173,      0.381551
    416,         8,        24,           0.6,      0.56,      0.64,      0.0675,     0.065,        0.07,    0.577957,      0.128238
    417,         9,        24,          0.68,      0.64,      0.72,      0.0675,     0.065,        0.07,    0.257145,      0.067734
    418,        10,        24,          0.76,      0.72,       0.8,      0.0675,     0.065,        0.07,   0.0240952,     0.0138614
    419,        11,        24,          0.84,       0.8,      0.88,      0.0675,     0.065,        0.07,           0,             0
    420,        12,        24,          0.92,      0.88,      0.96,      0.0675,     0.065,        0.07,           0,             0
    421,        13,        24,             1,      0.96,      1.04,      0.0675,     0.065,        0.07,           0,             0
    422,        14,        24,          1.08,      1.04,      1.12,      0.0675,     0.065,        0.07,           0,             0
    423,        15,        24,          1.16,      1.12,       1.2,      0.0675,     0.065,        0.07,           0,             0
    426,         1,        25,          0.04,         0,      0.08,      0.0725,      0.07,       0.075,           0,             0
    427,         2,        25,          0.12,      0.08,      0.16,      0.0725,      0.07,       0.075,     243.805,       194.614
    428,         3,        25,           0.2,      0.16,      0.24,      0.0725,      0.07,       0.075,      434.94,       101.637
    429,         4,        25,          0.28,      0.24,      0.32,      0.0725,      0.07,       0.075,     72.2773,       10.9744
    430,         5,        25,          0.36,      0.32,       0.4,      0.0725,      0.07,       0.075,     12.8855,       1.59539
    431,         6,        25,          0.44,       0.4,      0.48,      0.0725,      0.07,       0.075,     4.68282,      0.722979
    432,         7,        25,          0.52,      0.48,      0.56,      0.0725,      0.07,       0.075,     1.43472,       0.29089
    433,         8,        25,           0.6,      0.56,      0.64,      0.0725,      0.07,       0.075,    0.820925,      0.166028
    434,         9,        25,          0.68,      0.64,      0.72,      0.0725,      0.07,       0.075,    0.259612,     0.0637918
    435,        10,        25,          0.76,      0.72,       0.8,      0.0725,      0.07,       0.075,   0.0621117,     0.0328604
    436,        11,        25,          0.84,       0.8,      0.88,      0.0725,      0.07,       0.075, 0.000795725,   0.000795725
    437,        12,        25,          0.92,      0.88,      0.96,      0.0725,      0.07,       0.075,           0,             0
    438,        13,        25,             1,      0.96,      1.04,      0.0725,      0.07,       0.075,           0,             0
    439,        14,        25,          1.08,      1.04,      1.12,      0.0725,      0.07,       0.075,           0,             0
    440,        15,        25,          1.16,      1.12,       1.2,      0.0725,      0.07,       0.075,           0,             0
    443,         1,        26,          0.04,         0,      0.08,      0.0775,     0.075,        0.08,           0,             0
    444,         2,        26,          0.12,      0.08,      0.16,      0.0775,     0.075,        0.08,     209.285,       172.054
    445,         3,        26,           0.2,      0.16,      0.24,      0.0775,     0.075,        0.08,     304.046,        139.62
    446,         4,        26,          0.28,      0.24,      0.32,      0.0775,     0.075,        0.08,     68.2137,       11.8527
    447,         5,        26,          0.36,      0.32,       0.4,      0.0775,     0.075,        0.08,     13.5281,        1.8288
    448,         6,        26,          0.44,       0.4,      0.48,      0.0775,     0.075,        0.08,     4.23834,      0.657611
    449,         7,        26,          0.52,      0.48,      0.56,      0.0775,     0.075,        0.08,     1.52734,      0.295349
    450,         8,        26,           0.6,      0.56,      0.64,      0.0775,     0.075,        0.08,    0.603724,      0.137235
    451,         9,        26,          0.68,      0.64,      0.72,      0.0775,     0.075,        0.08,    0.193462,     0.0603133
    452,        10,        26,          0.76,      0.72,       0.8,      0.0775,     0.075,        0.08,   0.0728256,     0.0223641
    453,        11,        26,          0.84,       0.8,      0.88,      0.0775,     0.075,        0.08,   0.0121864,    0.00664531
    454,        12,        26,          0.92,      0.88,      0.96,      0.0775,     0.075,        0.08,           0,             0
    455,        13,        26,             1,      0.96,      1.04,      0.0775,     0.075,        0.08,           0,             0
    456,        14,        26,          1.08,      1.04,      1.12,      0.0775,     0.075,        0.08,           0,             0
    457,        15,        26,          1.16,      1.12,       1.2,      0.0775,     0.075,        0.08,           0,             0
    460,         1,        27,          0.04,         0,      0.08,      0.0825,      0.08,       0.085,           0,             0
    461,         2,        27,          0.12,      0.08,      0.16,      0.0825,      0.08,       0.085,     221.642,       221.642
    462,         3,        27,           0.2,      0.16,      0.24,      0.0825,      0.08,       0.085,     287.408,       101.579
    463,         4,        27,          0.28,      0.24,      0.32,      0.0825,      0.08,       0.085,     66.3866,       12.4177
    464,         5,        27,          0.36,      0.32,       0.4,      0.0825,      0.08,       0.085,     13.3762,       1.91195
    465,         6,        27,          0.44,       0.4,      0.48,      0.0825,      0.08,       0.085,     4.18264,      0.635367
    466,         7,        27,          0.52,      0.48,      0.56,      0.0825,      0.08,       0.085,     2.01481,      0.349091
    467,         8,        27,           0.6,      0.56,      0.64,      0.0825,      0.08,       0.085,    0.528788,      0.134319
    468,         9,        27,          0.68,      0.64,      0.72,      0.0825,      0.08,       0.085,    0.122682,     0.0379187
    469,        10,        27,          0.76,      0.72,       0.8,      0.0825,      0.08,       0.085,    0.033517,     0.0148574
    470,        11,        27,          0.84,       0.8,      0.88,      0.0825,      0.08,       0.085,   0.0102349,    0.00754467
    471,        12,        27,          0.92,      0.88,      0.96,      0.0825,      0.08,       0.085,           0,             0
    472,        13,        27,             1,      0.96,      1.04,      0.0825,      0.08,       0.085,           0,             0
    473,        14,        27,          1.08,      1.04,      1.12,      0.0825,      0.08,       0.085,           0,             0
    474,        15,        27,          1.16,      1.12,       1.2,      0.0825,      0.08,       0.085,           0,             0
    477,         1,        28,          0.04,         0,      0.08,      0.0875,     0.085,        0.09,           0,             0
    478,         2,        28,          0.12,      0.08,      0.16,      0.0875,     0.085,        0.09,           0,             0
    479,         3,        28,           0.2,      0.16,      0.24,      0.0875,     0.085,        0.09,     494.453,       176.183
    480,         4,        28,          0.28,      0.24,      0.32,      0.0875,     0.085,        0.09,     81.4067,         15.99
    481,         5,        28,          0.36,      0.32,       0.4,      0.0875,     0.085,        0.09,     16.5591,       2.48943
    482,         6,        28,          0.44,       0.4,      0.48,      0.0875,     0.085,        0.09,     5.14073,      0.790293
    483,         7,        28,          0.52,      0.48,      0.56,      0.0875,     0.085,        0.09,     1.29393,       0.25034
    484,         8,        28,           0.6,      0.56,      0.64,      0.0875,     0.085,        0.09,    0.364002,      0.102035
    485,         9,        28,          0.68,      0.64,      0.72,      0.0875,     0.085,        0.09,    0.197419,     0.0629496
    486,        10,        28,          0.76,      0.72,       0.8,      0.0875,     0.085,        0.09,   0.0731041,     0.0255413
    487,        11,        28,          0.84,       0.8,      0.88,      0.0875,     0.085,        0.09,  0.00161203,    0.00161203
    488,        12,        28,          0.92,      0.88,      0.96,      0.0875,     0.085,        0.09,           0,             0
    489,        13,        28,             1,      0.96,      1.04,      0.0875,     0.085,        0.09,           0,             0
    490,        14,        28,          1.08,      1.04,      1.12,      0.0875,     0.085,        0.09,           0,             0
    491,        15,        28,          1.16,      1.12,       1.2,      0.0875,     0.085,        0.09,           0,             0
    494,         1,        29,          0.04,         0,      0.08,      0.0925,      0.09,       0.095,           0,             0
    495,         2,        29,          0.12,      0.08,      0.16,      0.0925,      0.09,       0.095,           0,             0
    496,         3,        29,           0.2,      0.16,      0.24,      0.0925,      0.09,       0.095,     163.914,       62.9646
    497,         4,        29,          0.28,      0.24,      0.32,      0.0925,      0.09,       0.095,     102.325,       16.5582
    498,         5,        29,          0.36,      0.32,       0.4,      0.0925,      0.09,       0.095,     16.8337,       2.19317
    499,         6,        29,          0.44,       0.4,      0.48,      0.0925,      0.09,       0.095,     47.9468,        43.479
    500,         7,        29,          0.52,      0.48,      0.56,      0.0925,      0.09,       0.095,     1.36673,      0.281405
    501,         8,        29,           0.6,      0.56,      0.64,      0.0925,      0.09,       0.095,    0.719316,      0.179754
    502,         9,        29,          0.68,      0.64,      0.72,      0.0925,      0.09,       0.095,    0.292431,     0.0951104
    503,        10,        29,          0.76,      0.72,       0.8,      0.0925,      0.09,       0.095,   0.0501414,     0.0244597
    504,        11,        29,          0.84,       0.8,      0.88,      0.0925,      0.09,       0.095,           0,             0
    505,        12,        29,          0.92,      0.88,      0.96,      0.0925,      0.09,       0.095,           0,             0
    506,        13,        29,             1,      0.96,      1.04,      0.0925,      0.09,       0.095,           0,             0
    507,        14,        29,          1.08,      1.04,      1.12,      0.0925,      0.09,       0.095,           0,             0
    508,        15,        29,          1.16,      1.12,       1.2,      0.0925,      0.09,       0.095,           0,             0
    511,         1,        30,          0.04,         0,      0.08,      0.0975,     0.095,         0.1,           0,             0
    512,         2,        30,          0.12,      0.08,      0.16,      0.0975,     0.095,         0.1,           0,             0
    513,         3,        30,           0.2,      0.16,      0.24,      0.0975,     0.095,         0.1,     120.838,       46.7198
    514,         4,        30,          0.28,      0.24,      0.32,      0.0975,     0.095,         0.1,      97.384,        22.031
    515,         5,        30,          0.36,      0.32,       0.4,      0.0975,     0.095,         0.1,     16.7848,       2.85022
    516,         6,        30,          0.44,       0.4,      0.48,      0.0975,     0.095,         0.1,     4.34466,      0.813027
    517,         7,        30,          0.52,      0.48,      0.56,      0.0975,     0.095,         0.1,     1.50312,       0.32205
    518,         8,        30,           0.6,      0.56,      0.64,      0.0975,     0.095,         0.1,    0.852405,      0.183437
    519,         9,        30,          0.68,      0.64,      0.72,      0.0975,     0.095,         0.1,    0.273482,     0.0863565
    520,        10,        30,          0.76,      0.72,       0.8,      0.0975,     0.095,         0.1,   0.0637139,      0.024379
    521,        11,        30,          0.84,       0.8,      0.88,      0.0975,     0.095,         0.1,   0.0218215,     0.0120032
    522,        12,        30,          0.92,      0.88,      0.96,      0.0975,     0.095,         0.1,           0,             0
    523,        13,        30,             1,      0.96,      1.04,      0.0975,     0.095,         0.1,           0,             0
    524,        14,        30,          1.08,      1.04,      1.12,      0.0975,     0.095,         0.1,           0,             0
    525,        15,        30,          1.16,      1.12,       1.2,      0.0975,     0.095,         0.1,           0,             0
    528,         1,        31,          0.04,         0,      0.08,      0.1025,       0.1,       0.105,           0,             0
    529,         2,        31,          0.12,      0.08,      0.16,      0.1025,       0.1,       0.105,           0,             0
    530,         3,        31,           0.2,      0.16,      0.24,      0.1025,       0.1,       0.105,     173.201,       64.1016
    531,         4,        31,          0.28,      0.24,      0.32,      0.1025,       0.1,       0.105,     72.7256,       17.2394
    532,         5,        31,          0.36,      0.32,       0.4,      0.1025,       0.1,       0.105,     18.8405,       3.14697
    533,         6,        31,          0.44,       0.4,      0.48,      0.1025,       0.1,       0.105,     5.08336,      0.814216
    534,         7,        31,          0.52,      0.48,      0.56,      0.1025,       0.1,       0.105,     2.20256,       0.39966
    535,         8,        31,           0.6,      0.56,      0.64,      0.1025,       0.1,       0.105,    0.677819,      0.168003
    536,         9,        31,          0.68,      0.64,      0.72,      0.1025,       0.1,       0.105,    0.162801,      0.060647
    537,        10,        31,          0.76,      0.72,       0.8,      0.1025,       0.1,       0.105,   0.0721493,     0.0306645
    538,        11,        31,          0.84,       0.8,      0.88,      0.1025,       0.1,       0.105,  0.00604231,    0.00473264
    539,        12,        31,          0.92,      0.88,      0.96,      0.1025,       0.1,       0.105,           0,             0
    540,        13,        31,             1,      0.96,      1.04,      0.1025,       0.1,       0.105,           0,             0
    541,        14,        31,          1.08,      1.04,      1.12,      0.1025,       0.1,       0.105,           0,             0
    542,        15,        31,          1.16,      1.12,       1.2,      0.1025,       0.1,       0.105,           0,             0
    545,         1,        32,          0.04,         0,      0.08,      0.1075,     0.105,        0.11,           0,             0
    546,         2,        32,          0.12,      0.08,      0.16,      0.1075,     0.105,        0.11,           0,             0
    547,         3,        32,           0.2,      0.16,      0.24,      0.1075,     0.105,        0.11,      311.83,        125.32
    548,         4,        32,          0.28,      0.24,      0.32,      0.1075,     0.105,        0.11,     65.2044,       16.6876
    549,         5,        32,          0.36,      0.32,       0.4,      0.1075,     0.105,        0.11,     16.2987,       2.66984
    550,         6,        32,          0.44,       0.4,      0.48,      0.1075,     0.105,        0.11,     3.90211,      0.674809
    551,         7,        32,          0.52,      0.48,      0.56,      0.1075,     0.105,        0.11,     1.63033,      0.359226
    552,         8,        32,           0.6,      0.56,      0.64,      0.1075,     0.105,        0.11,      0.8785,      0.219283
    553,         9,        32,          0.68,      0.64,      0.72,      0.1075,     0.105,        0.11,    0.284761,      0.107462
    554,        10,        32,          0.76,      0.72,       0.8,      0.1075,     0.105,        0.11,   0.0620083,     0.0244363
    555,        11,        32,          0.84,       0.8,      0.88,      0.1075,     0.105,        0.11,   0.0142183,    0.00739956
    556,        12,        32,          0.92,      0.88,      0.96,      0.1075,     0.105,        0.11,           0,             0
    557,        13,        32,             1,      0.96,      1.04,      0.1075,     0.105,        0.11,           0,             0
    558,        14,        32,          1.08,      1.04,      1.12,      0.1075,     0.105,        0.11,           0,             0
    559,        15,        32,          1.16,      1.12,       1.2,      0.1075,     0.105,        0.11,           0,             0
    562,         1,        33,          0.04,         0,      0.08,      0.1125,      0.11,       0.115,           0,             0
    563,         2,        33,          0.12,      0.08,      0.16,      0.1125,      0.11,       0.115,           0,             0
    564,         3,        33,           0.2,      0.16,      0.24,      0.1125,      0.11,       0.115,     228.151,       134.329
    565,         4,        33,          0.28,      0.24,      0.32,      0.1125,      0.11,       0.115,     78.9599,       21.3755
    566,         5,        33,          0.36,      0.32,       0.4,      0.1125,      0.11,       0.115,     18.6313,         3.586
    567,         6,        33,          0.44,       0.4,      0.48,      0.1125,      0.11,       0.115,     4.19458,      0.737937
    568,         7,        33,          0.52,      0.48,      0.56,      0.1125,      0.11,       0.115,     2.05641,       0.38583
    569,         8,        33,           0.6,      0.56,      0.64,      0.1125,      0.11,       0.115,    0.267224,      0.090038
    570,         9,        33,          0.68,      0.64,      0.72,      0.1125,      0.11,       0.115,    0.331632,     0.0947362
    571,        10,        33,          0.76,      0.72,       0.8,      0.1125,      0.11,       0.115,   0.0524609,     0.0208951
    572,        11,        33,          0.84,       0.8,      0.88,      0.1125,      0.11,       0.115,   0.0235417,     0.0129384
    573,        12,        33,          0.92,      0.88,      0.96,      0.1125,      0.11,       0.115,           0,             0
    574,        13,        33,             1,      0.96,      1.04,      0.1125,      0.11,       0.115,           0,             0
    575,        14,        33,          1.08,      1.04,      1.12,      0.1125,      0.11,       0.115,           0,             0
    576,        15,        33,          1.16,      1.12,       1.2,      0.1125,      0.11,       0.115,           0,             0
    579,         1,        34,          0.04,         0,      0.08,      0.1175,     0.115,        0.12,           0,             0
    580,         2,        34,          0.12,      0.08,      0.16,      0.1175,     0.115,        0.12,           0,             0
    581,         3,        34,           0.2,      0.16,      0.24,      0.1175,     0.115,        0.12,     248.433,       136.567
    582,         4,        34,          0.28,      0.24,      0.32,      0.1175,     0.115,        0.12,     131.908,       37.6976
    583,         5,        34,          0.36,      0.32,       0.4,      0.1175,     0.115,        0.12,      19.892,       3.47153
    584,         6,        34,          0.44,       0.4,      0.48,      0.1175,     0.115,        0.12,     7.75411,       1.16414
    585,         7,        34,          0.52,      0.48,      0.56,      0.1175,     0.115,        0.12,     1.27506,      0.295269
    586,         8,        34,           0.6,      0.56,      0.64,      0.1175,     0.115,        0.12,    0.658834,      0.177673
    587,         9,        34,          0.68,      0.64,      0.72,      0.1175,     0.115,        0.12,    0.174219,     0.0612792
    588,        10,        34,          0.76,      0.72,       0.8,      0.1175,     0.115,        0.12,   0.0575743,     0.0245465
    589,        11,        34,          0.84,       0.8,      0.88,      0.1175,     0.115,        0.12,   0.0135255,     0.0103188
    590,        12,        34,          0.92,      0.88,      0.96,      0.1175,     0.115,        0.12,           0,             0
    591,        13,        34,             1,      0.96,      1.04,      0.1175,     0.115,        0.12,           0,             0
    592,        14,        34,          1.08,      1.04,      1.12,      0.1175,     0.115,        0.12,           0,             0
    593,        15,        34,          1.16,      1.12,       1.2,      0.1175,     0.115,        0.12,           0,             0
    596,         1,        35,          0.04,         0,      0.08,      0.1225,      0.12,       0.125,           0,             0
    597,         2,        35,          0.12,      0.08,      0.16,      0.1225,      0.12,       0.125,           0,             0
    598,         3,        35,           0.2,      0.16,      0.24,      0.1225,      0.12,       0.125,     64.2995,       47.8395
    599,         4,        35,          0.28,      0.24,      0.32,      0.1225,      0.12,       0.125,     175.312,       54.0667
    600,         5,        35,          0.36,      0.32,       0.4,      0.1225,      0.12,       0.125,     23.1162,       4.48109
    601,         6,        35,          0.44,       0.4,      0.48,      0.1225,      0.12,       0.125,     6.93586,         1.105
    602,         7,        35,          0.52,      0.48,      0.56,      0.1225,      0.12,       0.125,     2.23997,      0.431783
    603,         8,        35,           0.6,      0.56,      0.64,      0.1225,      0.12,       0.125,    0.355438,      0.106022
    604,         9,        35,          0.68,      0.64,      0.72,      0.1225,      0.12,       0.125,    0.145814,     0.0592527
    605,        10,        35,          0.76,      0.72,       0.8,      0.1225,      0.12,       0.125,    0.146616,     0.0458668
    606,        11,        35,          0.84,       0.8,      0.88,      0.1225,      0.12,       0.125,  0.00773939,    0.00596003
    607,        12,        35,          0.92,      0.88,      0.96,      0.1225,      0.12,       0.125,  0.00215652,    0.00215652
    608,        13,        35,             1,      0.96,      1.04,      0.1225,      0.12,       0.125,           0,             0
    609,        14,        35,          1.08,      1.04,      1.12,      0.1225,      0.12,       0.125,           0,             0
    610,        15,        35,          1.16,      1.12,       1.2,      0.1225,      0.12,       0.125,           0,             0
    613,         1,        36,          0.04,         0,      0.08,      0.1275,     0.125,        0.13,           0,             0
    614,         2,        36,          0.12,      0.08,      0.16,      0.1275,     0.125,        0.13,           0,             0
    615,         3,        36,           0.2,      0.16,      0.24,      0.1275,     0.125,        0.13,           0,             0
    616,         4,        36,          0.28,      0.24,      0.32,      0.1275,     0.125,        0.13,     186.043,        61.291
    617,         5,        36,          0.36,      0.32,       0.4,      0.1275,     0.125,        0.13,     22.7554,       4.15589
    618,         6,        36,          0.44,       0.4,      0.48,      0.1275,     0.125,        0.13,      4.8262,      0.908978
    619,         7,        36,          0.52,      0.48,      0.56,      0.1275,     0.125,        0.13,     1.75891,      0.418413
    620,         8,        36,           0.6,      0.56,      0.64,      0.1275,     0.125,        0.13,    0.528639,      0.134303
    621,         9,        36,          0.68,      0.64,      0.72,      0.1275,     0.125,        0.13,   0.0486077,     0.0327972
    622,        10,        36,          0.76,      0.72,       0.8,      0.1275,     0.125,        0.13,   0.0182133,     0.0148807
    623,        11,        36,          0.84,       0.8,      0.88,      0.1275,     0.125,        0.13,  0.00337656,    0.00337656
    624,        12,        36,          0.92,      0.88,      0.96,      0.1275,     0.125,        0.13,           0,             0
    625,        13,        36,             1,      0.96,      1.04,      0.1275,     0.125,        0.13,           0,             0
    626,        14,        36,          1.08,      1.04,      1.12,      0.1275,     0.125,        0.13,           0,             0
    627,        15,        36,          1.16,      1.12,       1.2,      0.1275,     0.125,        0.13,           0,             0
    630,         1,        37,          0.04,         0,      0.08,      0.1325,      0.13,       0.135,           0,             0
    631,         2,        37,          0.12,      0.08,      0.16,      0.1325,      0.13,       0.135,           0,             0
    632,         3,        37,           0.2,      0.16,      0.24,      0.1325,      0.13,       0.135,           0,             0
    633,         4,        37,          0.28,      0.24,      0.32,      0.1325,      0.13,       0.135,     95.5234,       38.1099
    634,         5,        37,          0.36,      0.32,       0.4,      0.1325,      0.13,       0.135,     34.5354,       7.03129
    635,         6,        37,          0.44,       0.4,      0.48,      0.1325,      0.13,       0.135,     8.27218,       1.32451
    636,         7,        37,          0.52,      0.48,      0.56,      0.1325,      0.13,       0.135,       2.219,      0.407667
    637,         8,        37,           0.6,      0.56,      0.64,      0.1325,      0.13,       0.135,    0.791249,      0.211538
    638,         9,        37,          0.68,      0.64,      0.72,      0.1325,      0.13,       0.135,    0.282793,     0.0848286
    639,        10,        37,          0.76,      0.72,       0.8,      0.1325,      0.13,       0.135,    0.109951,     0.0396882
    640,        11,        37,          0.84,       0.8,      0.88,      0.1325,      0.13,       0.135,  0.00706302,    0.00706302
    641,        12,        37,          0.92,      0.88,      0.96,      0.1325,      0.13,       0.135,           0,             0
    642,        13,        37,             1,      0.96,      1.04,      0.1325,      0.13,       0.135,           0,             0
    643,        14,        37,          1.08,      1.04,      1.12,      0.1325,      0.13,       0.135,           0,             0
    644,        15,        37,          1.16,      1.12,       1.2,      0.1325,      0.13,       0.135,           0,             0
    647,         1,        38,          0.04,         0,      0.08,      0.1375,     0.135,        0.14,           0,             0
    648,         2,        38,          0.12,      0.08,      0.16,      0.1375,     0.135,        0.14,           0,             0
    649,         3,        38,           0.2,      0.16,      0.24,      0.1375,     0.135,        0.14,     23.4847,       22.0993
    650,         4,        38,          0.28,      0.24,      0.32,      0.1375,     0.135,        0.14,     163.034,       86.6647
    651,         5,        38,          0.36,      0.32,       0.4,      0.1375,     0.135,        0.14,     45.8343,       9.11702
    652,         6,        38,          0.44,       0.4,      0.48,      0.1375,     0.135,        0.14,     8.08285,       1.39822
    653,         7,        38,          0.52,      0.48,      0.56,      0.1375,     0.135,        0.14,     1.87938,      0.426794
    654,         8,        38,           0.6,      0.56,      0.64,      0.1375,     0.135,        0.14,    0.504603,      0.133951
    655,         9,        38,          0.68,      0.64,      0.72,      0.1375,     0.135,        0.14,    0.397066,      0.111012
    656,        10,        38,          0.76,      0.72,       0.8,      0.1375,     0.135,        0.14,   0.0874205,     0.0419704
    657,        11,        38,          0.84,       0.8,      0.88,      0.1375,     0.135,        0.14,  0.00593269,    0.00468871
    658,        12,        38,          0.92,      0.88,      0.96,      0.1375,     0.135,        0.14,           0,             0
    659,        13,        38,             1,      0.96,      1.04,      0.1375,     0.135,        0.14,           0,             0
    660,        14,        38,          1.08,      1.04,      1.12,      0.1375,     0.135,        0.14,           0,             0
    661,        15,        38,          1.16,      1.12,       1.2,      0.1375,     0.135,        0.14,           0,             0
    664,         1,        39,          0.04,         0,      0.08,      0.1425,      0.14,       0.145,           0,             0
    665,         2,        39,          0.12,      0.08,      0.16,      0.1425,      0.14,       0.145,           0,             0
    666,         3,        39,           0.2,      0.16,      0.24,      0.1425,      0.14,       0.145,           0,             0
    667,         4,        39,          0.28,      0.24,      0.32,      0.1425,      0.14,       0.145,     220.512,        69.238
    668,         5,        39,          0.36,      0.32,       0.4,      0.1425,      0.14,       0.145,     50.7082,       9.53183
    669,         6,        39,          0.44,       0.4,      0.48,      0.1425,      0.14,       0.145,     8.08126,       1.60667
    670,         7,        39,          0.52,      0.48,      0.56,      0.1425,      0.14,       0.145,     1.80186,      0.383843
    671,         8,        39,           0.6,      0.56,      0.64,      0.1425,      0.14,       0.145,    0.976403,      0.242235
    672,         9,        39,          0.68,      0.64,      0.72,      0.1425,      0.14,       0.145,    0.157088,     0.0541691
    673,        10,        39,          0.76,      0.72,       0.8,      0.1425,      0.14,       0.145,    0.154005,     0.0468663
    674,        11,        39,          0.84,       0.8,      0.88,      0.1425,      0.14,       0.145,   0.0133648,    0.00807486
    675,        12,        39,          0.92,      0.88,      0.96,      0.1425,      0.14,       0.145,  0.00402462,    0.00402462
    676,        13,        39,             1,      0.96,      1.04,      0.1425,      0.14,       0.145,           0,             0
    677,        14,        39,          1.08,      1.04,      1.12,      0.1425,      0.14,       0.145,           0,             0
    678,        15,        39,          1.16,      1.12,       1.2,      0.1425,      0.14,       0.145,           0,             0
    681,         1,        40,          0.04,         0,      0.08,      0.1475,     0.145,        0.15,           0,             0
    682,         2,        40,          0.12,      0.08,      0.16,      0.1475,     0.145,        0.15,           0,             0
    683,         3,        40,           0.2,      0.16,      0.24,      0.1475,     0.145,        0.15,           0,             0
    684,         4,        40,          0.28,      0.24,      0.32,      0.1475,     0.145,        0.15,     208.002,       69.2945
    685,         5,        40,          0.36,      0.32,       0.4,      0.1475,     0.145,        0.15,     40.6725,       9.06631
    686,         6,        40,          0.44,       0.4,      0.48,      0.1475,     0.145,        0.15,      7.2523,       1.37189
    687,         7,        40,          0.52,      0.48,      0.56,      0.1475,     0.145,        0.15,     1.95304,      0.482679
    688,         8,        40,           0.6,      0.56,      0.64,      0.1475,     0.145,        0.15,     1.24777,      0.263727
    689,         9,        40,          0.68,      0.64,      0.72,      0.1475,     0.145,        0.15,    0.227217,     0.0817995
    690,        10,        40,          0.76,      0.72,       0.8,      0.1475,     0.145,        0.15,    0.109388,     0.0406107
    691,        11,        40,          0.84,       0.8,      0.88,      0.1475,     0.145,        0.15,           0,             0
    692,        12,        40,          0.92,      0.88,      0.96,      0.1475,     0.145,        0.15,           0,             0
    693,        13,        40,             1,      0.96,      1.04,      0.1475,     0.145,        0.15,           0,             0
    694,        14,        40,          1.08,      1.04,      1.12,      0.1475,     0.145,        0.15,           0,             0
    695,        15,        40,          1.16,      1.12,       1.2,      0.1475,     0.145,        0.15,           0,             0
    698,         1,        41,          0.04,         0,      0.08,      0.1525,      0.15,       0.155,           0,             0
    699,         2,        41,          0.12,      0.08,      0.16,      0.1525,      0.15,       0.155,           0,             0
    700,         3,        41,           0.2,      0.16,      0.24,      0.1525,      0.15,       0.155,     1014.16,       805.901
    701,         4,        41,          0.28,      0.24,      0.32,      0.1525,      0.15,       0.155,     250.014,       119.956
    702,         5,        41,          0.36,      0.32,       0.4,      0.1525,      0.15,       0.155,     50.9879,        10.089
    703,         6,        41,          0.44,       0.4,      0.48,      0.1525,      0.15,       0.155,     8.27983,       1.53932
    704,         7,        41,          0.52,      0.48,      0.56,      0.1525,      0.15,       0.155,     2.30451,      0.495903
    705,         8,        41,           0.6,      0.56,      0.64,      0.1525,      0.15,       0.155,     1.30271,      0.280985
    706,         9,        41,          0.68,      0.64,      0.72,      0.1525,      0.15,       0.155,    0.539436,      0.134348
    707,        10,        41,          0.76,      0.72,       0.8,      0.1525,      0.15,       0.155,    0.124239,     0.0423151
    708,        11,        41,          0.84,       0.8,      0.88,      0.1525,      0.15,       0.155,   0.0118934,    0.00804344
    709,        12,        41,          0.92,      0.88,      0.96,      0.1525,      0.15,       0.155,           0,             0
    710,        13,        41,             1,      0.96,      1.04,      0.1525,      0.15,       0.155,           0,             0
    711,        14,        41,          1.08,      1.04,      1.12,      0.1525,      0.15,       0.155,           0,             0
    712,        15,        41,          1.16,      1.12,       1.2,      0.1525,      0.15,       0.155,           0,             0
    715,         1,        42,          0.04,         0,      0.08,      0.1575,     0.155,        0.16,           0,             0
    716,         2,        42,          0.12,      0.08,      0.16,      0.1575,     0.155,        0.16,           0,             0
    717,         3,        42,           0.2,      0.16,      0.24,      0.1575,     0.155,        0.16,           0,             0
    718,         4,        42,          0.28,      0.24,      0.32,      0.1575,     0.155,        0.16,     176.833,       105.164
    719,         5,        42,          0.36,      0.32,       0.4,      0.1575,     0.155,        0.16,     54.0827,       14.1203
    720,         6,        42,          0.44,       0.4,      0.48,      0.1575,     0.155,        0.16,     13.2219,       2.56081
    721,         7,        42,          0.52,      0.48,      0.56,      0.1575,     0.155,        0.16,     2.14745,      0.445112
    722,         8,        42,           0.6,      0.56,      0.64,      0.1575,     0.155,        0.16,    0.689982,      0.188571
    723,         9,        42,          0.68,      0.64,      0.72,      0.1575,     0.155,        0.16,    0.397005,      0.116477
    724,        10,        42,          0.76,      0.72,       0.8,      0.1575,     0.155,        0.16,    0.103796,     0.0461714
    725,        11,        42,          0.84,       0.8,      0.88,      0.1575,     0.155,        0.16,   0.0086082,    0.00648614
    726,        12,        42,          0.92,      0.88,      0.96,      0.1575,     0.155,        0.16,  0.00664909,    0.00664909
    727,        13,        42,             1,      0.96,      1.04,      0.1575,     0.155,        0.16,           0,             0
    728,        14,        42,          1.08,      1.04,      1.12,      0.1575,     0.155,        0.16,           0,             0
    729,        15,        42,          1.16,      1.12,       1.2,      0.1575,     0.155,        0.16,           0,             0
    732,         1,        43,          0.04,         0,      0.08,      0.1625,      0.16,       0.165,           0,             0
    733,         2,        43,          0.12,      0.08,      0.16,      0.1625,      0.16,       0.165,           0,             0
    734,         3,        43,           0.2,      0.16,      0.24,      0.1625,      0.16,       0.165,           0,             0
    735,         4,        43,          0.28,      0.24,      0.32,      0.1625,      0.16,       0.165,     211.671,       97.3255
    736,         5,        43,          0.36,      0.32,       0.4,      0.1625,      0.16,       0.165,     35.8977,        8.9527
    737,         6,        43,          0.44,       0.4,      0.48,      0.1625,      0.16,       0.165,     14.5573,        2.3773
    738,         7,        43,          0.52,      0.48,      0.56,      0.1625,      0.16,       0.165,     2.22473,      0.424109
    739,         8,        43,           0.6,      0.56,      0.64,      0.1625,      0.16,       0.165,     1.19448,      0.303444
    740,         9,        43,          0.68,      0.64,      0.72,      0.1625,      0.16,       0.165,    0.317998,      0.113452
    741,        10,        43,          0.76,      0.72,       0.8,      0.1625,      0.16,       0.165,   0.0375695,     0.0172148
    742,        11,        43,          0.84,       0.8,      0.88,      0.1625,      0.16,       0.165,  0.00750348,    0.00717279
    743,        12,        43,          0.92,      0.88,      0.96,      0.1625,      0.16,       0.165,           0,             0
    744,        13,        43,             1,      0.96,      1.04,      0.1625,      0.16,       0.165,           0,             0
    745,        14,        43,          1.08,      1.04,      1.12,      0.1625,      0.16,       0.165,           0,             0
    746,        15,        43,          1.16,      1.12,       1.2,      0.1625,      0.16,       0.165,           0,             0
    749,         1,        44,          0.04,         0,      0.08,      0.1675,     0.165,        0.17,           0,             0
    750,         2,        44,          0.12,      0.08,      0.16,      0.1675,     0.165,        0.17,           0,             0
    751,         3,        44,           0.2,      0.16,      0.24,      0.1675,     0.165,        0.17,           0,             0
    752,         4,        44,          0.28,      0.24,      0.32,      0.1675,     0.165,        0.17,     38.1923,       21.6589
    753,         5,        44,          0.36,      0.32,       0.4,      0.1675,     0.165,        0.17,      93.859,       22.5668
    754,         6,        44,          0.44,       0.4,      0.48,      0.1675,     0.165,        0.17,     12.7834,        2.9787
    755,         7,        44,          0.52,      0.48,      0.56,      0.1675,     0.165,        0.17,     4.01188,      0.759242
    756,         8,        44,           0.6,      0.56,      0.64,      0.1675,     0.165,        0.17,      1.4184,      0.344355
    757,         9,        44,          0.68,      0.64,      0.72,      0.1675,     0.165,        0.17,    0.279021,      0.093841
    758,        10,        44,          0.76,      0.72,       0.8,      0.1675,     0.165,        0.17,   0.0582365,     0.0243118
    759,        11,        44,          0.84,       0.8,      0.88,      0.1675,     0.165,        0.17,   0.0334027,     0.0200273
    760,        12,        44,          0.92,      0.88,      0.96,      0.1675,     0.165,        0.17,           0,             0
    761,        13,        44,             1,      0.96,      1.04,      0.1675,     0.165,        0.17,           0,             0
    762,        14,        44,          1.08,      1.04,      1.12,      0.1675,     0.165,        0.17,           0,             0
    763,        15,        44,          1.16,      1.12,       1.2,      0.1675,     0.165,        0.17,           0,             0
    766,         1,        45,          0.04,         0,      0.08,      0.1725,      0.17,       0.175,           0,             0
    767,         2,        45,          0.12,      0.08,      0.16,      0.1725,      0.17,       0.175,           0,             0
    768,         3,        45,           0.2,      0.16,      0.24,      0.1725,      0.17,       0.175,           0,             0
    769,         4,        45,          0.28,      0.24,      0.32,      0.1725,      0.17,       0.175,     136.124,       113.645
    770,         5,        45,          0.36,      0.32,       0.4,      0.1725,      0.17,       0.175,     59.9199,       17.1101
    771,         6,        45,          0.44,       0.4,      0.48,      0.1725,      0.17,       0.175,     11.9672,       2.14083
    772,         7,        45,          0.52,      0.48,      0.56,      0.1725,      0.17,       0.175,     3.27247,      0.652008
    773,         8,        45,           0.6,      0.56,      0.64,      0.1725,      0.17,       0.175,     1.07691,       0.25522
    774,         9,        45,          0.68,      0.64,      0.72,      0.1725,      0.17,       0.175,    0.347013,       0.11549
    775,        10,        45,          0.76,      0.72,       0.8,      0.1725,      0.17,       0.175,    0.124505,     0.0559497
    776,        11,        45,          0.84,       0.8,      0.88,      0.1725,      0.17,       0.175,   0.0616665,      0.029258
    777,        12,        45,          0.92,      0.88,      0.96,      0.1725,      0.17,       0.175,  0.00203529,    0.00203529
    778,        13,        45,             1,      0.96,      1.04,      0.1725,      0.17,       0.175,           0,             0
    779,        14,        45,          1.08,      1.04,      1.12,      0.1725,      0.17,       0.175,           0,             0
    780,        15,        45,          1.16,      1.12,       1.2,      0.1725,      0.17,       0.175,           0,             0
    783,         1,        46,          0.04,         0,      0.08,      0.1775,     0.175,        0.18,           0,             0
    784,         2,        46,          0.12,      0.08,      0.16,      0.1775,     0.175,        0.18,           0,             0
    785,         3,        46,           0.2,      0.16,      0.24,      0.1775,     0.175,        0.18,           0,             0
    786,         4,        46,          0.28,      0.24,      0.32,      0.1775,     0.175,        0.18,     61.6629,       42.5987
    787,         5,        46,          0.36,      0.32,       0.4,      0.1775,     0.175,        0.18,     39.2831,       14.7374
    788,         6,        46,          0.44,       0.4,      0.48,      0.1775,     0.175,        0.18,     18.1485,       3.78609
    789,         7,        46,          0.52,      0.48,      0.56,      0.1775,     0.175,        0.18,     1.67275,      0.385485
    790,         8,        46,           0.6,      0.56,      0.64,      0.1775,     0.175,        0.18,     1.72401,       0.37256
    791,         9,        46,          0.68,      0.64,      0.72,      0.1775,     0.175,        0.18,    0.195626,     0.0752779
    792,        10,        46,          0.76,      0.72,       0.8,      0.1775,     0.175,        0.18,   0.0357614,     0.0152965
    793,        11,        46,          0.84,       0.8,      0.88,      0.1775,     0.175,        0.18,   0.0176714,     0.0132013
    794,        12,        46,          0.92,      0.88,      0.96,      0.1775,     0.175,        0.18,  0.00649453,    0.00649453
    795,        13,        46,             1,      0.96,      1.04,      0.1775,     0.175,        0.18,           0,             0
    796,        14,        46,          1.08,      1.04,      1.12,      0.1775,     0.175,        0.18,           0,             0
    797,        15,        46,          1.16,      1.12,       1.2,      0.1775,     0.175,        0.18,           0,             0
    800,         1,        47,          0.04,         0,      0.08,      0.1825,      0.18,       0.185,           0,             0
    801,         2,        47,          0.12,      0.08,      0.16,      0.1825,      0.18,       0.185,           0,             0
    802,         3,        47,           0.2,      0.16,      0.24,      0.1825,      0.18,       0.185,           0,             0
    803,         4,        47,          0.28,      0.24,      0.32,      0.1825,      0.18,       0.185,     19.7583,       14.0401
    804,         5,        47,          0.36,      0.32,       0.4,      0.1825,      0.18,       0.185,     97.8055,       30.2975
    805,         6,        47,          0.44,       0.4,      0.48,      0.1825,      0.18,       0.185,     19.8644,       4.31034
    806,         7,        47,          0.52,      0.48,      0.56,      0.1825,      0.18,       0.185,     3.27806,      0.691044
    807,         8,        47,           0.6,      0.56,      0.64,      0.1825,      0.18,       0.185,     1.25481,      0.292828
    808,         9,        47,          0.68,      0.64,      0.72,      0.1825,      0.18,       0.185,    0.362559,      0.120002
    809,        10,        47,          0.76,      0.72,       0.8,      0.1825,      0.18,       0.185,    0.091882,      0.041126
    810,        11,        47,          0.84,       0.8,      0.88,      0.1825,      0.18,       0.185,   0.0205538,     0.0122755
    811,        12,        47,          0.92,      0.88,      0.96,      0.1825,      0.18,       0.185,           0,             0
    812,        13,        47,             1,      0.96,      1.04,      0.1825,      0.18,       0.185,           0,             0
    813,        14,        47,          1.08,      1.04,      1.12,      0.1825,      0.18,       0.185,           0,             0
    814,        15,        47,          1.16,      1.12,       1.2,      0.1825,      0.18,       0.185,           0,             0
    817,         1,        48,          0.04,         0,      0.08,      0.1875,     0.185,        0.19,           0,             0
    818,         2,        48,          0.12,      0.08,      0.16,      0.1875,     0.185,        0.19,           0,             0
    819,         3,        48,           0.2,      0.16,      0.24,      0.1875,     0.185,        0.19,           0,             0
    820,         4,        48,          0.28,      0.24,      0.32,      0.1875,     0.185,        0.19,     253.235,       128.816
    821,         5,        48,          0.36,      0.32,       0.4,      0.1875,     0.185,        0.19,     132.815,       59.1772
    822,         6,        48,          0.44,       0.4,      0.48,      0.1875,     0.185,        0.19,     14.6429,       3.20716
    823,         7,        48,          0.52,      0.48,      0.56,      0.1875,     0.185,        0.19,     4.94917,        1.0766
    824,         8,        48,           0.6,      0.56,      0.64,      0.1875,     0.185,        0.19,    0.806345,       0.22317
    825,         9,        48,          0.68,      0.64,      0.72,      0.1875,     0.185,        0.19,    0.440774,      0.135586
    826,        10,        48,          0.76,      0.72,       0.8,      0.1875,     0.185,        0.19,    0.044274,     0.0196279
    827,        11,        48,          0.84,       0.8,      0.88,      0.1875,     0.185,        0.19,   0.0330268,     0.0198518
    828,        12,        48,          0.92,      0.88,      0.96,      0.1875,     0.185,        0.19,  0.00140216,    0.00140216
    829,        13,        48,             1,      0.96,      1.04,      0.1875,     0.185,        0.19,           0,             0
    830,        14,        48,          1.08,      1.04,      1.12,      0.1875,     0.185,        0.19,           0,             0
    831,        15,        48,          1.16,      1.12,       1.2,      0.1875,     0.185,        0.19,           0,             0
    834,         1,        49,          0.04,         0,      0.08,      0.1925,      0.19,       0.195,           0,             0
    835,         2,        49,          0.12,      0.08,      0.16,      0.1925,      0.19,       0.195,           0,             0
    836,         3,        49,           0.2,      0.16,      0.24,      0.1925,      0.19,       0.195,           0,             0
    837,         4,        49,          0.28,      0.24,      0.32,      0.1925,      0.19,       0.195,     105.261,       85.2736
    838,         5,        49,          0.36,      0.32,       0.4,      0.1925,      0.19,       0.195,     64.1086,       40.7923
    839,         6,        49,          0.44,       0.4,      0.48,      0.1925,      0.19,       0.195,     22.3732,        6.4552
    840,         7,        49,          0.52,      0.48,      0.56,      0.1925,      0.19,       0.195,     5.93105,       1.18505
    841,         8,        49,           0.6,      0.56,      0.64,      0.1925,      0.19,       0.195,     1.11922,      0.273218
    842,         9,        49,          0.68,      0.64,      0.72,      0.1925,      0.19,       0.195,    0.453029,      0.132856
    843,        10,        49,          0.76,      0.72,       0.8,      0.1925,      0.19,       0.195,    0.217232,     0.0761954
    844,        11,        49,          0.84,       0.8,      0.88,      0.1925,      0.19,       0.195,   0.0254157,     0.0167786
    845,        12,        49,          0.92,      0.88,      0.96,      0.1925,      0.19,       0.195,  0.00134333,    0.00126381
    846,        13,        49,             1,      0.96,      1.04,      0.1925,      0.19,       0.195,           0,             0
    847,        14,        49,          1.08,      1.04,      1.12,      0.1925,      0.19,       0.195,           0,             0
    848,        15,        49,          1.16,      1.12,       1.2,      0.1925,      0.19,       0.195,           0,             0
    851,         1,        50,          0.04,         0,      0.08,      0.1975,     0.195,         0.2,           0,             0
    852,         2,        50,          0.12,      0.08,      0.16,      0.1975,     0.195,         0.2,           0,             0
    853,         3,        50,           0.2,      0.16,      0.24,      0.1975,     0.195,         0.2,           0,             0
    854,         4,        50,          0.28,      0.24,      0.32,      0.1975,     0.195,         0.2,           0,             0
    855,         5,        50,          0.36,      0.32,       0.4,      0.1975,     0.195,         0.2,     129.836,       58.8376
    856,         6,        50,          0.44,       0.4,      0.48,      0.1975,     0.195,         0.2,     17.8239,       4.34294
    857,         7,        50,          0.52,      0.48,      0.56,      0.1975,     0.195,         0.2,     4.31689,       1.06589
    858,         8,        50,           0.6,      0.56,      0.64,      0.1975,     0.195,         0.2,     1.45538,      0.343385
    859,         9,        50,          0.68,      0.64,      0.72,      0.1975,     0.195,         0.2,    0.371951,      0.127157
    860,        10,        50,          0.76,      0.72,       0.8,      0.1975,     0.195,         0.2,    0.178077,     0.0695449
    861,        11,        50,          0.84,       0.8,      0.88,      0.1975,     0.195,         0.2,   0.0500564,     0.0331122
    862,        12,        50,          0.92,      0.88,      0.96,      0.1975,     0.195,         0.2,           0,             0
    863,        13,        50,             1,      0.96,      1.04,      0.1975,     0.195,         0.2,  0.00533425,    0.00533425
    864,        14,        50,          1.08,      1.04,      1.12,      0.1975,     0.195,         0.2,           0,             0
    865,        15,        50,          1.16,      1.12,       1.2,      0.1975,     0.195,         0.2,           0,             0
