# 2D Histogram Bin Extraction 
#                   
# histogram parameters:  
# title      : Pm vs. $\theta_{rq}$ (vertex) 
# ybins      : 30 
# ylabel     :  P_{m} [GeV/c] 
# xbins      : 19 
# xlabel     :  $\theta_{rq}$ [deg] 
# ybin_width : 0.040 
# xbin_width : 10.000 
#                   
# header definitions:
# ib:         (x,y)  bin number 
# xb:         x-axis bin number 
# yb:         y-axis bin number 
# x0:         x-axis central bin value 
# xlow:       x-axis low-edge bin value 
# xup:        x-axis up-edge bin value 
# y0:         y-axis central bin value 
# ylow:       y-axis low-edge bin value 
# yup:        y-axis up-edge bin value 
# zcont:      bin content (z-axis) 
# zcont_err:  bin content error (z-axis) 
#                                        
ib,xb,yb,x0,xlow,xup,y0,ylow,yup,zcont,zcont_err
     22,         1,         1,             5,         0,        10,        0.02,         0,        0.04,           0,             0
     23,         2,         1,            15,        10,        20,        0.02,         0,        0.04,           0,             0
     24,         3,         1,            25,        20,        30,        0.02,         0,        0.04,           0,             0
     25,         4,         1,            35,        30,        40,        0.02,         0,        0.04,           0,             0
     26,         5,         1,            45,        40,        50,        0.02,         0,        0.04,           0,             0
     27,         6,         1,            55,        50,        60,        0.02,         0,        0.04,           0,             0
     28,         7,         1,            65,        60,        70,        0.02,         0,        0.04,           0,             0
     29,         8,         1,            75,        70,        80,        0.02,         0,        0.04,           0,             0
     30,         9,         1,            85,        80,        90,        0.02,         0,        0.04,           0,             0
     31,        10,         1,            95,        90,       100,        0.02,         0,        0.04,           0,             0
     32,        11,         1,           105,       100,       110,        0.02,         0,        0.04,           0,             0
     33,        12,         1,           115,       110,       120,        0.02,         0,        0.04,           0,             0
     34,        13,         1,           125,       120,       130,        0.02,         0,        0.04,           0,             0
     35,        14,         1,           135,       130,       140,        0.02,         0,        0.04,           0,             0
     36,        15,         1,           145,       140,       150,        0.02,         0,        0.04,           0,             0
     37,        16,         1,           155,       150,       160,        0.02,         0,        0.04,           0,             0
     38,        17,         1,           165,       160,       170,        0.02,         0,        0.04,           0,             0
     39,        18,         1,           175,       170,       180,        0.02,         0,        0.04,           0,             0
     40,        19,         1,           185,       180,       190,        0.02,         0,        0.04,           0,             0
     43,         1,         2,             5,         0,        10,        0.06,      0.04,        0.08,           0,             0
     44,         2,         2,            15,        10,        20,        0.06,      0.04,        0.08,           0,             0
     45,         3,         2,            25,        20,        30,        0.06,      0.04,        0.08,           0,             0
     46,         4,         2,            35,        30,        40,        0.06,      0.04,        0.08,           0,             0
     47,         5,         2,            45,        40,        50,        0.06,      0.04,        0.08,           0,             0
     48,         6,         2,            55,        50,        60,        0.06,      0.04,        0.08,           0,             0
     49,         7,         2,            65,        60,        70,        0.06,      0.04,        0.08,           0,             0
     50,         8,         2,            75,        70,        80,        0.06,      0.04,        0.08,           0,             0
     51,         9,         2,            85,        80,        90,        0.06,      0.04,        0.08,           0,             0
     52,        10,         2,            95,        90,       100,        0.06,      0.04,        0.08,           0,             0
     53,        11,         2,           105,       100,       110,        0.06,      0.04,        0.08,           0,             0
     54,        12,         2,           115,       110,       120,        0.06,      0.04,        0.08,           0,             0
     55,        13,         2,           125,       120,       130,        0.06,      0.04,        0.08,           0,             0
     56,        14,         2,           135,       130,       140,        0.06,      0.04,        0.08,           0,             0
     57,        15,         2,           145,       140,       150,        0.06,      0.04,        0.08,           0,             0
     58,        16,         2,           155,       150,       160,        0.06,      0.04,        0.08,           0,             0
     59,        17,         2,           165,       160,       170,        0.06,      0.04,        0.08,           0,             0
     60,        18,         2,           175,       170,       180,        0.06,      0.04,        0.08,           0,             0
     61,        19,         2,           185,       180,       190,        0.06,      0.04,        0.08,           0,             0
     64,         1,         3,             5,         0,        10,         0.1,      0.08,        0.12,           0,             0
     65,         2,         3,            15,        10,        20,         0.1,      0.08,        0.12,           0,             0
     66,         3,         3,            25,        20,        30,         0.1,      0.08,        0.12,           0,             0
     67,         4,         3,            35,        30,        40,         0.1,      0.08,        0.12,           0,             0
     68,         5,         3,            45,        40,        50,         0.1,      0.08,        0.12,           0,             0
     69,         6,         3,            55,        50,        60,         0.1,      0.08,        0.12,           0,             0
     70,         7,         3,            65,        60,        70,         0.1,      0.08,        0.12,           0,             0
     71,         8,         3,            75,        70,        80,         0.1,      0.08,        0.12,           0,             0
     72,         9,         3,            85,        80,        90,         0.1,      0.08,        0.12,           0,             0
     73,        10,         3,            95,        90,       100,         0.1,      0.08,        0.12,           0,             0
     74,        11,         3,           105,       100,       110,         0.1,      0.08,        0.12,           0,             0
     75,        12,         3,           115,       110,       120,         0.1,      0.08,        0.12,           0,             0
     76,        13,         3,           125,       120,       130,         0.1,      0.08,        0.12,           0,             0
     77,        14,         3,           135,       130,       140,         0.1,      0.08,        0.12,           0,             0
     78,        15,         3,           145,       140,       150,         0.1,      0.08,        0.12,           0,             0
     79,        16,         3,           155,       150,       160,         0.1,      0.08,        0.12,           0,             0
     80,        17,         3,           165,       160,       170,         0.1,      0.08,        0.12,           0,             0
     81,        18,         3,           175,       170,       180,         0.1,      0.08,        0.12,           0,             0
     82,        19,         3,           185,       180,       190,         0.1,      0.08,        0.12,           0,             0
     85,         1,         4,             5,         0,        10,        0.14,      0.12,        0.16,           0,             0
     86,         2,         4,            15,        10,        20,        0.14,      0.12,        0.16,           0,             0
     87,         3,         4,            25,        20,        30,        0.14,      0.12,        0.16,           0,             0
     88,         4,         4,            35,        30,        40,        0.14,      0.12,        0.16,           0,             0
     89,         5,         4,            45,        40,        50,        0.14,      0.12,        0.16,           0,             0
     90,         6,         4,            55,        50,        60,        0.14,      0.12,        0.16,           0,             0
     91,         7,         4,            65,        60,        70,        0.14,      0.12,        0.16,           0,             0
     92,         8,         4,            75,        70,        80,        0.14,      0.12,        0.16,           0,             0
     93,         9,         4,            85,        80,        90,        0.14,      0.12,        0.16,           0,             0
     94,        10,         4,            95,        90,       100,        0.14,      0.12,        0.16,           0,             0
     95,        11,         4,           105,       100,       110,        0.14,      0.12,        0.16,           0,             0
     96,        12,         4,           115,       110,       120,        0.14,      0.12,        0.16,           0,             0
     97,        13,         4,           125,       120,       130,        0.14,      0.12,        0.16,           0,             0
     98,        14,         4,           135,       130,       140,        0.14,      0.12,        0.16,           0,             0
     99,        15,         4,           145,       140,       150,        0.14,      0.12,        0.16,           0,             0
    100,        16,         4,           155,       150,       160,        0.14,      0.12,        0.16,           0,             0
    101,        17,         4,           165,       160,       170,        0.14,      0.12,        0.16,           0,             0
    102,        18,         4,           175,       170,       180,        0.14,      0.12,        0.16,           0,             0
    103,        19,         4,           185,       180,       190,        0.14,      0.12,        0.16,           0,             0
    106,         1,         5,             5,         0,        10,        0.18,      0.16,         0.2,           0,             0
    107,         2,         5,            15,        10,        20,        0.18,      0.16,         0.2,           0,             0
    108,         3,         5,            25,        20,        30,        0.18,      0.16,         0.2,           0,             0
    109,         4,         5,            35,        30,        40,        0.18,      0.16,         0.2,           0,             0
    110,         5,         5,            45,        40,        50,        0.18,      0.16,         0.2,           0,             0
    111,         6,         5,            55,        50,        60,        0.18,      0.16,         0.2,           0,             0
    112,         7,         5,            65,        60,        70,        0.18,      0.16,         0.2,           0,             0
    113,         8,         5,            75,        70,        80,        0.18,      0.16,         0.2,           0,             0
    114,         9,         5,            85,        80,        90,        0.18,      0.16,         0.2,           0,             0
    115,        10,         5,            95,        90,       100,        0.18,      0.16,         0.2,           0,             0
    116,        11,         5,           105,       100,       110,        0.18,      0.16,         0.2,           0,             0
    117,        12,         5,           115,       110,       120,        0.18,      0.16,         0.2,           0,             0
    118,        13,         5,           125,       120,       130,        0.18,      0.16,         0.2,           0,             0
    119,        14,         5,           135,       130,       140,        0.18,      0.16,         0.2,           0,             0
    120,        15,         5,           145,       140,       150,        0.18,      0.16,         0.2,           0,             0
    121,        16,         5,           155,       150,       160,        0.18,      0.16,         0.2,           0,             0
    122,        17,         5,           165,       160,       170,        0.18,      0.16,         0.2,           0,             0
    123,        18,         5,           175,       170,       180,        0.18,      0.16,         0.2,           0,             0
    124,        19,         5,           185,       180,       190,        0.18,      0.16,         0.2,           0,             0
    127,         1,         6,             5,         0,        10,        0.22,       0.2,        0.24,           0,             0
    128,         2,         6,            15,        10,        20,        0.22,       0.2,        0.24,    0.303185,     0.0570502
    129,         3,         6,            25,        20,        30,        0.22,       0.2,        0.24,     1.58501,      0.142827
    130,         4,         6,            35,        30,        40,        0.22,       0.2,        0.24,     2.59226,      0.181385
    131,         5,         6,            45,        40,        50,        0.22,       0.2,        0.24,     1.99287,      0.155963
    132,         6,         6,            55,        50,        60,        0.22,       0.2,        0.24,    0.307342,     0.0576119
    133,         7,         6,            65,        60,        70,        0.22,       0.2,        0.24,           0,             0
    134,         8,         6,            75,        70,        80,        0.22,       0.2,        0.24,           0,             0
    135,         9,         6,            85,        80,        90,        0.22,       0.2,        0.24,           0,             0
    136,        10,         6,            95,        90,       100,        0.22,       0.2,        0.24,           0,             0
    137,        11,         6,           105,       100,       110,        0.22,       0.2,        0.24,           0,             0
    138,        12,         6,           115,       110,       120,        0.22,       0.2,        0.24,           0,             0
    139,        13,         6,           125,       120,       130,        0.22,       0.2,        0.24,           0,             0
    140,        14,         6,           135,       130,       140,        0.22,       0.2,        0.24,           0,             0
    141,        15,         6,           145,       140,       150,        0.22,       0.2,        0.24,           0,             0
    142,        16,         6,           155,       150,       160,        0.22,       0.2,        0.24,           0,             0
    143,        17,         6,           165,       160,       170,        0.22,       0.2,        0.24,           0,             0
    144,        18,         6,           175,       170,       180,        0.22,       0.2,        0.24,           0,             0
    145,        19,         6,           185,       180,       190,        0.22,       0.2,        0.24,           0,             0
    148,         1,         7,             5,         0,        10,        0.26,      0.24,        0.28,   0.0420852,     0.0143061
    149,         2,         7,            15,        10,        20,        0.26,      0.24,        0.28,     1.84344,      0.102356
    150,         3,         7,            25,        20,        30,        0.26,      0.24,        0.28,     6.43738,      0.194019
    151,         4,         7,            35,        30,        40,        0.26,      0.24,        0.28,     9.60233,      0.239849
    152,         5,         7,            45,        40,        50,        0.26,      0.24,        0.28,     8.68056,       0.22826
    153,         6,         7,            55,        50,        60,        0.26,      0.24,        0.28,     3.79207,      0.147709
    154,         7,         7,            65,        60,        70,        0.26,      0.24,        0.28,    0.314412,     0.0390824
    155,         8,         7,            75,        70,        80,        0.26,      0.24,        0.28,           0,             0
    156,         9,         7,            85,        80,        90,        0.26,      0.24,        0.28,           0,             0
    157,        10,         7,            95,        90,       100,        0.26,      0.24,        0.28,           0,             0
    158,        11,         7,           105,       100,       110,        0.26,      0.24,        0.28,           0,             0
    159,        12,         7,           115,       110,       120,        0.26,      0.24,        0.28,           0,             0
    160,        13,         7,           125,       120,       130,        0.26,      0.24,        0.28,           0,             0
    161,        14,         7,           135,       130,       140,        0.26,      0.24,        0.28,           0,             0
    162,        15,         7,           145,       140,       150,        0.26,      0.24,        0.28,           0,             0
    163,        16,         7,           155,       150,       160,        0.26,      0.24,        0.28,           0,             0
    164,        17,         7,           165,       160,       170,        0.26,      0.24,        0.28,           0,             0
    165,        18,         7,           175,       170,       180,        0.26,      0.24,        0.28,           0,             0
    166,        19,         7,           185,       180,       190,        0.26,      0.24,        0.28,           0,             0
    169,         1,         8,             5,         0,        10,         0.3,      0.28,        0.32,   0.0913038,      0.013785
    170,         2,         8,            15,        10,        20,         0.3,      0.28,        0.32,     2.05251,     0.0688408
    171,         3,         8,            25,        20,        30,         0.3,      0.28,        0.32,     6.78103,      0.130148
    172,         4,         8,            35,        30,        40,         0.3,      0.28,        0.32,     10.1835,      0.164944
    173,         5,         8,            45,        40,        50,         0.3,      0.28,        0.32,     11.0322,      0.177263
    174,         6,         8,            55,        50,        60,         0.3,      0.28,        0.32,     8.14502,      0.154315
    175,         7,         8,            65,        60,        70,         0.3,      0.28,        0.32,     2.17011,     0.0783328
    176,         8,         8,            75,        70,        80,         0.3,      0.28,        0.32,   0.0141752,    0.00579722
    177,         9,         8,            85,        80,        90,         0.3,      0.28,        0.32,           0,             0
    178,        10,         8,            95,        90,       100,         0.3,      0.28,        0.32,           0,             0
    179,        11,         8,           105,       100,       110,         0.3,      0.28,        0.32,           0,             0
    180,        12,         8,           115,       110,       120,         0.3,      0.28,        0.32,           0,             0
    181,        13,         8,           125,       120,       130,         0.3,      0.28,        0.32,           0,             0
    182,        14,         8,           135,       130,       140,         0.3,      0.28,        0.32,           0,             0
    183,        15,         8,           145,       140,       150,         0.3,      0.28,        0.32,           0,             0
    184,        16,         8,           155,       150,       160,         0.3,      0.28,        0.32,           0,             0
    185,        17,         8,           165,       160,       170,         0.3,      0.28,        0.32,           0,             0
    186,        18,         8,           175,       170,       180,         0.3,      0.28,        0.32,           0,             0
    187,        19,         8,           185,       180,       190,         0.3,      0.28,        0.32,           0,             0
    190,         1,         9,             5,         0,        10,        0.34,      0.32,        0.36,   0.0961204,    0.00913001
    191,         2,         9,            15,        10,        20,        0.34,      0.32,        0.36,     1.58858,     0.0396081
    192,         3,         9,            25,        20,        30,        0.34,      0.32,        0.36,     4.48993,     0.0701383
    193,         4,         9,            35,        30,        40,        0.34,      0.32,        0.36,     7.21736,     0.0948384
    194,         5,         9,            45,        40,        50,        0.34,      0.32,        0.36,     9.35377,      0.116543
    195,         6,         9,            55,        50,        60,        0.34,      0.32,        0.36,     9.56408,      0.127004
    196,         7,         9,            65,        60,        70,        0.34,      0.32,        0.36,     4.78507,     0.0944712
    197,         8,         9,            75,        70,        80,        0.34,      0.32,        0.36,    0.211149,     0.0207001
    198,         9,         9,            85,        80,        90,        0.34,      0.32,        0.36,           0,             0
    199,        10,         9,            95,        90,       100,        0.34,      0.32,        0.36,           0,             0
    200,        11,         9,           105,       100,       110,        0.34,      0.32,        0.36,           0,             0
    201,        12,         9,           115,       110,       120,        0.34,      0.32,        0.36,           0,             0
    202,        13,         9,           125,       120,       130,        0.34,      0.32,        0.36,           0,             0
    203,        14,         9,           135,       130,       140,        0.34,      0.32,        0.36,           0,             0
    204,        15,         9,           145,       140,       150,        0.34,      0.32,        0.36,           0,             0
    205,        16,         9,           155,       150,       160,        0.34,      0.32,        0.36,           0,             0
    206,        17,         9,           165,       160,       170,        0.34,      0.32,        0.36,           0,             0
    207,        18,         9,           175,       170,       180,        0.34,      0.32,        0.36,           0,             0
    208,        19,         9,           185,       180,       190,        0.34,      0.32,        0.36,           0,             0
    211,         1,        10,             5,         0,        10,        0.38,      0.36,         0.4,   0.0877409,    0.00633266
    212,         2,        10,            15,        10,        20,        0.38,      0.36,         0.4,     1.13362,     0.0233891
    213,         3,        10,            25,        20,        30,        0.38,      0.36,         0.4,     2.93183,     0.0395936
    214,         4,        10,            35,        30,        40,        0.38,      0.36,         0.4,     5.09913,     0.0575885
    215,         5,        10,            45,        40,        50,        0.38,      0.36,         0.4,     6.86729,     0.0750317
    216,         6,        10,            55,        50,        60,        0.38,      0.36,         0.4,     8.38672,     0.0955086
    217,         7,        10,            65,        60,        70,        0.38,      0.36,         0.4,     6.90452,      0.100923
    218,         8,        10,            75,        70,        80,        0.38,      0.36,         0.4,    0.714181,     0.0360417
    219,         9,        10,            85,        80,        90,        0.38,      0.36,         0.4,           0,             0
    220,        10,        10,            95,        90,       100,        0.38,      0.36,         0.4,           0,             0
    221,        11,        10,           105,       100,       110,        0.38,      0.36,         0.4,           0,             0
    222,        12,        10,           115,       110,       120,        0.38,      0.36,         0.4,           0,             0
    223,        13,        10,           125,       120,       130,        0.38,      0.36,         0.4,           0,             0
    224,        14,        10,           135,       130,       140,        0.38,      0.36,         0.4,           0,             0
    225,        15,        10,           145,       140,       150,        0.38,      0.36,         0.4,           0,             0
    226,        16,        10,           155,       150,       160,        0.38,      0.36,         0.4,           0,             0
    227,        17,        10,           165,       160,       170,        0.38,      0.36,         0.4,           0,             0
    228,        18,        10,           175,       170,       180,        0.38,      0.36,         0.4,           0,             0
    229,        19,        10,           185,       180,       190,        0.38,      0.36,         0.4,           0,             0
    232,         1,        11,             5,         0,        10,        0.42,       0.4,        0.44,   0.0877343,    0.00471434
    233,         2,        11,            15,        10,        20,        0.42,       0.4,        0.44,    0.829328,     0.0146372
    234,         3,        11,            25,        20,        30,        0.42,       0.4,        0.44,     1.93876,     0.0235356
    235,         4,        11,            35,        30,        40,        0.42,       0.4,        0.44,     3.57801,     0.0363505
    236,         5,        11,            45,        40,        50,        0.42,       0.4,        0.44,      5.1938,      0.051887
    237,         6,        11,            55,        50,        60,        0.42,       0.4,        0.44,     6.82391,     0.0727384
    238,         7,        11,            65,        60,        70,        0.42,       0.4,        0.44,     7.70215,     0.0988891
    239,         8,        11,            75,        70,        80,        0.42,       0.4,        0.44,      1.0994,     0.0427562
    240,         9,        11,            85,        80,        90,        0.42,       0.4,        0.44,           0,             0
    241,        10,        11,            95,        90,       100,        0.42,       0.4,        0.44,           0,             0
    242,        11,        11,           105,       100,       110,        0.42,       0.4,        0.44,           0,             0
    243,        12,        11,           115,       110,       120,        0.42,       0.4,        0.44,           0,             0
    244,        13,        11,           125,       120,       130,        0.42,       0.4,        0.44,           0,             0
    245,        14,        11,           135,       130,       140,        0.42,       0.4,        0.44,           0,             0
    246,        15,        11,           145,       140,       150,        0.42,       0.4,        0.44,           0,             0
    247,        16,        11,           155,       150,       160,        0.42,       0.4,        0.44,           0,             0
    248,        17,        11,           165,       160,       170,        0.42,       0.4,        0.44,           0,             0
    249,        18,        11,           175,       170,       180,        0.42,       0.4,        0.44,           0,             0
    250,        19,        11,           185,       180,       190,        0.42,       0.4,        0.44,           0,             0
    253,         1,        12,             5,         0,        10,        0.46,      0.44,        0.48,    0.075052,    0.00337878
    254,         2,        12,            15,        10,        20,        0.46,      0.44,        0.48,    0.623307,    0.00978072
    255,         3,        12,            25,        20,        30,        0.46,      0.44,        0.48,     1.37505,      0.015106
    256,         4,        12,            35,        30,        40,        0.46,      0.44,        0.48,     2.46151,     0.0237749
    257,         5,        12,            45,        40,        50,        0.46,      0.44,        0.48,      3.7549,     0.0363253
    258,         6,        12,            55,        50,        60,        0.46,      0.44,        0.48,     5.26771,     0.0557443
    259,         7,        12,            65,        60,        70,        0.46,      0.44,        0.48,      6.5511,     0.0850602
    260,         8,        12,            75,        70,        80,        0.46,      0.44,        0.48,    0.905411,     0.0362849
    261,         9,        12,            85,        80,        90,        0.46,      0.44,        0.48,           0,             0
    262,        10,        12,            95,        90,       100,        0.46,      0.44,        0.48,           0,             0
    263,        11,        12,           105,       100,       110,        0.46,      0.44,        0.48,           0,             0
    264,        12,        12,           115,       110,       120,        0.46,      0.44,        0.48,           0,             0
    265,        13,        12,           125,       120,       130,        0.46,      0.44,        0.48,           0,             0
    266,        14,        12,           135,       130,       140,        0.46,      0.44,        0.48,           0,             0
    267,        15,        12,           145,       140,       150,        0.46,      0.44,        0.48,           0,             0
    268,        16,        12,           155,       150,       160,        0.46,      0.44,        0.48,           0,             0
    269,        17,        12,           165,       160,       170,        0.46,      0.44,        0.48,           0,             0
    270,        18,        12,           175,       170,       180,        0.46,      0.44,        0.48,           0,             0
    271,        19,        12,           185,       180,       190,        0.46,      0.44,        0.48,           0,             0
    274,         1,        13,             5,         0,        10,         0.5,      0.48,        0.52,   0.0602391,    0.00240199
    275,         2,        13,            15,        10,        20,         0.5,      0.48,        0.52,    0.465253,    0.00662573
    276,         3,        13,            25,        20,        30,         0.5,      0.48,        0.52,    0.968409,    0.00992347
    277,         4,        13,            35,        30,        40,         0.5,      0.48,        0.52,     1.71636,     0.0159452
    278,         5,        13,            45,        40,        50,         0.5,      0.48,        0.52,     2.70464,     0.0259746
    279,         6,        13,            55,        50,        60,         0.5,      0.48,        0.52,     3.73774,     0.0416068
    280,         7,        13,            65,        60,        70,         0.5,      0.48,        0.52,      4.6866,     0.0663782
    281,         8,        13,            75,        70,        80,         0.5,      0.48,        0.52,    0.473383,     0.0237231
    282,         9,        13,            85,        80,        90,         0.5,      0.48,        0.52,           0,             0
    283,        10,        13,            95,        90,       100,         0.5,      0.48,        0.52,           0,             0
    284,        11,        13,           105,       100,       110,         0.5,      0.48,        0.52,           0,             0
    285,        12,        13,           115,       110,       120,         0.5,      0.48,        0.52,           0,             0
    286,        13,        13,           125,       120,       130,         0.5,      0.48,        0.52,           0,             0
    287,        14,        13,           135,       130,       140,         0.5,      0.48,        0.52,           0,             0
    288,        15,        13,           145,       140,       150,         0.5,      0.48,        0.52,           0,             0
    289,        16,        13,           155,       150,       160,         0.5,      0.48,        0.52,           0,             0
    290,        17,        13,           165,       160,       170,         0.5,      0.48,        0.52,           0,             0
    291,        18,        13,           175,       170,       180,         0.5,      0.48,        0.52,           0,             0
    292,        19,        13,           185,       180,       190,         0.5,      0.48,        0.52,           0,             0
    295,         1,        14,             5,         0,        10,        0.54,      0.52,        0.56,   0.0457585,    0.00171286
    296,         2,        14,            15,        10,        20,        0.54,      0.52,        0.56,    0.340237,    0.00456146
    297,         3,        14,            25,        20,        30,        0.54,      0.52,        0.56,    0.690485,    0.00668368
    298,         4,        14,            35,        30,        40,        0.54,      0.52,        0.56,       1.166,     0.0107602
    299,         5,        14,            45,        40,        50,        0.54,      0.52,        0.56,     1.77781,     0.0179037
    300,         6,        14,            55,        50,        60,        0.54,      0.52,        0.56,     2.53005,     0.0304085
    301,         7,        14,            65,        60,        70,        0.54,      0.52,        0.56,     2.84085,       0.04671
    302,         8,        14,            75,        70,        80,        0.54,      0.52,        0.56,     0.18251,     0.0130782
    303,         9,        14,            85,        80,        90,        0.54,      0.52,        0.56,           0,             0
    304,        10,        14,            95,        90,       100,        0.54,      0.52,        0.56,           0,             0
    305,        11,        14,           105,       100,       110,        0.54,      0.52,        0.56,           0,             0
    306,        12,        14,           115,       110,       120,        0.54,      0.52,        0.56,           0,             0
    307,        13,        14,           125,       120,       130,        0.54,      0.52,        0.56,           0,             0
    308,        14,        14,           135,       130,       140,        0.54,      0.52,        0.56,           0,             0
    309,        15,        14,           145,       140,       150,        0.54,      0.52,        0.56,           0,             0
    310,        16,        14,           155,       150,       160,        0.54,      0.52,        0.56,           0,             0
    311,        17,        14,           165,       160,       170,        0.54,      0.52,        0.56,           0,             0
    312,        18,        14,           175,       170,       180,        0.54,      0.52,        0.56,           0,             0
    313,        19,        14,           185,       180,       190,        0.54,      0.52,        0.56,           0,             0
    316,         1,        15,             5,         0,        10,        0.58,      0.56,         0.6,    0.037301,    0.00128219
    317,         2,        15,            15,        10,        20,        0.58,      0.56,         0.6,    0.253393,    0.00319256
    318,         3,        15,            25,        20,        30,        0.58,      0.56,         0.6,    0.456941,    0.00438311
    319,         4,        15,            35,        30,        40,        0.58,      0.56,         0.6,    0.751865,    0.00707886
    320,         5,        15,            45,        40,        50,        0.58,      0.56,         0.6,       1.183,     0.0124825
    321,         6,        15,            55,        50,        60,        0.58,      0.56,         0.6,     1.78867,     0.0227936
    322,         7,        15,            65,        60,        70,        0.58,      0.56,         0.6,     1.38641,     0.0287122
    323,         8,        15,            75,        70,        80,        0.58,      0.56,         0.6,   0.0214344,    0.00393729
    324,         9,        15,            85,        80,        90,        0.58,      0.56,         0.6,           0,             0
    325,        10,        15,            95,        90,       100,        0.58,      0.56,         0.6,           0,             0
    326,        11,        15,           105,       100,       110,        0.58,      0.56,         0.6,           0,             0
    327,        12,        15,           115,       110,       120,        0.58,      0.56,         0.6,           0,             0
    328,        13,        15,           125,       120,       130,        0.58,      0.56,         0.6,           0,             0
    329,        14,        15,           135,       130,       140,        0.58,      0.56,         0.6,           0,             0
    330,        15,        15,           145,       140,       150,        0.58,      0.56,         0.6,           0,             0
    331,        16,        15,           155,       150,       160,        0.58,      0.56,         0.6,           0,             0
    332,        17,        15,           165,       160,       170,        0.58,      0.56,         0.6,           0,             0
    333,        18,        15,           175,       170,       180,        0.58,      0.56,         0.6,           0,             0
    334,        19,        15,           185,       180,       190,        0.58,      0.56,         0.6,           0,             0
    337,         1,        16,             5,         0,        10,        0.62,       0.6,        0.64,   0.0259179,   0.000887523
    338,         2,        16,            15,        10,        20,        0.62,       0.6,        0.64,    0.175721,    0.00219464
    339,         3,        16,            25,        20,        30,        0.62,       0.6,        0.64,    0.280931,    0.00282116
    340,         4,        16,            35,        30,        40,        0.62,       0.6,        0.64,    0.471944,    0.00463102
    341,         5,        16,            45,        40,        50,        0.62,       0.6,        0.64,    0.753407,     0.0084223
    342,         6,        16,            55,        50,        60,        0.62,       0.6,        0.64,     1.16599,     0.0163423
    343,         7,        16,            65,        60,        70,        0.62,       0.6,        0.64,    0.702509,     0.0178583
    344,         8,        16,            75,        70,        80,        0.62,       0.6,        0.64,           0,             0
    345,         9,        16,            85,        80,        90,        0.62,       0.6,        0.64,           0,             0
    346,        10,        16,            95,        90,       100,        0.62,       0.6,        0.64,           0,             0
    347,        11,        16,           105,       100,       110,        0.62,       0.6,        0.64,           0,             0
    348,        12,        16,           115,       110,       120,        0.62,       0.6,        0.64,           0,             0
    349,        13,        16,           125,       120,       130,        0.62,       0.6,        0.64,           0,             0
    350,        14,        16,           135,       130,       140,        0.62,       0.6,        0.64,           0,             0
    351,        15,        16,           145,       140,       150,        0.62,       0.6,        0.64,           0,             0
    352,        16,        16,           155,       150,       160,        0.62,       0.6,        0.64,           0,             0
    353,        17,        16,           165,       160,       170,        0.62,       0.6,        0.64,           0,             0
    354,        18,        16,           175,       170,       180,        0.62,       0.6,        0.64,           0,             0
    355,        19,        16,           185,       180,       190,        0.62,       0.6,        0.64,           0,             0
    358,         1,        17,             5,         0,        10,        0.66,      0.64,        0.68,   0.0197212,   0.000642661
    359,         2,        17,            15,        10,        20,        0.66,      0.64,        0.68,    0.109003,    0.00143995
    360,         3,        17,            25,        20,        30,        0.66,      0.64,        0.68,    0.152964,    0.00172086
    361,         4,        17,            35,        30,        40,        0.66,      0.64,        0.68,    0.273647,    0.00290595
    362,         5,        17,            45,        40,        50,        0.66,      0.64,        0.68,    0.464304,    0.00567059
    363,         6,        17,            55,        50,        60,        0.66,      0.64,        0.68,    0.769943,     0.0118822
    364,         7,        17,            65,        60,        70,        0.66,      0.64,        0.68,    0.298371,     0.0100457
    365,         8,        17,            75,        70,        80,        0.66,      0.64,        0.68,           0,             0
    366,         9,        17,            85,        80,        90,        0.66,      0.64,        0.68,           0,             0
    367,        10,        17,            95,        90,       100,        0.66,      0.64,        0.68,           0,             0
    368,        11,        17,           105,       100,       110,        0.66,      0.64,        0.68,           0,             0
    369,        12,        17,           115,       110,       120,        0.66,      0.64,        0.68,           0,             0
    370,        13,        17,           125,       120,       130,        0.66,      0.64,        0.68,           0,             0
    371,        14,        17,           135,       130,       140,        0.66,      0.64,        0.68,           0,             0
    372,        15,        17,           145,       140,       150,        0.66,      0.64,        0.68,           0,             0
    373,        16,        17,           155,       150,       160,        0.66,      0.64,        0.68,           0,             0
    374,        17,        17,           165,       160,       170,        0.66,      0.64,        0.68,           0,             0
    375,        18,        17,           175,       170,       180,        0.66,      0.64,        0.68,           0,             0
    376,        19,        17,           185,       180,       190,        0.66,      0.64,        0.68,           0,             0
    379,         1,        18,             5,         0,        10,         0.7,      0.68,        0.72,   0.0128165,   0.000433842
    380,         2,        18,            15,        10,        20,         0.7,      0.68,        0.72,   0.0580835,   0.000878386
    381,         3,        18,            25,        20,        30,         0.7,      0.68,        0.72,   0.0773408,    0.00102202
    382,         4,        18,            35,        30,        40,         0.7,      0.68,        0.72,    0.150948,    0.00180614
    383,         5,        18,            45,        40,        50,         0.7,      0.68,        0.72,    0.259947,     0.0035869
    384,         6,        18,            55,        50,        60,         0.7,      0.68,        0.72,    0.468328,    0.00824096
    385,         7,        18,            65,        60,        70,         0.7,      0.68,        0.72,    0.113889,    0.00529072
    386,         8,        18,            75,        70,        80,         0.7,      0.68,        0.72,           0,             0
    387,         9,        18,            85,        80,        90,         0.7,      0.68,        0.72,           0,             0
    388,        10,        18,            95,        90,       100,         0.7,      0.68,        0.72,           0,             0
    389,        11,        18,           105,       100,       110,         0.7,      0.68,        0.72,           0,             0
    390,        12,        18,           115,       110,       120,         0.7,      0.68,        0.72,           0,             0
    391,        13,        18,           125,       120,       130,         0.7,      0.68,        0.72,           0,             0
    392,        14,        18,           135,       130,       140,         0.7,      0.68,        0.72,           0,             0
    393,        15,        18,           145,       140,       150,         0.7,      0.68,        0.72,           0,             0
    394,        16,        18,           155,       150,       160,         0.7,      0.68,        0.72,           0,             0
    395,        17,        18,           165,       160,       170,         0.7,      0.68,        0.72,           0,             0
    396,        18,        18,           175,       170,       180,         0.7,      0.68,        0.72,           0,             0
    397,        19,        18,           185,       180,       190,         0.7,      0.68,        0.72,           0,             0
    400,         1,        19,             5,         0,        10,        0.74,      0.72,        0.76,  0.00711114,   0.000270582
    401,         2,        19,            15,        10,        20,        0.74,      0.72,        0.76,   0.0269482,   0.000502753
    402,         3,        19,            25,        20,        30,        0.74,      0.72,        0.76,   0.0386134,   0.000599905
    403,         4,        19,            35,        30,        40,        0.74,      0.72,        0.76,   0.0759647,    0.00105444
    404,         5,        19,            45,        40,        50,        0.74,      0.72,        0.76,    0.131864,    0.00212743
    405,         6,        19,            55,        50,        60,        0.74,      0.72,        0.76,    0.246775,    0.00520447
    406,         7,        19,            65,        60,        70,        0.74,      0.72,        0.76,   0.0281047,    0.00219412
    407,         8,        19,            75,        70,        80,        0.74,      0.72,        0.76,           0,             0
    408,         9,        19,            85,        80,        90,        0.74,      0.72,        0.76,           0,             0
    409,        10,        19,            95,        90,       100,        0.74,      0.72,        0.76,           0,             0
    410,        11,        19,           105,       100,       110,        0.74,      0.72,        0.76,           0,             0
    411,        12,        19,           115,       110,       120,        0.74,      0.72,        0.76,           0,             0
    412,        13,        19,           125,       120,       130,        0.74,      0.72,        0.76,           0,             0
    413,        14,        19,           135,       130,       140,        0.74,      0.72,        0.76,           0,             0
    414,        15,        19,           145,       140,       150,        0.74,      0.72,        0.76,           0,             0
    415,        16,        19,           155,       150,       160,        0.74,      0.72,        0.76,           0,             0
    416,        17,        19,           165,       160,       170,        0.74,      0.72,        0.76,           0,             0
    417,        18,        19,           175,       170,       180,        0.74,      0.72,        0.76,           0,             0
    418,        19,        19,           185,       180,       190,        0.74,      0.72,        0.76,           0,             0
    421,         1,        20,             5,         0,        10,        0.78,      0.76,         0.8,  0.00166531,   0.000111544
    422,         2,        20,            15,        10,        20,        0.78,      0.76,         0.8,  0.00917336,   0.000244821
    423,         3,        20,            25,        20,        30,        0.78,      0.76,         0.8,   0.0171531,     0.0003311
    424,         4,        20,            35,        30,        40,        0.78,      0.76,         0.8,   0.0342827,   0.000583193
    425,         5,        20,            45,        40,        50,        0.78,      0.76,         0.8,    0.062099,    0.00119918
    426,         6,        20,            55,        50,        60,        0.78,      0.76,         0.8,    0.115035,    0.00304371
    427,         7,        20,            65,        60,        70,        0.78,      0.76,         0.8,  0.00563432,    0.00080313
    428,         8,        20,            75,        70,        80,        0.78,      0.76,         0.8,           0,             0
    429,         9,        20,            85,        80,        90,        0.78,      0.76,         0.8,           0,             0
    430,        10,        20,            95,        90,       100,        0.78,      0.76,         0.8,           0,             0
    431,        11,        20,           105,       100,       110,        0.78,      0.76,         0.8,           0,             0
    432,        12,        20,           115,       110,       120,        0.78,      0.76,         0.8,           0,             0
    433,        13,        20,           125,       120,       130,        0.78,      0.76,         0.8,           0,             0
    434,        14,        20,           135,       130,       140,        0.78,      0.76,         0.8,           0,             0
    435,        15,        20,           145,       140,       150,        0.78,      0.76,         0.8,           0,             0
    436,        16,        20,           155,       150,       160,        0.78,      0.76,         0.8,           0,             0
    437,        17,        20,           165,       160,       170,        0.78,      0.76,         0.8,           0,             0
    438,        18,        20,           175,       170,       180,        0.78,      0.76,         0.8,           0,             0
    439,        19,        20,           185,       180,       190,        0.78,      0.76,         0.8,           0,             0
    442,         1,        21,             5,         0,        10,        0.82,       0.8,        0.84, 5.28506e-05,   1.68028e-05
    443,         2,        21,            15,        10,        20,        0.82,       0.8,        0.84,  0.00151515,   8.19991e-05
    444,         3,        21,            25,        20,        30,        0.82,       0.8,        0.84,  0.00711784,   0.000177612
    445,         4,        21,            35,        30,        40,        0.82,       0.8,        0.84,    0.012664,   0.000290074
    446,         5,        21,            45,        40,        50,        0.82,       0.8,        0.84,    0.023963,   0.000614589
    447,         6,        21,            55,        50,        60,        0.82,       0.8,        0.84,   0.0443463,    0.00158199
    448,         7,        21,            65,        60,        70,        0.82,       0.8,        0.84, 0.000469577,   0.000193435
    449,         8,        21,            75,        70,        80,        0.82,       0.8,        0.84,           0,             0
    450,         9,        21,            85,        80,        90,        0.82,       0.8,        0.84,           0,             0
    451,        10,        21,            95,        90,       100,        0.82,       0.8,        0.84,           0,             0
    452,        11,        21,           105,       100,       110,        0.82,       0.8,        0.84,           0,             0
    453,        12,        21,           115,       110,       120,        0.82,       0.8,        0.84,           0,             0
    454,        13,        21,           125,       120,       130,        0.82,       0.8,        0.84,           0,             0
    455,        14,        21,           135,       130,       140,        0.82,       0.8,        0.84,           0,             0
    456,        15,        21,           145,       140,       150,        0.82,       0.8,        0.84,           0,             0
    457,        16,        21,           155,       150,       160,        0.82,       0.8,        0.84,           0,             0
    458,        17,        21,           165,       160,       170,        0.82,       0.8,        0.84,           0,             0
    459,        18,        21,           175,       170,       180,        0.82,       0.8,        0.84,           0,             0
    460,        19,        21,           185,       180,       190,        0.82,       0.8,        0.84,           0,             0
    463,         1,        22,             5,         0,        10,        0.86,      0.84,        0.88,           0,             0
    464,         2,        22,            15,        10,        20,        0.86,      0.84,        0.88, 0.000105226,   1.79444e-05
    465,         3,        22,            25,        20,        30,        0.86,      0.84,        0.88,  0.00225218,   8.51856e-05
    466,         4,        22,            35,        30,        40,        0.86,      0.84,        0.88,  0.00378329,   0.000128948
    467,         5,        22,            45,        40,        50,        0.86,      0.84,        0.88,  0.00777478,   0.000286364
    468,         6,        22,            55,        50,        60,        0.86,      0.84,        0.88,   0.0115745,   0.000686662
    469,         7,        22,            65,        60,        70,        0.86,      0.84,        0.88,           0,             0
    470,         8,        22,            75,        70,        80,        0.86,      0.84,        0.88,           0,             0
    471,         9,        22,            85,        80,        90,        0.86,      0.84,        0.88,           0,             0
    472,        10,        22,            95,        90,       100,        0.86,      0.84,        0.88,           0,             0
    473,        11,        22,           105,       100,       110,        0.86,      0.84,        0.88,           0,             0
    474,        12,        22,           115,       110,       120,        0.86,      0.84,        0.88,           0,             0
    475,        13,        22,           125,       120,       130,        0.86,      0.84,        0.88,           0,             0
    476,        14,        22,           135,       130,       140,        0.86,      0.84,        0.88,           0,             0
    477,        15,        22,           145,       140,       150,        0.86,      0.84,        0.88,           0,             0
    478,        16,        22,           155,       150,       160,        0.86,      0.84,        0.88,           0,             0
    479,        17,        22,           165,       160,       170,        0.86,      0.84,        0.88,           0,             0
    480,        18,        22,           175,       170,       180,        0.86,      0.84,        0.88,           0,             0
    481,        19,        22,           185,       180,       190,        0.86,      0.84,        0.88,           0,             0
    484,         1,        23,             5,         0,        10,         0.9,      0.88,        0.92,           0,             0
    485,         2,        23,            15,        10,        20,         0.9,      0.88,        0.92,           0,             0
    486,         3,        23,            25,        20,        30,         0.9,      0.88,        0.92, 0.000524084,   3.54554e-05
    487,         4,        23,            35,        30,        40,         0.9,      0.88,        0.92, 0.000661531,   4.37512e-05
    488,         5,        23,            45,        40,        50,         0.9,      0.88,        0.92,  0.00178937,   0.000110017
    489,         6,        23,            55,        50,        60,         0.9,      0.88,        0.92,  0.00200703,   0.000227719
    490,         7,        23,            65,        60,        70,         0.9,      0.88,        0.92,           0,             0
    491,         8,        23,            75,        70,        80,         0.9,      0.88,        0.92,           0,             0
    492,         9,        23,            85,        80,        90,         0.9,      0.88,        0.92,           0,             0
    493,        10,        23,            95,        90,       100,         0.9,      0.88,        0.92,           0,             0
    494,        11,        23,           105,       100,       110,         0.9,      0.88,        0.92,           0,             0
    495,        12,        23,           115,       110,       120,         0.9,      0.88,        0.92,           0,             0
    496,        13,        23,           125,       120,       130,         0.9,      0.88,        0.92,           0,             0
    497,        14,        23,           135,       130,       140,         0.9,      0.88,        0.92,           0,             0
    498,        15,        23,           145,       140,       150,         0.9,      0.88,        0.92,           0,             0
    499,        16,        23,           155,       150,       160,         0.9,      0.88,        0.92,           0,             0
    500,        17,        23,           165,       160,       170,         0.9,      0.88,        0.92,           0,             0
    501,        18,        23,           175,       170,       180,         0.9,      0.88,        0.92,           0,             0
    502,        19,        23,           185,       180,       190,         0.9,      0.88,        0.92,           0,             0
    505,         1,        24,             5,         0,        10,        0.94,      0.92,        0.96,           0,             0
    506,         2,        24,            15,        10,        20,        0.94,      0.92,        0.96,           0,             0
    507,         3,        24,            25,        20,        30,        0.94,      0.92,        0.96, 5.49065e-05,   1.00965e-05
    508,         4,        24,            35,        30,        40,        0.94,      0.92,        0.96, 4.00851e-05,   8.79507e-06
    509,         5,        24,            45,        40,        50,        0.94,      0.92,        0.96,  0.00018493,   2.82697e-05
    510,         6,        24,            55,        50,        60,        0.94,      0.92,        0.96, 0.000172332,   5.54631e-05
    511,         7,        24,            65,        60,        70,        0.94,      0.92,        0.96,           0,             0
    512,         8,        24,            75,        70,        80,        0.94,      0.92,        0.96,           0,             0
    513,         9,        24,            85,        80,        90,        0.94,      0.92,        0.96,           0,             0
    514,        10,        24,            95,        90,       100,        0.94,      0.92,        0.96,           0,             0
    515,        11,        24,           105,       100,       110,        0.94,      0.92,        0.96,           0,             0
    516,        12,        24,           115,       110,       120,        0.94,      0.92,        0.96,           0,             0
    517,        13,        24,           125,       120,       130,        0.94,      0.92,        0.96,           0,             0
    518,        14,        24,           135,       130,       140,        0.94,      0.92,        0.96,           0,             0
    519,        15,        24,           145,       140,       150,        0.94,      0.92,        0.96,           0,             0
    520,        16,        24,           155,       150,       160,        0.94,      0.92,        0.96,           0,             0
    521,        17,        24,           165,       160,       170,        0.94,      0.92,        0.96,           0,             0
    522,        18,        24,           175,       170,       180,        0.94,      0.92,        0.96,           0,             0
    523,        19,        24,           185,       180,       190,        0.94,      0.92,        0.96,           0,             0
    526,         1,        25,             5,         0,        10,        0.98,      0.96,           1,           0,             0
    527,         2,        25,            15,        10,        20,        0.98,      0.96,           1,           0,             0
    528,         3,        25,            25,        20,        30,        0.98,      0.96,           1, 1.23676e-06,   1.23676e-06
    529,         4,        25,            35,        30,        40,        0.98,      0.96,           1,           0,             0
    530,         5,        25,            45,        40,        50,        0.98,      0.96,           1, 4.71667e-06,   3.40994e-06
    531,         6,        25,            55,        50,        60,        0.98,      0.96,           1,           0,             0
    532,         7,        25,            65,        60,        70,        0.98,      0.96,           1,           0,             0
    533,         8,        25,            75,        70,        80,        0.98,      0.96,           1,           0,             0
    534,         9,        25,            85,        80,        90,        0.98,      0.96,           1,           0,             0
    535,        10,        25,            95,        90,       100,        0.98,      0.96,           1,           0,             0
    536,        11,        25,           105,       100,       110,        0.98,      0.96,           1,           0,             0
    537,        12,        25,           115,       110,       120,        0.98,      0.96,           1,           0,             0
    538,        13,        25,           125,       120,       130,        0.98,      0.96,           1,           0,             0
    539,        14,        25,           135,       130,       140,        0.98,      0.96,           1,           0,             0
    540,        15,        25,           145,       140,       150,        0.98,      0.96,           1,           0,             0
    541,        16,        25,           155,       150,       160,        0.98,      0.96,           1,           0,             0
    542,        17,        25,           165,       160,       170,        0.98,      0.96,           1,           0,             0
    543,        18,        25,           175,       170,       180,        0.98,      0.96,           1,           0,             0
    544,        19,        25,           185,       180,       190,        0.98,      0.96,           1,           0,             0
    547,         1,        26,             5,         0,        10,        1.02,         1,        1.04,           0,             0
    548,         2,        26,            15,        10,        20,        1.02,         1,        1.04,           0,             0
    549,         3,        26,            25,        20,        30,        1.02,         1,        1.04,           0,             0
    550,         4,        26,            35,        30,        40,        1.02,         1,        1.04,           0,             0
    551,         5,        26,            45,        40,        50,        1.02,         1,        1.04,           0,             0
    552,         6,        26,            55,        50,        60,        1.02,         1,        1.04,           0,             0
    553,         7,        26,            65,        60,        70,        1.02,         1,        1.04,           0,             0
    554,         8,        26,            75,        70,        80,        1.02,         1,        1.04,           0,             0
    555,         9,        26,            85,        80,        90,        1.02,         1,        1.04,           0,             0
    556,        10,        26,            95,        90,       100,        1.02,         1,        1.04,           0,             0
    557,        11,        26,           105,       100,       110,        1.02,         1,        1.04,           0,             0
    558,        12,        26,           115,       110,       120,        1.02,         1,        1.04,           0,             0
    559,        13,        26,           125,       120,       130,        1.02,         1,        1.04,           0,             0
    560,        14,        26,           135,       130,       140,        1.02,         1,        1.04,           0,             0
    561,        15,        26,           145,       140,       150,        1.02,         1,        1.04,           0,             0
    562,        16,        26,           155,       150,       160,        1.02,         1,        1.04,           0,             0
    563,        17,        26,           165,       160,       170,        1.02,         1,        1.04,           0,             0
    564,        18,        26,           175,       170,       180,        1.02,         1,        1.04,           0,             0
    565,        19,        26,           185,       180,       190,        1.02,         1,        1.04,           0,             0
    568,         1,        27,             5,         0,        10,        1.06,      1.04,        1.08,           0,             0
    569,         2,        27,            15,        10,        20,        1.06,      1.04,        1.08,           0,             0
    570,         3,        27,            25,        20,        30,        1.06,      1.04,        1.08,           0,             0
    571,         4,        27,            35,        30,        40,        1.06,      1.04,        1.08,           0,             0
    572,         5,        27,            45,        40,        50,        1.06,      1.04,        1.08,           0,             0
    573,         6,        27,            55,        50,        60,        1.06,      1.04,        1.08,           0,             0
    574,         7,        27,            65,        60,        70,        1.06,      1.04,        1.08,           0,             0
    575,         8,        27,            75,        70,        80,        1.06,      1.04,        1.08,           0,             0
    576,         9,        27,            85,        80,        90,        1.06,      1.04,        1.08,           0,             0
    577,        10,        27,            95,        90,       100,        1.06,      1.04,        1.08,           0,             0
    578,        11,        27,           105,       100,       110,        1.06,      1.04,        1.08,           0,             0
    579,        12,        27,           115,       110,       120,        1.06,      1.04,        1.08,           0,             0
    580,        13,        27,           125,       120,       130,        1.06,      1.04,        1.08,           0,             0
    581,        14,        27,           135,       130,       140,        1.06,      1.04,        1.08,           0,             0
    582,        15,        27,           145,       140,       150,        1.06,      1.04,        1.08,           0,             0
    583,        16,        27,           155,       150,       160,        1.06,      1.04,        1.08,           0,             0
    584,        17,        27,           165,       160,       170,        1.06,      1.04,        1.08,           0,             0
    585,        18,        27,           175,       170,       180,        1.06,      1.04,        1.08,           0,             0
    586,        19,        27,           185,       180,       190,        1.06,      1.04,        1.08,           0,             0
    589,         1,        28,             5,         0,        10,         1.1,      1.08,        1.12,           0,             0
    590,         2,        28,            15,        10,        20,         1.1,      1.08,        1.12,           0,             0
    591,         3,        28,            25,        20,        30,         1.1,      1.08,        1.12,           0,             0
    592,         4,        28,            35,        30,        40,         1.1,      1.08,        1.12,           0,             0
    593,         5,        28,            45,        40,        50,         1.1,      1.08,        1.12,           0,             0
    594,         6,        28,            55,        50,        60,         1.1,      1.08,        1.12,           0,             0
    595,         7,        28,            65,        60,        70,         1.1,      1.08,        1.12,           0,             0
    596,         8,        28,            75,        70,        80,         1.1,      1.08,        1.12,           0,             0
    597,         9,        28,            85,        80,        90,         1.1,      1.08,        1.12,           0,             0
    598,        10,        28,            95,        90,       100,         1.1,      1.08,        1.12,           0,             0
    599,        11,        28,           105,       100,       110,         1.1,      1.08,        1.12,           0,             0
    600,        12,        28,           115,       110,       120,         1.1,      1.08,        1.12,           0,             0
    601,        13,        28,           125,       120,       130,         1.1,      1.08,        1.12,           0,             0
    602,        14,        28,           135,       130,       140,         1.1,      1.08,        1.12,           0,             0
    603,        15,        28,           145,       140,       150,         1.1,      1.08,        1.12,           0,             0
    604,        16,        28,           155,       150,       160,         1.1,      1.08,        1.12,           0,             0
    605,        17,        28,           165,       160,       170,         1.1,      1.08,        1.12,           0,             0
    606,        18,        28,           175,       170,       180,         1.1,      1.08,        1.12,           0,             0
    607,        19,        28,           185,       180,       190,         1.1,      1.08,        1.12,           0,             0
    610,         1,        29,             5,         0,        10,        1.14,      1.12,        1.16,           0,             0
    611,         2,        29,            15,        10,        20,        1.14,      1.12,        1.16,           0,             0
    612,         3,        29,            25,        20,        30,        1.14,      1.12,        1.16,           0,             0
    613,         4,        29,            35,        30,        40,        1.14,      1.12,        1.16,           0,             0
    614,         5,        29,            45,        40,        50,        1.14,      1.12,        1.16,           0,             0
    615,         6,        29,            55,        50,        60,        1.14,      1.12,        1.16,           0,             0
    616,         7,        29,            65,        60,        70,        1.14,      1.12,        1.16,           0,             0
    617,         8,        29,            75,        70,        80,        1.14,      1.12,        1.16,           0,             0
    618,         9,        29,            85,        80,        90,        1.14,      1.12,        1.16,           0,             0
    619,        10,        29,            95,        90,       100,        1.14,      1.12,        1.16,           0,             0
    620,        11,        29,           105,       100,       110,        1.14,      1.12,        1.16,           0,             0
    621,        12,        29,           115,       110,       120,        1.14,      1.12,        1.16,           0,             0
    622,        13,        29,           125,       120,       130,        1.14,      1.12,        1.16,           0,             0
    623,        14,        29,           135,       130,       140,        1.14,      1.12,        1.16,           0,             0
    624,        15,        29,           145,       140,       150,        1.14,      1.12,        1.16,           0,             0
    625,        16,        29,           155,       150,       160,        1.14,      1.12,        1.16,           0,             0
    626,        17,        29,           165,       160,       170,        1.14,      1.12,        1.16,           0,             0
    627,        18,        29,           175,       170,       180,        1.14,      1.12,        1.16,           0,             0
    628,        19,        29,           185,       180,       190,        1.14,      1.12,        1.16,           0,             0
    631,         1,        30,             5,         0,        10,        1.18,      1.16,         1.2,           0,             0
    632,         2,        30,            15,        10,        20,        1.18,      1.16,         1.2,           0,             0
    633,         3,        30,            25,        20,        30,        1.18,      1.16,         1.2,           0,             0
    634,         4,        30,            35,        30,        40,        1.18,      1.16,         1.2,           0,             0
    635,         5,        30,            45,        40,        50,        1.18,      1.16,         1.2,           0,             0
    636,         6,        30,            55,        50,        60,        1.18,      1.16,         1.2,           0,             0
    637,         7,        30,            65,        60,        70,        1.18,      1.16,         1.2,           0,             0
    638,         8,        30,            75,        70,        80,        1.18,      1.16,         1.2,           0,             0
    639,         9,        30,            85,        80,        90,        1.18,      1.16,         1.2,           0,             0
    640,        10,        30,            95,        90,       100,        1.18,      1.16,         1.2,           0,             0
    641,        11,        30,           105,       100,       110,        1.18,      1.16,         1.2,           0,             0
    642,        12,        30,           115,       110,       120,        1.18,      1.16,         1.2,           0,             0
    643,        13,        30,           125,       120,       130,        1.18,      1.16,         1.2,           0,             0
    644,        14,        30,           135,       130,       140,        1.18,      1.16,         1.2,           0,             0
    645,        15,        30,           145,       140,       150,        1.18,      1.16,         1.2,           0,             0
    646,        16,        30,           155,       150,       160,        1.18,      1.16,         1.2,           0,             0
    647,        17,        30,           165,       160,       170,        1.18,      1.16,         1.2,           0,             0
    648,        18,        30,           175,       170,       180,        1.18,      1.16,         1.2,           0,             0
    649,        19,        30,           185,       180,       190,        1.18,      1.16,         1.2,           0,             0
