# 2D Histogram Bin Extraction 
#                   
# histogram parameters:  
# title      : Pm vs. $\theta_{rq}$ (yield) 
# ybins      : 60 
# ylabel     :  missing momentum, P_{m} [GeV/c] 
# xbins      : 10 
# xlabel     :  in-plane angle, $\theta_{rq}$ [deg] 
# ybin_width : 0.020 
# xbin_width : 20.000 
#                   
# header definitions:
# ib:         (x,y)  bin number 
# xb:         x-axis bin number 
# yb:         y-axis bin number 
# x0:         x-axis central bin value 
# xlow:       x-axis low-edge bin value 
# xup:        x-axis up-edge bin value 
# y0:         y-axis central bin value 
# ylow:       y-axis low-edge bin value 
# yup:        y-axis up-edge bin value 
# zcont:      bin content (z-axis) 
# zcont_err:  bin content error (z-axis) 
#                                        
ib,xb,yb,x0,xlow,xup,y0,ylow,yup,zcont,zcont_err
     13,         1,         1,            10,         0,        20,        0.01,         0,        0.02,           0,             0
     14,         2,         1,            30,        20,        40,        0.01,         0,        0.02,           0,             0
     15,         3,         1,            50,        40,        60,        0.01,         0,        0.02,           0,             0
     16,         4,         1,            70,        60,        80,        0.01,         0,        0.02,           0,             0
     17,         5,         1,            90,        80,       100,        0.01,         0,        0.02,           0,             0
     18,         6,         1,           110,       100,       120,        0.01,         0,        0.02,           0,             0
     19,         7,         1,           130,       120,       140,        0.01,         0,        0.02,           0,             0
     20,         8,         1,           150,       140,       160,        0.01,         0,        0.02,           0,             0
     21,         9,         1,           170,       160,       180,        0.01,         0,        0.02,           0,             0
     22,        10,         1,           190,       180,       200,        0.01,         0,        0.02,           0,             0
     25,         1,         2,            10,         0,        20,        0.03,      0.02,        0.04,           0,             0
     26,         2,         2,            30,        20,        40,        0.03,      0.02,        0.04,           0,             0
     27,         3,         2,            50,        40,        60,        0.03,      0.02,        0.04,           0,             0
     28,         4,         2,            70,        60,        80,        0.03,      0.02,        0.04,           0,             0
     29,         5,         2,            90,        80,       100,        0.03,      0.02,        0.04,           0,             0
     30,         6,         2,           110,       100,       120,        0.03,      0.02,        0.04,           0,             0
     31,         7,         2,           130,       120,       140,        0.03,      0.02,        0.04,           0,             0
     32,         8,         2,           150,       140,       160,        0.03,      0.02,        0.04,           0,             0
     33,         9,         2,           170,       160,       180,        0.03,      0.02,        0.04,           0,             0
     34,        10,         2,           190,       180,       200,        0.03,      0.02,        0.04,           0,             0
     37,         1,         3,            10,         0,        20,        0.05,      0.04,        0.06,           0,             0
     38,         2,         3,            30,        20,        40,        0.05,      0.04,        0.06,           0,             0
     39,         3,         3,            50,        40,        60,        0.05,      0.04,        0.06,           0,             0
     40,         4,         3,            70,        60,        80,        0.05,      0.04,        0.06,           0,             0
     41,         5,         3,            90,        80,       100,        0.05,      0.04,        0.06,           0,             0
     42,         6,         3,           110,       100,       120,        0.05,      0.04,        0.06,           0,             0
     43,         7,         3,           130,       120,       140,        0.05,      0.04,        0.06,           0,             0
     44,         8,         3,           150,       140,       160,        0.05,      0.04,        0.06,           0,             0
     45,         9,         3,           170,       160,       180,        0.05,      0.04,        0.06,           0,             0
     46,        10,         3,           190,       180,       200,        0.05,      0.04,        0.06,           0,             0
     49,         1,         4,            10,         0,        20,        0.07,      0.06,        0.08,           0,             0
     50,         2,         4,            30,        20,        40,        0.07,      0.06,        0.08,           0,             0
     51,         3,         4,            50,        40,        60,        0.07,      0.06,        0.08,           0,             0
     52,         4,         4,            70,        60,        80,        0.07,      0.06,        0.08,           0,             0
     53,         5,         4,            90,        80,       100,        0.07,      0.06,        0.08,           0,             0
     54,         6,         4,           110,       100,       120,        0.07,      0.06,        0.08,           0,             0
     55,         7,         4,           130,       120,       140,        0.07,      0.06,        0.08,           0,             0
     56,         8,         4,           150,       140,       160,        0.07,      0.06,        0.08,           0,             0
     57,         9,         4,           170,       160,       180,        0.07,      0.06,        0.08,           0,             0
     58,        10,         4,           190,       180,       200,        0.07,      0.06,        0.08,           0,             0
     61,         1,         5,            10,         0,        20,        0.09,      0.08,         0.1,           0,             0
     62,         2,         5,            30,        20,        40,        0.09,      0.08,         0.1,           0,             0
     63,         3,         5,            50,        40,        60,        0.09,      0.08,         0.1,           0,             0
     64,         4,         5,            70,        60,        80,        0.09,      0.08,         0.1,           0,             0
     65,         5,         5,            90,        80,       100,        0.09,      0.08,         0.1,           0,             0
     66,         6,         5,           110,       100,       120,        0.09,      0.08,         0.1,           0,             0
     67,         7,         5,           130,       120,       140,        0.09,      0.08,         0.1,           0,             0
     68,         8,         5,           150,       140,       160,        0.09,      0.08,         0.1,           0,             0
     69,         9,         5,           170,       160,       180,        0.09,      0.08,         0.1,           0,             0
     70,        10,         5,           190,       180,       200,        0.09,      0.08,         0.1,           0,             0
     73,         1,         6,            10,         0,        20,        0.11,       0.1,        0.12,           0,             0
     74,         2,         6,            30,        20,        40,        0.11,       0.1,        0.12,           0,             0
     75,         3,         6,            50,        40,        60,        0.11,       0.1,        0.12,           0,             0
     76,         4,         6,            70,        60,        80,        0.11,       0.1,        0.12,           0,             0
     77,         5,         6,            90,        80,       100,        0.11,       0.1,        0.12,           0,             0
     78,         6,         6,           110,       100,       120,        0.11,       0.1,        0.12,           0,             0
     79,         7,         6,           130,       120,       140,        0.11,       0.1,        0.12,           0,             0
     80,         8,         6,           150,       140,       160,        0.11,       0.1,        0.12,           0,             0
     81,         9,         6,           170,       160,       180,        0.11,       0.1,        0.12,           0,             0
     82,        10,         6,           190,       180,       200,        0.11,       0.1,        0.12,           0,             0
     85,         1,         7,            10,         0,        20,        0.13,      0.12,        0.14,           0,             0
     86,         2,         7,            30,        20,        40,        0.13,      0.12,        0.14,           0,             0
     87,         3,         7,            50,        40,        60,        0.13,      0.12,        0.14,           0,             0
     88,         4,         7,            70,        60,        80,        0.13,      0.12,        0.14,           0,             0
     89,         5,         7,            90,        80,       100,        0.13,      0.12,        0.14,           0,             0
     90,         6,         7,           110,       100,       120,        0.13,      0.12,        0.14,           0,             0
     91,         7,         7,           130,       120,       140,        0.13,      0.12,        0.14,           0,             0
     92,         8,         7,           150,       140,       160,        0.13,      0.12,        0.14,           0,             0
     93,         9,         7,           170,       160,       180,        0.13,      0.12,        0.14,           0,             0
     94,        10,         7,           190,       180,       200,        0.13,      0.12,        0.14,           0,             0
     97,         1,         8,            10,         0,        20,        0.15,      0.14,        0.16,           0,             0
     98,         2,         8,            30,        20,        40,        0.15,      0.14,        0.16,           0,             0
     99,         3,         8,            50,        40,        60,        0.15,      0.14,        0.16,           0,             0
    100,         4,         8,            70,        60,        80,        0.15,      0.14,        0.16,           0,             0
    101,         5,         8,            90,        80,       100,        0.15,      0.14,        0.16,           0,             0
    102,         6,         8,           110,       100,       120,        0.15,      0.14,        0.16,           0,             0
    103,         7,         8,           130,       120,       140,        0.15,      0.14,        0.16,           0,             0
    104,         8,         8,           150,       140,       160,        0.15,      0.14,        0.16,           0,             0
    105,         9,         8,           170,       160,       180,        0.15,      0.14,        0.16,           0,             0
    106,        10,         8,           190,       180,       200,        0.15,      0.14,        0.16,           0,             0
    109,         1,         9,            10,         0,        20,        0.17,      0.16,        0.18,           0,             0
    110,         2,         9,            30,        20,        40,        0.17,      0.16,        0.18,    0.298946,      0.298946
    111,         3,         9,            50,        40,        60,        0.17,      0.16,        0.18,           0,             0
    112,         4,         9,            70,        60,        80,        0.17,      0.16,        0.18,           0,             0
    113,         5,         9,            90,        80,       100,        0.17,      0.16,        0.18,           0,             0
    114,         6,         9,           110,       100,       120,        0.17,      0.16,        0.18,           0,             0
    115,         7,         9,           130,       120,       140,        0.17,      0.16,        0.18,           0,             0
    116,         8,         9,           150,       140,       160,        0.17,      0.16,        0.18,           0,             0
    117,         9,         9,           170,       160,       180,        0.17,      0.16,        0.18,           0,             0
    118,        10,         9,           190,       180,       200,        0.17,      0.16,        0.18,           0,             0
    121,         1,        10,            10,         0,        20,        0.19,      0.18,         0.2,           0,             0
    122,         2,        10,            30,        20,        40,        0.19,      0.18,         0.2,     2.82258,      0.688799
    123,         3,        10,            50,        40,        60,        0.19,      0.18,         0.2,     6.80658,       1.14087
    124,         4,        10,            70,        60,        80,        0.19,      0.18,         0.2,           0,             0
    125,         5,        10,            90,        80,       100,        0.19,      0.18,         0.2,           0,             0
    126,         6,        10,           110,       100,       120,        0.19,      0.18,         0.2,           0,             0
    127,         7,        10,           130,       120,       140,        0.19,      0.18,         0.2,           0,             0
    128,         8,        10,           150,       140,       160,        0.19,      0.18,         0.2,           0,             0
    129,         9,        10,           170,       160,       180,        0.19,      0.18,         0.2,           0,             0
    130,        10,        10,           190,       180,       200,        0.19,      0.18,         0.2,           0,             0
    133,         1,        11,            10,         0,        20,        0.21,       0.2,        0.22,           0,             0
    134,         2,        11,            30,        20,        40,        0.21,       0.2,        0.22,     10.4125,       1.11437
    135,         3,        11,            50,        40,        60,        0.21,       0.2,        0.22,     48.0719,       2.50231
    136,         4,        11,            70,        60,        80,        0.21,       0.2,        0.22,           0,             0
    137,         5,        11,            90,        80,       100,        0.21,       0.2,        0.22,           0,             0
    138,         6,        11,           110,       100,       120,        0.21,       0.2,        0.22,           0,             0
    139,         7,        11,           130,       120,       140,        0.21,       0.2,        0.22,           0,             0
    140,         8,        11,           150,       140,       160,        0.21,       0.2,        0.22,           0,             0
    141,         9,        11,           170,       160,       180,        0.21,       0.2,        0.22,           0,             0
    142,        10,        11,           190,       180,       200,        0.21,       0.2,        0.22,           0,             0
    145,         1,        12,            10,         0,        20,        0.23,      0.22,        0.24,           0,             0
    146,         2,        12,            30,        20,        40,        0.23,      0.22,        0.24,      26.194,       1.35702
    147,         3,        12,            50,        40,        60,        0.23,      0.22,        0.24,     93.1279,       2.76223
    148,         4,        12,            70,        60,        80,        0.23,      0.22,        0.24,           0,             0
    149,         5,        12,            90,        80,       100,        0.23,      0.22,        0.24,           0,             0
    150,         6,        12,           110,       100,       120,        0.23,      0.22,        0.24,           0,             0
    151,         7,        12,           130,       120,       140,        0.23,      0.22,        0.24,           0,             0
    152,         8,        12,           150,       140,       160,        0.23,      0.22,        0.24,           0,             0
    153,         9,        12,           170,       160,       180,        0.23,      0.22,        0.24,           0,             0
    154,        10,        12,           190,       180,       200,        0.23,      0.22,        0.24,           0,             0
    157,         1,        13,            10,         0,        20,        0.25,      0.24,        0.26,           0,             0
    158,         2,        13,            30,        20,        40,        0.25,      0.24,        0.26,     45.2633,       1.42626
    159,         3,        13,            50,        40,        60,        0.25,      0.24,        0.26,     118.408,       2.51664
    160,         4,        13,            70,        60,        80,        0.25,      0.24,        0.26,           0,             0
    161,         5,        13,            90,        80,       100,        0.25,      0.24,        0.26,           0,             0
    162,         6,        13,           110,       100,       120,        0.25,      0.24,        0.26,           0,             0
    163,         7,        13,           130,       120,       140,        0.25,      0.24,        0.26,           0,             0
    164,         8,        13,           150,       140,       160,        0.25,      0.24,        0.26,           0,             0
    165,         9,        13,           170,       160,       180,        0.25,      0.24,        0.26,           0,             0
    166,        10,        13,           190,       180,       200,        0.25,      0.24,        0.26,           0,             0
    169,         1,        14,            10,         0,        20,        0.27,      0.26,        0.28,           0,             0
    170,         2,        14,            30,        20,        40,        0.27,      0.26,        0.28,     63.6597,        1.3794
    171,         3,        14,            50,        40,        60,        0.27,      0.26,        0.28,     101.853,        1.8949
    172,         4,        14,            70,        60,        80,        0.27,      0.26,        0.28,           0,             0
    173,         5,        14,            90,        80,       100,        0.27,      0.26,        0.28,           0,             0
    174,         6,        14,           110,       100,       120,        0.27,      0.26,        0.28,           0,             0
    175,         7,        14,           130,       120,       140,        0.27,      0.26,        0.28,           0,             0
    176,         8,        14,           150,       140,       160,        0.27,      0.26,        0.28,           0,             0
    177,         9,        14,           170,       160,       180,        0.27,      0.26,        0.28,           0,             0
    178,        10,        14,           190,       180,       200,        0.27,      0.26,        0.28,           0,             0
    181,         1,        15,            10,         0,        20,        0.29,      0.28,         0.3,           0,             0
    182,         2,        15,            30,        20,        40,        0.29,      0.28,         0.3,     80.5272,       1.27876
    183,         3,        15,            50,        40,        60,        0.29,      0.28,         0.3,     80.4703,       1.39278
    184,         4,        15,            70,        60,        80,        0.29,      0.28,         0.3,           0,             0
    185,         5,        15,            90,        80,       100,        0.29,      0.28,         0.3,           0,             0
    186,         6,        15,           110,       100,       120,        0.29,      0.28,         0.3,           0,             0
    187,         7,        15,           130,       120,       140,        0.29,      0.28,         0.3,           0,             0
    188,         8,        15,           150,       140,       160,        0.29,      0.28,         0.3,           0,             0
    189,         9,        15,           170,       160,       180,        0.29,      0.28,         0.3,           0,             0
    190,        10,        15,           190,       180,       200,        0.29,      0.28,         0.3,           0,             0
    193,         1,        16,            10,         0,        20,        0.31,       0.3,        0.32,           0,             0
    194,         2,        16,            30,        20,        40,        0.31,       0.3,        0.32,     90.5343,       1.13421
    195,         3,        16,            50,        40,        60,        0.31,       0.3,        0.32,     58.3915,      0.994534
    196,         4,        16,            70,        60,        80,        0.31,       0.3,        0.32,           0,             0
    197,         5,        16,            90,        80,       100,        0.31,       0.3,        0.32,           0,             0
    198,         6,        16,           110,       100,       120,        0.31,       0.3,        0.32,           0,             0
    199,         7,        16,           130,       120,       140,        0.31,       0.3,        0.32,           0,             0
    200,         8,        16,           150,       140,       160,        0.31,       0.3,        0.32,           0,             0
    201,         9,        16,           170,       160,       180,        0.31,       0.3,        0.32,           0,             0
    202,        10,        16,           190,       180,       200,        0.31,       0.3,        0.32,           0,             0
    205,         1,        17,            10,         0,        20,        0.33,      0.32,        0.34,           0,             0
    206,         2,        17,            30,        20,        40,        0.33,      0.32,        0.34,     87.9033,      0.952734
    207,         3,        17,            50,        40,        60,        0.33,      0.32,        0.34,     40.4228,      0.709285
    208,         4,        17,            70,        60,        80,        0.33,      0.32,        0.34,           0,             0
    209,         5,        17,            90,        80,       100,        0.33,      0.32,        0.34,           0,             0
    210,         6,        17,           110,       100,       120,        0.33,      0.32,        0.34,           0,             0
    211,         7,        17,           130,       120,       140,        0.33,      0.32,        0.34,           0,             0
    212,         8,        17,           150,       140,       160,        0.33,      0.32,        0.34,           0,             0
    213,         9,        17,           170,       160,       180,        0.33,      0.32,        0.34,           0,             0
    214,        10,        17,           190,       180,       200,        0.33,      0.32,        0.34,           0,             0
    217,         1,        18,            10,         0,        20,        0.35,      0.34,        0.36,  0.00642366,    0.00642366
    218,         2,        18,            30,        20,        40,        0.35,      0.34,        0.36,     75.6816,      0.754823
    219,         3,        18,            50,        40,        60,        0.35,      0.34,        0.36,     29.2349,      0.530446
    220,         4,        18,            70,        60,        80,        0.35,      0.34,        0.36,           0,             0
    221,         5,        18,            90,        80,       100,        0.35,      0.34,        0.36,           0,             0
    222,         6,        18,           110,       100,       120,        0.35,      0.34,        0.36,           0,             0
    223,         7,        18,           130,       120,       140,        0.35,      0.34,        0.36,           0,             0
    224,         8,        18,           150,       140,       160,        0.35,      0.34,        0.36,           0,             0
    225,         9,        18,           170,       160,       180,        0.35,      0.34,        0.36,           0,             0
    226,        10,        18,           190,       180,       200,        0.35,      0.34,        0.36,           0,             0
    229,         1,        19,            10,         0,        20,        0.37,      0.36,        0.38,   0.0203226,    0.00853278
    230,         2,        19,            30,        20,        40,        0.37,      0.36,        0.38,      60.837,      0.583665
    231,         3,        19,            50,        40,        60,        0.37,      0.36,        0.38,     21.8842,      0.409229
    232,         4,        19,            70,        60,        80,        0.37,      0.36,        0.38,           0,             0
    233,         5,        19,            90,        80,       100,        0.37,      0.36,        0.38,           0,             0
    234,         6,        19,           110,       100,       120,        0.37,      0.36,        0.38,           0,             0
    235,         7,        19,           130,       120,       140,        0.37,      0.36,        0.38,           0,             0
    236,         8,        19,           150,       140,       160,        0.37,      0.36,        0.38,           0,             0
    237,         9,        19,           170,       160,       180,        0.37,      0.36,        0.38,           0,             0
    238,        10,        19,           190,       180,       200,        0.37,      0.36,        0.38,           0,             0
    241,         1,        20,            10,         0,        20,        0.39,      0.38,         0.4,   0.0978801,     0.0171869
    242,         2,        20,            30,        20,        40,        0.39,      0.38,         0.4,     47.7769,      0.445815
    243,         3,        20,            50,        40,        60,        0.39,      0.38,         0.4,     17.1849,      0.337174
    244,         4,        20,            70,        60,        80,        0.39,      0.38,         0.4,           0,             0
    245,         5,        20,            90,        80,       100,        0.39,      0.38,         0.4,           0,             0
    246,         6,        20,           110,       100,       120,        0.39,      0.38,         0.4,           0,             0
    247,         7,        20,           130,       120,       140,        0.39,      0.38,         0.4,           0,             0
    248,         8,        20,           150,       140,       160,        0.39,      0.38,         0.4,           0,             0
    249,         9,        20,           170,       160,       180,        0.39,      0.38,         0.4,           0,             0
    250,        10,        20,           190,       180,       200,        0.39,      0.38,         0.4,           0,             0
    253,         1,        21,            10,         0,        20,        0.41,       0.4,        0.42,    0.189475,     0.0216826
    254,         2,        21,            30,        20,        40,        0.41,       0.4,        0.42,     37.6236,      0.347684
    255,         3,        21,            50,        40,        60,        0.41,       0.4,        0.42,      13.054,      0.276839
    256,         4,        21,            70,        60,        80,        0.41,       0.4,        0.42,           0,             0
    257,         5,        21,            90,        80,       100,        0.41,       0.4,        0.42,           0,             0
    258,         6,        21,           110,       100,       120,        0.41,       0.4,        0.42,           0,             0
    259,         7,        21,           130,       120,       140,        0.41,       0.4,        0.42,           0,             0
    260,         8,        21,           150,       140,       160,        0.41,       0.4,        0.42,           0,             0
    261,         9,        21,           170,       160,       180,        0.41,       0.4,        0.42,           0,             0
    262,        10,        21,           190,       180,       200,        0.41,       0.4,        0.42,           0,             0
    265,         1,        22,            10,         0,        20,        0.43,      0.42,        0.44,     0.35148,     0.0259529
    266,         2,        22,            30,        20,        40,        0.43,      0.42,        0.44,     29.3422,      0.269232
    267,         3,        22,            50,        40,        60,        0.43,      0.42,        0.44,     10.1996,      0.236419
    268,         4,        22,            70,        60,        80,        0.43,      0.42,        0.44,           0,             0
    269,         5,        22,            90,        80,       100,        0.43,      0.42,        0.44,           0,             0
    270,         6,        22,           110,       100,       120,        0.43,      0.42,        0.44,           0,             0
    271,         7,        22,           130,       120,       140,        0.43,      0.42,        0.44,           0,             0
    272,         8,        22,           150,       140,       160,        0.43,      0.42,        0.44,           0,             0
    273,         9,        22,           170,       160,       180,        0.43,      0.42,        0.44,           0,             0
    274,        10,        22,           190,       180,       200,        0.43,      0.42,        0.44,           0,             0
    277,         1,        23,            10,         0,        20,        0.45,      0.44,        0.46,    0.699827,     0.0331684
    278,         2,        23,            30,        20,        40,        0.45,      0.44,        0.46,     22.8916,      0.211725
    279,         3,        23,            50,        40,        60,        0.45,      0.44,        0.46,     7.11636,      0.185121
    280,         4,        23,            70,        60,        80,        0.45,      0.44,        0.46,           0,             0
    281,         5,        23,            90,        80,       100,        0.45,      0.44,        0.46,           0,             0
    282,         6,        23,           110,       100,       120,        0.45,      0.44,        0.46,           0,             0
    283,         7,        23,           130,       120,       140,        0.45,      0.44,        0.46,           0,             0
    284,         8,        23,           150,       140,       160,        0.45,      0.44,        0.46,           0,             0
    285,         9,        23,           170,       160,       180,        0.45,      0.44,        0.46,           0,             0
    286,        10,        23,           190,       180,       200,        0.45,      0.44,        0.46,           0,             0
    289,         1,        24,            10,         0,        20,        0.47,      0.46,        0.48,     1.07249,       0.03773
    290,         2,        24,            30,        20,        40,        0.47,      0.46,        0.48,     17.4896,      0.165814
    291,         3,        24,            50,        40,        60,        0.47,      0.46,        0.48,     5.02234,      0.150595
    292,         4,        24,            70,        60,        80,        0.47,      0.46,        0.48,           0,             0
    293,         5,        24,            90,        80,       100,        0.47,      0.46,        0.48,           0,             0
    294,         6,        24,           110,       100,       120,        0.47,      0.46,        0.48,           0,             0
    295,         7,        24,           130,       120,       140,        0.47,      0.46,        0.48,           0,             0
    296,         8,        24,           150,       140,       160,        0.47,      0.46,        0.48,           0,             0
    297,         9,        24,           170,       160,       180,        0.47,      0.46,        0.48,           0,             0
    298,        10,        24,           190,       180,       200,        0.47,      0.46,        0.48,           0,             0
    301,         1,        25,            10,         0,        20,        0.49,      0.48,         0.5,     1.42874,     0.0392131
    302,         2,        25,            30,        20,        40,        0.49,      0.48,         0.5,     13.1685,      0.129657
    303,         3,        25,            50,        40,        60,        0.49,      0.48,         0.5,     3.30946,      0.118396
    304,         4,        25,            70,        60,        80,        0.49,      0.48,         0.5,           0,             0
    305,         5,        25,            90,        80,       100,        0.49,      0.48,         0.5,           0,             0
    306,         6,        25,           110,       100,       120,        0.49,      0.48,         0.5,           0,             0
    307,         7,        25,           130,       120,       140,        0.49,      0.48,         0.5,           0,             0
    308,         8,        25,           150,       140,       160,        0.49,      0.48,         0.5,           0,             0
    309,         9,        25,           170,       160,       180,        0.49,      0.48,         0.5,           0,             0
    310,        10,        25,           190,       180,       200,        0.49,      0.48,         0.5,           0,             0
    313,         1,        26,            10,         0,        20,        0.51,       0.5,        0.52,      1.8146,     0.0400092
    314,         2,        26,            30,        20,        40,        0.51,       0.5,        0.52,     9.85027,      0.102091
    315,         3,        26,            50,        40,        60,        0.51,       0.5,        0.52,     1.91184,     0.0864417
    316,         4,        26,            70,        60,        80,        0.51,       0.5,        0.52,           0,             0
    317,         5,        26,            90,        80,       100,        0.51,       0.5,        0.52,           0,             0
    318,         6,        26,           110,       100,       120,        0.51,       0.5,        0.52,           0,             0
    319,         7,        26,           130,       120,       140,        0.51,       0.5,        0.52,           0,             0
    320,         8,        26,           150,       140,       160,        0.51,       0.5,        0.52,           0,             0
    321,         9,        26,           170,       160,       180,        0.51,       0.5,        0.52,           0,             0
    322,        10,        26,           190,       180,       200,        0.51,       0.5,        0.52,           0,             0
    325,         1,        27,            10,         0,        20,        0.53,      0.52,        0.54,     2.06443,      0.039295
    326,         2,        27,            30,        20,        40,        0.53,      0.52,        0.54,     6.88708,     0.0775267
    327,         3,        27,            50,        40,        60,        0.53,      0.52,        0.54,     1.23637,     0.0697199
    328,         4,        27,            70,        60,        80,        0.53,      0.52,        0.54,           0,             0
    329,         5,        27,            90,        80,       100,        0.53,      0.52,        0.54,           0,             0
    330,         6,        27,           110,       100,       120,        0.53,      0.52,        0.54,           0,             0
    331,         7,        27,           130,       120,       140,        0.53,      0.52,        0.54,           0,             0
    332,         8,        27,           150,       140,       160,        0.53,      0.52,        0.54,           0,             0
    333,         9,        27,           170,       160,       180,        0.53,      0.52,        0.54,           0,             0
    334,        10,        27,           190,       180,       200,        0.53,      0.52,        0.54,           0,             0
    337,         1,        28,            10,         0,        20,        0.55,      0.54,        0.56,     1.97496,     0.0354329
    338,         2,        28,            30,        20,        40,        0.55,      0.54,        0.56,     4.85859,      0.059679
    339,         3,        28,            50,        40,        60,        0.55,      0.54,        0.56,    0.687023,      0.049589
    340,         4,        28,            70,        60,        80,        0.55,      0.54,        0.56,           0,             0
    341,         5,        28,            90,        80,       100,        0.55,      0.54,        0.56,           0,             0
    342,         6,        28,           110,       100,       120,        0.55,      0.54,        0.56,           0,             0
    343,         7,        28,           130,       120,       140,        0.55,      0.54,        0.56,           0,             0
    344,         8,        28,           150,       140,       160,        0.55,      0.54,        0.56,           0,             0
    345,         9,        28,           170,       160,       180,        0.55,      0.54,        0.56,           0,             0
    346,        10,        28,           190,       180,       200,        0.55,      0.54,        0.56,           0,             0
    349,         1,        29,            10,         0,        20,        0.57,      0.56,        0.58,     1.79111,     0.0312589
    350,         2,        29,            30,        20,        40,        0.57,      0.56,        0.58,     3.09345,     0.0437948
    351,         3,        29,            50,        40,        60,        0.57,      0.56,        0.58,    0.441884,     0.0417097
    352,         4,        29,            70,        60,        80,        0.57,      0.56,        0.58,           0,             0
    353,         5,        29,            90,        80,       100,        0.57,      0.56,        0.58,           0,             0
    354,         6,        29,           110,       100,       120,        0.57,      0.56,        0.58,           0,             0
    355,         7,        29,           130,       120,       140,        0.57,      0.56,        0.58,           0,             0
    356,         8,        29,           150,       140,       160,        0.57,      0.56,        0.58,           0,             0
    357,         9,        29,           170,       160,       180,        0.57,      0.56,        0.58,           0,             0
    358,        10,        29,           190,       180,       200,        0.57,      0.56,        0.58,           0,             0
    361,         1,        30,            10,         0,        20,        0.59,      0.58,         0.6,     1.43841,     0.0262044
    362,         2,        30,            30,        20,        40,        0.59,      0.58,         0.6,     1.98347,     0.0334924
    363,         3,        30,            50,        40,        60,        0.59,      0.58,         0.6,    0.135966,      0.021181
    364,         4,        30,            70,        60,        80,        0.59,      0.58,         0.6,           0,             0
    365,         5,        30,            90,        80,       100,        0.59,      0.58,         0.6,           0,             0
    366,         6,        30,           110,       100,       120,        0.59,      0.58,         0.6,           0,             0
    367,         7,        30,           130,       120,       140,        0.59,      0.58,         0.6,           0,             0
    368,         8,        30,           150,       140,       160,        0.59,      0.58,         0.6,           0,             0
    369,         9,        30,           170,       160,       180,        0.59,      0.58,         0.6,           0,             0
    370,        10,        30,           190,       180,       200,        0.59,      0.58,         0.6,           0,             0
    373,         1,        31,            10,         0,        20,        0.61,       0.6,        0.62,     1.10824,     0.0216208
    374,         2,        31,            30,        20,        40,        0.61,       0.6,        0.62,     1.25732,     0.0243355
    375,         3,        31,            50,        40,        60,        0.61,       0.6,        0.62,   0.0713115,     0.0154298
    376,         4,        31,            70,        60,        80,        0.61,       0.6,        0.62,           0,             0
    377,         5,        31,            90,        80,       100,        0.61,       0.6,        0.62,           0,             0
    378,         6,        31,           110,       100,       120,        0.61,       0.6,        0.62,           0,             0
    379,         7,        31,           130,       120,       140,        0.61,       0.6,        0.62,           0,             0
    380,         8,        31,           150,       140,       160,        0.61,       0.6,        0.62,           0,             0
    381,         9,        31,           170,       160,       180,        0.61,       0.6,        0.62,           0,             0
    382,        10,        31,           190,       180,       200,        0.61,       0.6,        0.62,           0,             0
    385,         1,        32,            10,         0,        20,        0.63,      0.62,        0.64,     0.76725,     0.0168877
    386,         2,        32,            30,        20,        40,        0.63,      0.62,        0.64,    0.740732,     0.0176754
    387,         3,        32,            50,        40,        60,        0.63,      0.62,        0.64,   0.0327152,     0.0104489
    388,         4,        32,            70,        60,        80,        0.63,      0.62,        0.64,           0,             0
    389,         5,        32,            90,        80,       100,        0.63,      0.62,        0.64,           0,             0
    390,         6,        32,           110,       100,       120,        0.63,      0.62,        0.64,           0,             0
    391,         7,        32,           130,       120,       140,        0.63,      0.62,        0.64,           0,             0
    392,         8,        32,           150,       140,       160,        0.63,      0.62,        0.64,           0,             0
    393,         9,        32,           170,       160,       180,        0.63,      0.62,        0.64,           0,             0
    394,        10,        32,           190,       180,       200,        0.63,      0.62,        0.64,           0,             0
    397,         1,        33,            10,         0,        20,        0.65,      0.64,        0.66,    0.488979,     0.0128982
    398,         2,        33,            30,        20,        40,        0.65,      0.64,        0.66,    0.406232,     0.0123943
    399,         3,        33,            50,        40,        60,        0.65,      0.64,        0.66,   0.0163844,    0.00757873
    400,         4,        33,            70,        60,        80,        0.65,      0.64,        0.66,           0,             0
    401,         5,        33,            90,        80,       100,        0.65,      0.64,        0.66,           0,             0
    402,         6,        33,           110,       100,       120,        0.65,      0.64,        0.66,           0,             0
    403,         7,        33,           130,       120,       140,        0.65,      0.64,        0.66,           0,             0
    404,         8,        33,           150,       140,       160,        0.65,      0.64,        0.66,           0,             0
    405,         9,        33,           170,       160,       180,        0.65,      0.64,        0.66,           0,             0
    406,        10,        33,           190,       180,       200,        0.65,      0.64,        0.66,           0,             0
    409,         1,        34,            10,         0,        20,        0.67,      0.66,        0.68,    0.288887,    0.00943418
    410,         2,        34,            30,        20,        40,        0.67,      0.66,        0.68,    0.215705,    0.00928889
    411,         3,        34,            50,        40,        60,        0.67,      0.66,        0.68,  0.00728422,    0.00438982
    412,         4,        34,            70,        60,        80,        0.67,      0.66,        0.68,           0,             0
    413,         5,        34,            90,        80,       100,        0.67,      0.66,        0.68,           0,             0
    414,         6,        34,           110,       100,       120,        0.67,      0.66,        0.68,           0,             0
    415,         7,        34,           130,       120,       140,        0.67,      0.66,        0.68,           0,             0
    416,         8,        34,           150,       140,       160,        0.67,      0.66,        0.68,           0,             0
    417,         9,        34,           170,       160,       180,        0.67,      0.66,        0.68,           0,             0
    418,        10,        34,           190,       180,       200,        0.67,      0.66,        0.68,           0,             0
    421,         1,        35,            10,         0,        20,        0.69,      0.68,         0.7,    0.134309,    0.00621097
    422,         2,        35,            30,        20,        40,        0.69,      0.68,         0.7,     0.10982,    0.00788388
    423,         3,        35,            50,        40,        60,        0.69,      0.68,         0.7,  0.00642316,    0.00642316
    424,         4,        35,            70,        60,        80,        0.69,      0.68,         0.7,           0,             0
    425,         5,        35,            90,        80,       100,        0.69,      0.68,         0.7,           0,             0
    426,         6,        35,           110,       100,       120,        0.69,      0.68,         0.7,           0,             0
    427,         7,        35,           130,       120,       140,        0.69,      0.68,         0.7,           0,             0
    428,         8,        35,           150,       140,       160,        0.69,      0.68,         0.7,           0,             0
    429,         9,        35,           170,       160,       180,        0.69,      0.68,         0.7,           0,             0
    430,        10,        35,           190,       180,       200,        0.69,      0.68,         0.7,           0,             0
    433,         1,        36,            10,         0,        20,        0.71,       0.7,        0.72,   0.0419951,    0.00334194
    434,         2,        36,            30,        20,        40,        0.71,       0.7,        0.72,   0.0546779,    0.00533001
    435,         3,        36,            50,        40,        60,        0.71,       0.7,        0.72,           0,             0
    436,         4,        36,            70,        60,        80,        0.71,       0.7,        0.72,           0,             0
    437,         5,        36,            90,        80,       100,        0.71,       0.7,        0.72,           0,             0
    438,         6,        36,           110,       100,       120,        0.71,       0.7,        0.72,           0,             0
    439,         7,        36,           130,       120,       140,        0.71,       0.7,        0.72,           0,             0
    440,         8,        36,           150,       140,       160,        0.71,       0.7,        0.72,           0,             0
    441,         9,        36,           170,       160,       180,        0.71,       0.7,        0.72,           0,             0
    442,        10,        36,           190,       180,       200,        0.71,       0.7,        0.72,           0,             0
    445,         1,        37,            10,         0,        20,        0.73,      0.72,        0.74,   0.0128699,    0.00199683
    446,         2,        37,            30,        20,        40,        0.73,      0.72,        0.74,   0.0302653,    0.00392652
    447,         3,        37,            50,        40,        60,        0.73,      0.72,        0.74,           0,             0
    448,         4,        37,            70,        60,        80,        0.73,      0.72,        0.74,           0,             0
    449,         5,        37,            90,        80,       100,        0.73,      0.72,        0.74,           0,             0
    450,         6,        37,           110,       100,       120,        0.73,      0.72,        0.74,           0,             0
    451,         7,        37,           130,       120,       140,        0.73,      0.72,        0.74,           0,             0
    452,         8,        37,           150,       140,       160,        0.73,      0.72,        0.74,           0,             0
    453,         9,        37,           170,       160,       180,        0.73,      0.72,        0.74,           0,             0
    454,        10,        37,           190,       180,       200,        0.73,      0.72,        0.74,           0,             0
    457,         1,        38,            10,         0,        20,        0.75,      0.74,        0.76,  0.00247578,   0.000845941
    458,         2,        38,            30,        20,        40,        0.75,      0.74,        0.76,  0.00913652,    0.00147428
    459,         3,        38,            50,        40,        60,        0.75,      0.74,        0.76,           0,             0
    460,         4,        38,            70,        60,        80,        0.75,      0.74,        0.76,           0,             0
    461,         5,        38,            90,        80,       100,        0.75,      0.74,        0.76,           0,             0
    462,         6,        38,           110,       100,       120,        0.75,      0.74,        0.76,           0,             0
    463,         7,        38,           130,       120,       140,        0.75,      0.74,        0.76,           0,             0
    464,         8,        38,           150,       140,       160,        0.75,      0.74,        0.76,           0,             0
    465,         9,        38,           170,       160,       180,        0.75,      0.74,        0.76,           0,             0
    466,        10,        38,           190,       180,       200,        0.75,      0.74,        0.76,           0,             0
    469,         1,        39,            10,         0,        20,        0.77,      0.76,        0.78,  0.00248896,    0.00133944
    470,         2,        39,            30,        20,        40,        0.77,      0.76,        0.78,  0.00877551,    0.00190317
    471,         3,        39,            50,        40,        60,        0.77,      0.76,        0.78,           0,             0
    472,         4,        39,            70,        60,        80,        0.77,      0.76,        0.78,           0,             0
    473,         5,        39,            90,        80,       100,        0.77,      0.76,        0.78,           0,             0
    474,         6,        39,           110,       100,       120,        0.77,      0.76,        0.78,           0,             0
    475,         7,        39,           130,       120,       140,        0.77,      0.76,        0.78,           0,             0
    476,         8,        39,           150,       140,       160,        0.77,      0.76,        0.78,           0,             0
    477,         9,        39,           170,       160,       180,        0.77,      0.76,        0.78,           0,             0
    478,        10,        39,           190,       180,       200,        0.77,      0.76,        0.78,           0,             0
    481,         1,        40,            10,         0,        20,        0.79,      0.78,         0.8,  0.00258054,    0.00196934
    482,         2,        40,            30,        20,        40,        0.79,      0.78,         0.8,  0.00581108,    0.00195769
    483,         3,        40,            50,        40,        60,        0.79,      0.78,         0.8,           0,             0
    484,         4,        40,            70,        60,        80,        0.79,      0.78,         0.8,           0,             0
    485,         5,        40,            90,        80,       100,        0.79,      0.78,         0.8,           0,             0
    486,         6,        40,           110,       100,       120,        0.79,      0.78,         0.8,           0,             0
    487,         7,        40,           130,       120,       140,        0.79,      0.78,         0.8,           0,             0
    488,         8,        40,           150,       140,       160,        0.79,      0.78,         0.8,           0,             0
    489,         9,        40,           170,       160,       180,        0.79,      0.78,         0.8,           0,             0
    490,        10,        40,           190,       180,       200,        0.79,      0.78,         0.8,           0,             0
    493,         1,        41,            10,         0,        20,        0.81,       0.8,        0.82, 0.000461681,   0.000438336
    494,         2,        41,            30,        20,        40,        0.81,       0.8,        0.82,  0.00170473,   0.000919302
    495,         3,        41,            50,        40,        60,        0.81,       0.8,        0.82,           0,             0
    496,         4,        41,            70,        60,        80,        0.81,       0.8,        0.82,           0,             0
    497,         5,        41,            90,        80,       100,        0.81,       0.8,        0.82,           0,             0
    498,         6,        41,           110,       100,       120,        0.81,       0.8,        0.82,           0,             0
    499,         7,        41,           130,       120,       140,        0.81,       0.8,        0.82,           0,             0
    500,         8,        41,           150,       140,       160,        0.81,       0.8,        0.82,           0,             0
    501,         9,        41,           170,       160,       180,        0.81,       0.8,        0.82,           0,             0
    502,        10,        41,           190,       180,       200,        0.81,       0.8,        0.82,           0,             0
    505,         1,        42,            10,         0,        20,        0.83,      0.82,        0.84,  0.00560943,    0.00259783
    506,         2,        42,            30,        20,        40,        0.83,      0.82,        0.84,  0.00155194,    0.00155194
    507,         3,        42,            50,        40,        60,        0.83,      0.82,        0.84,           0,             0
    508,         4,        42,            70,        60,        80,        0.83,      0.82,        0.84,           0,             0
    509,         5,        42,            90,        80,       100,        0.83,      0.82,        0.84,           0,             0
    510,         6,        42,           110,       100,       120,        0.83,      0.82,        0.84,           0,             0
    511,         7,        42,           130,       120,       140,        0.83,      0.82,        0.84,           0,             0
    512,         8,        42,           150,       140,       160,        0.83,      0.82,        0.84,           0,             0
    513,         9,        42,           170,       160,       180,        0.83,      0.82,        0.84,           0,             0
    514,        10,        42,           190,       180,       200,        0.83,      0.82,        0.84,           0,             0
    517,         1,        43,            10,         0,        20,        0.85,      0.84,        0.86,           0,             0
    518,         2,        43,            30,        20,        40,        0.85,      0.84,        0.86, 0.000263167,   0.000263167
    519,         3,        43,            50,        40,        60,        0.85,      0.84,        0.86,           0,             0
    520,         4,        43,            70,        60,        80,        0.85,      0.84,        0.86,           0,             0
    521,         5,        43,            90,        80,       100,        0.85,      0.84,        0.86,           0,             0
    522,         6,        43,           110,       100,       120,        0.85,      0.84,        0.86,           0,             0
    523,         7,        43,           130,       120,       140,        0.85,      0.84,        0.86,           0,             0
    524,         8,        43,           150,       140,       160,        0.85,      0.84,        0.86,           0,             0
    525,         9,        43,           170,       160,       180,        0.85,      0.84,        0.86,           0,             0
    526,        10,        43,           190,       180,       200,        0.85,      0.84,        0.86,           0,             0
    529,         1,        44,            10,         0,        20,        0.87,      0.86,        0.88,  0.00168519,    0.00153875
    530,         2,        44,            30,        20,        40,        0.87,      0.86,        0.88,  0.00139381,    0.00103885
    531,         3,        44,            50,        40,        60,        0.87,      0.86,        0.88,           0,             0
    532,         4,        44,            70,        60,        80,        0.87,      0.86,        0.88,           0,             0
    533,         5,        44,            90,        80,       100,        0.87,      0.86,        0.88,           0,             0
    534,         6,        44,           110,       100,       120,        0.87,      0.86,        0.88,           0,             0
    535,         7,        44,           130,       120,       140,        0.87,      0.86,        0.88,           0,             0
    536,         8,        44,           150,       140,       160,        0.87,      0.86,        0.88,           0,             0
    537,         9,        44,           170,       160,       180,        0.87,      0.86,        0.88,           0,             0
    538,        10,        44,           190,       180,       200,        0.87,      0.86,        0.88,           0,             0
    541,         1,        45,            10,         0,        20,        0.89,      0.88,         0.9,  0.00464018,    0.00258552
    542,         2,        45,            30,        20,        40,        0.89,      0.88,         0.9,           0,             0
    543,         3,        45,            50,        40,        60,        0.89,      0.88,         0.9,           0,             0
    544,         4,        45,            70,        60,        80,        0.89,      0.88,         0.9,           0,             0
    545,         5,        45,            90,        80,       100,        0.89,      0.88,         0.9,           0,             0
    546,         6,        45,           110,       100,       120,        0.89,      0.88,         0.9,           0,             0
    547,         7,        45,           130,       120,       140,        0.89,      0.88,         0.9,           0,             0
    548,         8,        45,           150,       140,       160,        0.89,      0.88,         0.9,           0,             0
    549,         9,        45,           170,       160,       180,        0.89,      0.88,         0.9,           0,             0
    550,        10,        45,           190,       180,       200,        0.89,      0.88,         0.9,           0,             0
    553,         1,        46,            10,         0,        20,        0.91,       0.9,        0.92,  0.00143602,    0.00102958
    554,         2,        46,            30,        20,        40,        0.91,       0.9,        0.92,  0.00138626,     0.0012698
    555,         3,        46,            50,        40,        60,        0.91,       0.9,        0.92,           0,             0
    556,         4,        46,            70,        60,        80,        0.91,       0.9,        0.92,           0,             0
    557,         5,        46,            90,        80,       100,        0.91,       0.9,        0.92,           0,             0
    558,         6,        46,           110,       100,       120,        0.91,       0.9,        0.92,           0,             0
    559,         7,        46,           130,       120,       140,        0.91,       0.9,        0.92,           0,             0
    560,         8,        46,           150,       140,       160,        0.91,       0.9,        0.92,           0,             0
    561,         9,        46,           170,       160,       180,        0.91,       0.9,        0.92,           0,             0
    562,        10,        46,           190,       180,       200,        0.91,       0.9,        0.92,           0,             0
    565,         1,        47,            10,         0,        20,        0.93,      0.92,        0.94, 0.000886677,   0.000886677
    566,         2,        47,            30,        20,        40,        0.93,      0.92,        0.94,           0,             0
    567,         3,        47,            50,        40,        60,        0.93,      0.92,        0.94,           0,             0
    568,         4,        47,            70,        60,        80,        0.93,      0.92,        0.94,           0,             0
    569,         5,        47,            90,        80,       100,        0.93,      0.92,        0.94,           0,             0
    570,         6,        47,           110,       100,       120,        0.93,      0.92,        0.94,           0,             0
    571,         7,        47,           130,       120,       140,        0.93,      0.92,        0.94,           0,             0
    572,         8,        47,           150,       140,       160,        0.93,      0.92,        0.94,           0,             0
    573,         9,        47,           170,       160,       180,        0.93,      0.92,        0.94,           0,             0
    574,        10,        47,           190,       180,       200,        0.93,      0.92,        0.94,           0,             0
    577,         1,        48,            10,         0,        20,        0.95,      0.94,        0.96, 2.94103e-05,   2.94103e-05
    578,         2,        48,            30,        20,        40,        0.95,      0.94,        0.96,  0.00249066,    0.00249066
    579,         3,        48,            50,        40,        60,        0.95,      0.94,        0.96,           0,             0
    580,         4,        48,            70,        60,        80,        0.95,      0.94,        0.96,           0,             0
    581,         5,        48,            90,        80,       100,        0.95,      0.94,        0.96,           0,             0
    582,         6,        48,           110,       100,       120,        0.95,      0.94,        0.96,           0,             0
    583,         7,        48,           130,       120,       140,        0.95,      0.94,        0.96,           0,             0
    584,         8,        48,           150,       140,       160,        0.95,      0.94,        0.96,           0,             0
    585,         9,        48,           170,       160,       180,        0.95,      0.94,        0.96,           0,             0
    586,        10,        48,           190,       180,       200,        0.95,      0.94,        0.96,           0,             0
    589,         1,        49,            10,         0,        20,        0.97,      0.96,        0.98,           0,             0
    590,         2,        49,            30,        20,        40,        0.97,      0.96,        0.98,           0,             0
    591,         3,        49,            50,        40,        60,        0.97,      0.96,        0.98,           0,             0
    592,         4,        49,            70,        60,        80,        0.97,      0.96,        0.98,           0,             0
    593,         5,        49,            90,        80,       100,        0.97,      0.96,        0.98,           0,             0
    594,         6,        49,           110,       100,       120,        0.97,      0.96,        0.98,           0,             0
    595,         7,        49,           130,       120,       140,        0.97,      0.96,        0.98,           0,             0
    596,         8,        49,           150,       140,       160,        0.97,      0.96,        0.98,           0,             0
    597,         9,        49,           170,       160,       180,        0.97,      0.96,        0.98,           0,             0
    598,        10,        49,           190,       180,       200,        0.97,      0.96,        0.98,           0,             0
    601,         1,        50,            10,         0,        20,        0.99,      0.98,           1, 0.000342042,   0.000342042
    602,         2,        50,            30,        20,        40,        0.99,      0.98,           1,           0,             0
    603,         3,        50,            50,        40,        60,        0.99,      0.98,           1,           0,             0
    604,         4,        50,            70,        60,        80,        0.99,      0.98,           1,           0,             0
    605,         5,        50,            90,        80,       100,        0.99,      0.98,           1,           0,             0
    606,         6,        50,           110,       100,       120,        0.99,      0.98,           1,           0,             0
    607,         7,        50,           130,       120,       140,        0.99,      0.98,           1,           0,             0
    608,         8,        50,           150,       140,       160,        0.99,      0.98,           1,           0,             0
    609,         9,        50,           170,       160,       180,        0.99,      0.98,           1,           0,             0
    610,        10,        50,           190,       180,       200,        0.99,      0.98,           1,           0,             0
    613,         1,        51,            10,         0,        20,        1.01,         1,        1.02,           0,             0
    614,         2,        51,            30,        20,        40,        1.01,         1,        1.02,           0,             0
    615,         3,        51,            50,        40,        60,        1.01,         1,        1.02,           0,             0
    616,         4,        51,            70,        60,        80,        1.01,         1,        1.02,           0,             0
    617,         5,        51,            90,        80,       100,        1.01,         1,        1.02,           0,             0
    618,         6,        51,           110,       100,       120,        1.01,         1,        1.02,           0,             0
    619,         7,        51,           130,       120,       140,        1.01,         1,        1.02,           0,             0
    620,         8,        51,           150,       140,       160,        1.01,         1,        1.02,           0,             0
    621,         9,        51,           170,       160,       180,        1.01,         1,        1.02,           0,             0
    622,        10,        51,           190,       180,       200,        1.01,         1,        1.02,           0,             0
    625,         1,        52,            10,         0,        20,        1.03,      1.02,        1.04,  0.00254891,    0.00183814
    626,         2,        52,            30,        20,        40,        1.03,      1.02,        1.04,           0,             0
    627,         3,        52,            50,        40,        60,        1.03,      1.02,        1.04,           0,             0
    628,         4,        52,            70,        60,        80,        1.03,      1.02,        1.04,           0,             0
    629,         5,        52,            90,        80,       100,        1.03,      1.02,        1.04,           0,             0
    630,         6,        52,           110,       100,       120,        1.03,      1.02,        1.04,           0,             0
    631,         7,        52,           130,       120,       140,        1.03,      1.02,        1.04,           0,             0
    632,         8,        52,           150,       140,       160,        1.03,      1.02,        1.04,           0,             0
    633,         9,        52,           170,       160,       180,        1.03,      1.02,        1.04,           0,             0
    634,        10,        52,           190,       180,       200,        1.03,      1.02,        1.04,           0,             0
    637,         1,        53,            10,         0,        20,        1.05,      1.04,        1.06, 7.57972e-06,   7.57972e-06
    638,         2,        53,            30,        20,        40,        1.05,      1.04,        1.06,           0,             0
    639,         3,        53,            50,        40,        60,        1.05,      1.04,        1.06,           0,             0
    640,         4,        53,            70,        60,        80,        1.05,      1.04,        1.06,           0,             0
    641,         5,        53,            90,        80,       100,        1.05,      1.04,        1.06,           0,             0
    642,         6,        53,           110,       100,       120,        1.05,      1.04,        1.06,           0,             0
    643,         7,        53,           130,       120,       140,        1.05,      1.04,        1.06,           0,             0
    644,         8,        53,           150,       140,       160,        1.05,      1.04,        1.06,           0,             0
    645,         9,        53,           170,       160,       180,        1.05,      1.04,        1.06,           0,             0
    646,        10,        53,           190,       180,       200,        1.05,      1.04,        1.06,           0,             0
    649,         1,        54,            10,         0,        20,        1.07,      1.06,        1.08,  0.00133044,    0.00133044
    650,         2,        54,            30,        20,        40,        1.07,      1.06,        1.08,           0,             0
    651,         3,        54,            50,        40,        60,        1.07,      1.06,        1.08,           0,             0
    652,         4,        54,            70,        60,        80,        1.07,      1.06,        1.08,           0,             0
    653,         5,        54,            90,        80,       100,        1.07,      1.06,        1.08,           0,             0
    654,         6,        54,           110,       100,       120,        1.07,      1.06,        1.08,           0,             0
    655,         7,        54,           130,       120,       140,        1.07,      1.06,        1.08,           0,             0
    656,         8,        54,           150,       140,       160,        1.07,      1.06,        1.08,           0,             0
    657,         9,        54,           170,       160,       180,        1.07,      1.06,        1.08,           0,             0
    658,        10,        54,           190,       180,       200,        1.07,      1.06,        1.08,           0,             0
    661,         1,        55,            10,         0,        20,        1.09,      1.08,         1.1,           0,             0
    662,         2,        55,            30,        20,        40,        1.09,      1.08,         1.1,           0,             0
    663,         3,        55,            50,        40,        60,        1.09,      1.08,         1.1,           0,             0
    664,         4,        55,            70,        60,        80,        1.09,      1.08,         1.1,           0,             0
    665,         5,        55,            90,        80,       100,        1.09,      1.08,         1.1,           0,             0
    666,         6,        55,           110,       100,       120,        1.09,      1.08,         1.1,           0,             0
    667,         7,        55,           130,       120,       140,        1.09,      1.08,         1.1,           0,             0
    668,         8,        55,           150,       140,       160,        1.09,      1.08,         1.1,           0,             0
    669,         9,        55,           170,       160,       180,        1.09,      1.08,         1.1,           0,             0
    670,        10,        55,           190,       180,       200,        1.09,      1.08,         1.1,           0,             0
    673,         1,        56,            10,         0,        20,        1.11,       1.1,        1.12,           0,             0
    674,         2,        56,            30,        20,        40,        1.11,       1.1,        1.12,           0,             0
    675,         3,        56,            50,        40,        60,        1.11,       1.1,        1.12,           0,             0
    676,         4,        56,            70,        60,        80,        1.11,       1.1,        1.12,           0,             0
    677,         5,        56,            90,        80,       100,        1.11,       1.1,        1.12,           0,             0
    678,         6,        56,           110,       100,       120,        1.11,       1.1,        1.12,           0,             0
    679,         7,        56,           130,       120,       140,        1.11,       1.1,        1.12,           0,             0
    680,         8,        56,           150,       140,       160,        1.11,       1.1,        1.12,           0,             0
    681,         9,        56,           170,       160,       180,        1.11,       1.1,        1.12,           0,             0
    682,        10,        56,           190,       180,       200,        1.11,       1.1,        1.12,           0,             0
    685,         1,        57,            10,         0,        20,        1.13,      1.12,        1.14, 0.000885765,   0.000885765
    686,         2,        57,            30,        20,        40,        1.13,      1.12,        1.14,           0,             0
    687,         3,        57,            50,        40,        60,        1.13,      1.12,        1.14,           0,             0
    688,         4,        57,            70,        60,        80,        1.13,      1.12,        1.14,           0,             0
    689,         5,        57,            90,        80,       100,        1.13,      1.12,        1.14,           0,             0
    690,         6,        57,           110,       100,       120,        1.13,      1.12,        1.14,           0,             0
    691,         7,        57,           130,       120,       140,        1.13,      1.12,        1.14,           0,             0
    692,         8,        57,           150,       140,       160,        1.13,      1.12,        1.14,           0,             0
    693,         9,        57,           170,       160,       180,        1.13,      1.12,        1.14,           0,             0
    694,        10,        57,           190,       180,       200,        1.13,      1.12,        1.14,           0,             0
    697,         1,        58,            10,         0,        20,        1.15,      1.14,        1.16, 1.08167e-05,   1.08167e-05
    698,         2,        58,            30,        20,        40,        1.15,      1.14,        1.16,           0,             0
    699,         3,        58,            50,        40,        60,        1.15,      1.14,        1.16,           0,             0
    700,         4,        58,            70,        60,        80,        1.15,      1.14,        1.16,           0,             0
    701,         5,        58,            90,        80,       100,        1.15,      1.14,        1.16,           0,             0
    702,         6,        58,           110,       100,       120,        1.15,      1.14,        1.16,           0,             0
    703,         7,        58,           130,       120,       140,        1.15,      1.14,        1.16,           0,             0
    704,         8,        58,           150,       140,       160,        1.15,      1.14,        1.16,           0,             0
    705,         9,        58,           170,       160,       180,        1.15,      1.14,        1.16,           0,             0
    706,        10,        58,           190,       180,       200,        1.15,      1.14,        1.16,           0,             0
    709,         1,        59,            10,         0,        20,        1.17,      1.16,        1.18,           0,             0
    710,         2,        59,            30,        20,        40,        1.17,      1.16,        1.18,           0,             0
    711,         3,        59,            50,        40,        60,        1.17,      1.16,        1.18,           0,             0
    712,         4,        59,            70,        60,        80,        1.17,      1.16,        1.18,           0,             0
    713,         5,        59,            90,        80,       100,        1.17,      1.16,        1.18,           0,             0
    714,         6,        59,           110,       100,       120,        1.17,      1.16,        1.18,           0,             0
    715,         7,        59,           130,       120,       140,        1.17,      1.16,        1.18,           0,             0
    716,         8,        59,           150,       140,       160,        1.17,      1.16,        1.18,           0,             0
    717,         9,        59,           170,       160,       180,        1.17,      1.16,        1.18,           0,             0
    718,        10,        59,           190,       180,       200,        1.17,      1.16,        1.18,           0,             0
    721,         1,        60,            10,         0,        20,        1.19,      1.18,         1.2,           0,             0
    722,         2,        60,            30,        20,        40,        1.19,      1.18,         1.2,           0,             0
    723,         3,        60,            50,        40,        60,        1.19,      1.18,         1.2,           0,             0
    724,         4,        60,            70,        60,        80,        1.19,      1.18,         1.2,           0,             0
    725,         5,        60,            90,        80,       100,        1.19,      1.18,         1.2,           0,             0
    726,         6,        60,           110,       100,       120,        1.19,      1.18,         1.2,           0,             0
    727,         7,        60,           130,       120,       140,        1.19,      1.18,         1.2,           0,             0
    728,         8,        60,           150,       140,       160,        1.19,      1.18,         1.2,           0,             0
    729,         9,        60,           170,       160,       180,        1.19,      1.18,         1.2,           0,             0
    730,        10,        60,           190,       180,       200,        1.19,      1.18,         1.2,           0,             0
