# 2D Histogram Bin Extraction 
#                   
# histogram parameters:  
# title      : Em_nuc vs. Pm 
# ybins      : 50 
# ylabel     :  
# xbins      : 15 
# xlabel     :  
# ybin_width : 0.005 
# xbin_width : 0.080 
#                   
# header definitions:
# ib:         (x,y)  bin number 
# xb:         x-axis bin number 
# yb:         y-axis bin number 
# x0:         x-axis central bin value 
# xlow:       x-axis low-edge bin value 
# xup:        x-axis up-edge bin value 
# y0:         y-axis central bin value 
# ylow:       y-axis low-edge bin value 
# yup:        y-axis up-edge bin value 
# zcont:      bin content (z-axis) 
# zcont_err:  bin content error (z-axis) 
#                                        
ib,xb,yb,x0,xlow,xup,y0,ylow,yup,zcont,zcont_err
     18,         1,         1,          0.04,         0,      0.08,     -0.0475,     -0.05,      -0.045,           0,             0
     19,         2,         1,          0.12,      0.08,      0.16,     -0.0475,     -0.05,      -0.045,           0,             0
     20,         3,         1,           0.2,      0.16,      0.24,     -0.0475,     -0.05,      -0.045,           0,             0
     21,         4,         1,          0.28,      0.24,      0.32,     -0.0475,     -0.05,      -0.045,    0.087144,      0.087144
     22,         5,         1,          0.36,      0.32,       0.4,     -0.0475,     -0.05,      -0.045,   0.0289785,     0.0204942
     23,         6,         1,          0.44,       0.4,      0.48,     -0.0475,     -0.05,      -0.045,   0.0107438,     0.0063017
     24,         7,         1,          0.52,      0.48,      0.56,     -0.0475,     -0.05,      -0.045,           0,             0
     25,         8,         1,           0.6,      0.56,      0.64,     -0.0475,     -0.05,      -0.045,   0.0124664,    0.00557892
     26,         9,         1,          0.68,      0.64,      0.72,     -0.0475,     -0.05,      -0.045,  0.00533836,    0.00244191
     27,        10,         1,          0.76,      0.72,       0.8,     -0.0475,     -0.05,      -0.045,  0.00287204,    0.00156701
     28,        11,         1,          0.84,       0.8,      0.88,     -0.0475,     -0.05,      -0.045, 0.000261816,   0.000154006
     29,        12,         1,          0.92,      0.88,      0.96,     -0.0475,     -0.05,      -0.045,           0,             0
     30,        13,         1,             1,      0.96,      1.04,     -0.0475,     -0.05,      -0.045,           0,             0
     31,        14,         1,          1.08,      1.04,      1.12,     -0.0475,     -0.05,      -0.045,           0,             0
     32,        15,         1,          1.16,      1.12,       1.2,     -0.0475,     -0.05,      -0.045,           0,             0
     35,         1,         2,          0.04,         0,      0.08,     -0.0425,    -0.045,       -0.04,           0,             0
     36,         2,         2,          0.12,      0.08,      0.16,     -0.0425,    -0.045,       -0.04,           0,             0
     37,         3,         2,           0.2,      0.16,      0.24,     -0.0425,    -0.045,       -0.04,           0,             0
     38,         4,         2,          0.28,      0.24,      0.32,     -0.0425,    -0.045,       -0.04,           0,             0
     39,         5,         2,          0.36,      0.32,       0.4,     -0.0425,    -0.045,       -0.04,   0.0233512,     0.0146314
     40,         6,         2,          0.44,       0.4,      0.48,     -0.0425,    -0.045,       -0.04,    0.225614,      0.196291
     41,         7,         2,          0.52,      0.48,      0.56,     -0.0425,    -0.045,       -0.04,   0.0372808,     0.0129108
     42,         8,         2,           0.6,      0.56,      0.64,     -0.0425,    -0.045,       -0.04,   0.0284323,    0.00857338
     43,         9,         2,          0.68,      0.64,      0.72,     -0.0425,    -0.045,       -0.04,   0.0128085,    0.00449348
     44,        10,         2,          0.76,      0.72,       0.8,     -0.0425,    -0.045,       -0.04, 0.000468716,   0.000251494
     45,        11,         2,          0.84,       0.8,      0.88,     -0.0425,    -0.045,       -0.04, 0.000622771,    0.00028725
     46,        12,         2,          0.92,      0.88,      0.96,     -0.0425,    -0.045,       -0.04,           0,             0
     47,        13,         2,             1,      0.96,      1.04,     -0.0425,    -0.045,       -0.04,           0,             0
     48,        14,         2,          1.08,      1.04,      1.12,     -0.0425,    -0.045,       -0.04,           0,             0
     49,        15,         2,          1.16,      1.12,       1.2,     -0.0425,    -0.045,       -0.04,           0,             0
     52,         1,         3,          0.04,         0,      0.08,     -0.0375,     -0.04,      -0.035,           0,             0
     53,         2,         3,          0.12,      0.08,      0.16,     -0.0375,     -0.04,      -0.035,           0,             0
     54,         3,         3,           0.2,      0.16,      0.24,     -0.0375,     -0.04,      -0.035,           0,             0
     55,         4,         3,          0.28,      0.24,      0.32,     -0.0375,     -0.04,      -0.035,   0.0417524,     0.0331841
     56,         5,         3,          0.36,      0.32,       0.4,     -0.0375,     -0.04,      -0.035,    0.141704,     0.0413476
     57,         6,         3,          0.44,       0.4,      0.48,     -0.0375,     -0.04,      -0.035,   0.0879877,     0.0235314
     58,         7,         3,          0.52,      0.48,      0.56,     -0.0375,     -0.04,      -0.035,   0.0541961,     0.0160169
     59,         8,         3,           0.6,      0.56,      0.64,     -0.0375,     -0.04,      -0.035,   0.0387662,     0.0104784
     60,         9,         3,          0.68,      0.64,      0.72,     -0.0375,     -0.04,      -0.035,   0.0200321,    0.00766648
     61,        10,         3,          0.76,      0.72,       0.8,     -0.0375,     -0.04,      -0.035,  0.00172842,   0.000655267
     62,        11,         3,          0.84,       0.8,      0.88,     -0.0375,     -0.04,      -0.035, 0.000435473,   0.000279053
     63,        12,         3,          0.92,      0.88,      0.96,     -0.0375,     -0.04,      -0.035,           0,             0
     64,        13,         3,             1,      0.96,      1.04,     -0.0375,     -0.04,      -0.035,           0,             0
     65,        14,         3,          1.08,      1.04,      1.12,     -0.0375,     -0.04,      -0.035,           0,             0
     66,        15,         3,          1.16,      1.12,       1.2,     -0.0375,     -0.04,      -0.035,           0,             0
     69,         1,         4,          0.04,         0,      0.08,     -0.0325,    -0.035,       -0.03,           0,             0
     70,         2,         4,          0.12,      0.08,      0.16,     -0.0325,    -0.035,       -0.03,           0,             0
     71,         3,         4,           0.2,      0.16,      0.24,     -0.0325,    -0.035,       -0.03,           0,             0
     72,         4,         4,          0.28,      0.24,      0.32,     -0.0325,    -0.035,       -0.03,    0.206522,      0.109273
     73,         5,         4,          0.36,      0.32,       0.4,     -0.0325,    -0.035,       -0.03,    0.260498,     0.0541289
     74,         6,         4,          0.44,       0.4,      0.48,     -0.0325,    -0.035,       -0.03,    0.292847,     0.0505671
     75,         7,         4,          0.52,      0.48,      0.56,     -0.0325,    -0.035,       -0.03,    0.209795,     0.0323204
     76,         8,         4,           0.6,      0.56,      0.64,     -0.0325,    -0.035,       -0.03,    0.118421,     0.0177982
     77,         9,         4,          0.68,      0.64,      0.72,     -0.0325,    -0.035,       -0.03,   0.0205064,    0.00558239
     78,        10,         4,          0.76,      0.72,       0.8,     -0.0325,    -0.035,       -0.03,  0.00333777,    0.00142386
     79,        11,         4,          0.84,       0.8,      0.88,     -0.0325,    -0.035,       -0.03, 0.000594383,   0.000420563
     80,        12,         4,          0.92,      0.88,      0.96,     -0.0325,    -0.035,       -0.03, 7.34537e-05,   7.34537e-05
     81,        13,         4,             1,      0.96,      1.04,     -0.0325,    -0.035,       -0.03,           0,             0
     82,        14,         4,          1.08,      1.04,      1.12,     -0.0325,    -0.035,       -0.03,           0,             0
     83,        15,         4,          1.16,      1.12,       1.2,     -0.0325,    -0.035,       -0.03,           0,             0
     86,         1,         5,          0.04,         0,      0.08,     -0.0275,     -0.03,      -0.025,           0,             0
     87,         2,         5,          0.12,      0.08,      0.16,     -0.0275,     -0.03,      -0.025,           0,             0
     88,         3,         5,           0.2,      0.16,      0.24,     -0.0275,     -0.03,      -0.025,     1.58056,      0.746343
     89,         4,         5,          0.28,      0.24,      0.32,     -0.0275,     -0.03,      -0.025,    0.792962,      0.200037
     90,         5,         5,          0.36,      0.32,       0.4,     -0.0275,     -0.03,      -0.025,    0.580768,     0.0753623
     91,         6,         5,          0.44,       0.4,      0.48,     -0.0275,     -0.03,      -0.025,    0.562817,     0.0594943
     92,         7,         5,          0.52,      0.48,      0.56,     -0.0275,     -0.03,      -0.025,    0.438656,     0.0469723
     93,         8,         5,           0.6,      0.56,      0.64,     -0.0275,     -0.03,      -0.025,    0.192903,     0.0251054
     94,         9,         5,          0.68,      0.64,      0.72,     -0.0275,     -0.03,      -0.025,   0.0333626,    0.00611996
     95,        10,         5,          0.76,      0.72,       0.8,     -0.0275,     -0.03,      -0.025,  0.00756173,    0.00257306
     96,        11,         5,          0.84,       0.8,      0.88,     -0.0275,     -0.03,      -0.025,  0.00011658,    8.2559e-05
     97,        12,         5,          0.92,      0.88,      0.96,     -0.0275,     -0.03,      -0.025,           0,             0
     98,        13,         5,             1,      0.96,      1.04,     -0.0275,     -0.03,      -0.025,           0,             0
     99,        14,         5,          1.08,      1.04,      1.12,     -0.0275,     -0.03,      -0.025,           0,             0
    100,        15,         5,          1.16,      1.12,       1.2,     -0.0275,     -0.03,      -0.025,           0,             0
    103,         1,         6,          0.04,         0,      0.08,     -0.0225,    -0.025,       -0.02,           0,             0
    104,         2,         6,          0.12,      0.08,      0.16,     -0.0225,    -0.025,       -0.02,     8.92169,       6.96902
    105,         3,         6,           0.2,      0.16,      0.24,     -0.0225,    -0.025,       -0.02,     4.18156,       1.17572
    106,         4,         6,          0.28,      0.24,      0.32,     -0.0225,    -0.025,       -0.02,     2.11265,      0.312117
    107,         5,         6,          0.36,      0.32,       0.4,     -0.0225,    -0.025,       -0.02,     1.46977,      0.118112
    108,         6,         6,          0.44,       0.4,      0.48,     -0.0225,    -0.025,       -0.02,     1.45204,     0.0986645
    109,         7,         6,          0.52,      0.48,      0.56,     -0.0225,    -0.025,       -0.02,    0.847943,      0.061428
    110,         8,         6,           0.6,      0.56,      0.64,     -0.0225,    -0.025,       -0.02,     0.29279,     0.0263921
    111,         9,         6,          0.68,      0.64,      0.72,     -0.0225,    -0.025,       -0.02,   0.0594038,    0.00852325
    112,        10,         6,          0.76,      0.72,       0.8,     -0.0225,    -0.025,       -0.02,  0.00685026,    0.00118941
    113,        11,         6,          0.84,       0.8,      0.88,     -0.0225,    -0.025,       -0.02, 0.000591355,   0.000207764
    114,        12,         6,          0.92,      0.88,      0.96,     -0.0225,    -0.025,       -0.02,           0,             0
    115,        13,         6,             1,      0.96,      1.04,     -0.0225,    -0.025,       -0.02,           0,             0
    116,        14,         6,          1.08,      1.04,      1.12,     -0.0225,    -0.025,       -0.02,           0,             0
    117,        15,         6,          1.16,      1.12,       1.2,     -0.0225,    -0.025,       -0.02,           0,             0
    120,         1,         7,          0.04,         0,      0.08,     -0.0175,     -0.02,      -0.015,     88.6472,       63.4183
    121,         2,         7,          0.12,      0.08,      0.16,     -0.0175,     -0.02,      -0.015,     103.283,       41.3256
    122,         3,         7,           0.2,      0.16,      0.24,     -0.0175,     -0.02,      -0.015,     22.4174,       3.10624
    123,         4,         7,          0.28,      0.24,      0.32,     -0.0175,     -0.02,      -0.015,     5.46779,      0.381084
    124,         5,         7,          0.36,      0.32,       0.4,     -0.0175,     -0.02,      -0.015,     4.28574,      0.199459
    125,         6,         7,          0.44,       0.4,      0.48,     -0.0175,     -0.02,      -0.015,      2.8489,      0.128363
    126,         7,         7,          0.52,      0.48,      0.56,     -0.0175,     -0.02,      -0.015,      1.7035,     0.0853746
    127,         8,         7,           0.6,      0.56,      0.64,     -0.0175,     -0.02,      -0.015,    0.415026,     0.0290609
    128,         9,         7,          0.68,      0.64,      0.72,     -0.0175,     -0.02,      -0.015,    0.079191,    0.00978725
    129,        10,         7,          0.76,      0.72,       0.8,     -0.0175,     -0.02,      -0.015,   0.0105885,    0.00261758
    130,        11,         7,          0.84,       0.8,      0.88,     -0.0175,     -0.02,      -0.015, 0.000541706,    0.00021803
    131,        12,         7,          0.92,      0.88,      0.96,     -0.0175,     -0.02,      -0.015,           0,             0
    132,        13,         7,             1,      0.96,      1.04,     -0.0175,     -0.02,      -0.015,           0,             0
    133,        14,         7,          1.08,      1.04,      1.12,     -0.0175,     -0.02,      -0.015,           0,             0
    134,        15,         7,          1.16,      1.12,       1.2,     -0.0175,     -0.02,      -0.015,           0,             0
    137,         1,         8,          0.04,         0,      0.08,     -0.0125,    -0.015,       -0.01,     1245.65,       295.032
    138,         2,         8,          0.12,      0.08,      0.16,     -0.0125,    -0.015,       -0.01,     574.286,       67.6536
    139,         3,         8,           0.2,      0.16,      0.24,     -0.0125,    -0.015,       -0.01,     86.9399,       6.02284
    140,         4,         8,          0.28,      0.24,      0.32,     -0.0125,    -0.015,       -0.01,     20.0006,      0.769844
    141,         5,         8,          0.36,      0.32,       0.4,     -0.0125,    -0.015,       -0.01,     10.3055,      0.298682
    142,         6,         8,          0.44,       0.4,      0.48,     -0.0125,    -0.015,       -0.01,     5.23473,      0.168198
    143,         7,         8,          0.52,      0.48,      0.56,     -0.0125,    -0.015,       -0.01,      2.7768,      0.104424
    144,         8,         8,           0.6,      0.56,      0.64,     -0.0125,    -0.015,       -0.01,    0.721538,     0.0378423
    145,         9,         8,          0.68,      0.64,      0.72,     -0.0125,    -0.015,       -0.01,   0.0935632,    0.00817944
    146,        10,         8,          0.76,      0.72,       0.8,     -0.0125,    -0.015,       -0.01,   0.0108383,    0.00182816
    147,        11,         8,          0.84,       0.8,      0.88,     -0.0125,    -0.015,       -0.01, 0.000419692,   0.000184354
    148,        12,         8,          0.92,      0.88,      0.96,     -0.0125,    -0.015,       -0.01,           0,             0
    149,        13,         8,             1,      0.96,      1.04,     -0.0125,    -0.015,       -0.01,           0,             0
    150,        14,         8,          1.08,      1.04,      1.12,     -0.0125,    -0.015,       -0.01,           0,             0
    151,        15,         8,          1.16,      1.12,       1.2,     -0.0125,    -0.015,       -0.01,           0,             0
    154,         1,         9,          0.04,         0,      0.08,     -0.0075,     -0.01,      -0.005,     7695.61,       689.602
    155,         2,         9,          0.12,      0.08,      0.16,     -0.0075,     -0.01,      -0.005,     2698.57,       144.008
    156,         3,         9,           0.2,      0.16,      0.24,     -0.0075,     -0.01,      -0.005,     313.885,       10.7338
    157,         4,         9,          0.28,      0.24,      0.32,     -0.0075,     -0.01,      -0.005,     57.1196,       1.31531
    158,         5,         9,          0.36,      0.32,       0.4,     -0.0075,     -0.01,      -0.005,     20.5528,      0.407264
    159,         6,         9,          0.44,       0.4,      0.48,     -0.0075,     -0.01,      -0.005,     9.90487,       0.23049
    160,         7,         9,          0.52,      0.48,      0.56,     -0.0075,     -0.01,      -0.005,     4.05792,      0.117329
    161,         8,         9,           0.6,      0.56,      0.64,     -0.0075,     -0.01,      -0.005,     0.98469,     0.0410628
    162,         9,         9,          0.68,      0.64,      0.72,     -0.0075,     -0.01,      -0.005,    0.158759,     0.0114232
    163,        10,         9,          0.76,      0.72,       0.8,     -0.0075,     -0.01,      -0.005,   0.0153435,    0.00190323
    164,        11,         9,          0.84,       0.8,      0.88,     -0.0075,     -0.01,      -0.005, 0.000517372,   0.000207718
    165,        12,         9,          0.92,      0.88,      0.96,     -0.0075,     -0.01,      -0.005,           0,             0
    166,        13,         9,             1,      0.96,      1.04,     -0.0075,     -0.01,      -0.005,           0,             0
    167,        14,         9,          1.08,      1.04,      1.12,     -0.0075,     -0.01,      -0.005,           0,             0
    168,        15,         9,          1.16,      1.12,       1.2,     -0.0075,     -0.01,      -0.005,           0,             0
    171,         1,        10,          0.04,         0,      0.08,     -0.0025,    -0.005,           0,       31301,        1408.3
    172,         2,        10,          0.12,      0.08,      0.16,     -0.0025,    -0.005,           0,     8128.51,       230.175
    173,         3,        10,           0.2,      0.16,      0.24,     -0.0025,    -0.005,           0,     776.519,       15.4106
    174,         4,        10,          0.28,      0.24,      0.32,     -0.0025,    -0.005,           0,     117.545,       1.77295
    175,         5,        10,          0.36,      0.32,       0.4,     -0.0025,    -0.005,           0,     34.2727,      0.510582
    176,         6,        10,          0.44,       0.4,      0.48,     -0.0025,    -0.005,           0,     14.1149,      0.263896
    177,         7,        10,          0.52,      0.48,      0.56,     -0.0025,    -0.005,           0,     5.30593,      0.130696
    178,         8,        10,           0.6,      0.56,      0.64,     -0.0025,    -0.005,           0,      1.3954,     0.0465393
    179,         9,        10,          0.68,      0.64,      0.72,     -0.0025,    -0.005,           0,    0.197311,     0.0107925
    180,        10,        10,          0.76,      0.72,       0.8,     -0.0025,    -0.005,           0,   0.0112001,    0.00124951
    181,        11,        10,          0.84,       0.8,      0.88,     -0.0025,    -0.005,           0, 0.000247799,   0.000144058
    182,        12,        10,          0.92,      0.88,      0.96,     -0.0025,    -0.005,           0,           0,             0
    183,        13,        10,             1,      0.96,      1.04,     -0.0025,    -0.005,           0,           0,             0
    184,        14,        10,          1.08,      1.04,      1.12,     -0.0025,    -0.005,           0,           0,             0
    185,        15,        10,          1.16,      1.12,       1.2,     -0.0025,    -0.005,           0,           0,             0
    188,         1,        11,          0.04,         0,      0.08,      0.0025,         0,       0.005,     77841.1,       2153.88
    189,         2,        11,          0.12,      0.08,      0.16,      0.0025,         0,       0.005,     17158.6,       329.627
    190,         3,        11,           0.2,      0.16,      0.24,      0.0025,         0,       0.005,     1412.34,       20.2787
    191,         4,        11,          0.28,      0.24,      0.32,      0.0025,         0,       0.005,     186.028,       2.28933
    192,         5,        11,          0.36,      0.32,       0.4,      0.0025,         0,       0.005,     46.6326,      0.569769
    193,         6,        11,          0.44,       0.4,      0.48,      0.0025,         0,       0.005,      18.234,      0.294884
    194,         7,        11,          0.52,      0.48,      0.56,      0.0025,         0,       0.005,      6.3975,      0.136027
    195,         8,        11,           0.6,      0.56,      0.64,      0.0025,         0,       0.005,     1.62462,     0.0510169
    196,         9,        11,          0.68,      0.64,      0.72,      0.0025,         0,       0.005,    0.220622,    0.00925536
    197,        10,        11,          0.76,      0.72,       0.8,      0.0025,         0,       0.005,   0.0176077,       0.00232
    198,        11,        11,          0.84,       0.8,      0.88,      0.0025,         0,       0.005, 0.000438773,    0.00016839
    199,        12,        11,          0.92,      0.88,      0.96,      0.0025,         0,       0.005,           0,             0
    200,        13,        11,             1,      0.96,      1.04,      0.0025,         0,       0.005,           0,             0
    201,        14,        11,          1.08,      1.04,      1.12,      0.0025,         0,       0.005,           0,             0
    202,        15,        11,          1.16,      1.12,       1.2,      0.0025,         0,       0.005,           0,             0
    205,         1,        12,          0.04,         0,      0.08,      0.0075,     0.005,        0.01,      106119,       2509.71
    206,         2,        12,          0.12,      0.08,      0.16,      0.0075,     0.005,        0.01,     21373.4,       342.734
    207,         3,        12,           0.2,      0.16,      0.24,      0.0075,     0.005,        0.01,     1668.07,       21.4242
    208,         4,        12,          0.28,      0.24,      0.32,      0.0075,     0.005,        0.01,     202.189,        2.2134
    209,         5,        12,          0.36,      0.32,       0.4,      0.0075,     0.005,        0.01,     50.5772,      0.600751
    210,         6,        12,          0.44,       0.4,      0.48,      0.0075,     0.005,        0.01,     18.8376,         0.292
    211,         7,        12,          0.52,      0.48,      0.56,      0.0075,     0.005,        0.01,     6.74104,      0.140637
    212,         8,        12,           0.6,      0.56,      0.64,      0.0075,     0.005,        0.01,     1.77093,     0.0505423
    213,         9,        12,          0.68,      0.64,      0.72,      0.0075,     0.005,        0.01,    0.223363,     0.0100203
    214,        10,        12,          0.76,      0.72,       0.8,      0.0075,     0.005,        0.01,   0.0144408,    0.00180673
    215,        11,        12,          0.84,       0.8,      0.88,      0.0075,     0.005,        0.01,  0.00018347,   0.000134848
    216,        12,        12,          0.92,      0.88,      0.96,      0.0075,     0.005,        0.01,           0,             0
    217,        13,        12,             1,      0.96,      1.04,      0.0075,     0.005,        0.01,           0,             0
    218,        14,        12,          1.08,      1.04,      1.12,      0.0075,     0.005,        0.01,           0,             0
    219,        15,        12,          1.16,      1.12,       1.2,      0.0075,     0.005,        0.01,           0,             0
    222,         1,        13,          0.04,         0,      0.08,      0.0125,      0.01,       0.015,     90646.7,       2386.78
    223,         2,        13,          0.12,      0.08,      0.16,      0.0125,      0.01,       0.015,       17453,       311.829
    224,         3,        13,           0.2,      0.16,      0.24,      0.0125,      0.01,       0.015,     1332.46,       18.4441
    225,         4,        13,          0.28,      0.24,      0.32,      0.0125,      0.01,       0.015,     169.633,       2.02358
    226,         5,        13,          0.36,      0.32,       0.4,      0.0125,      0.01,       0.015,      42.874,      0.546158
    227,         6,        13,          0.44,       0.4,      0.48,      0.0125,      0.01,       0.015,     17.1489,      0.285328
    228,         7,        13,          0.52,      0.48,      0.56,      0.0125,      0.01,       0.015,     6.13802,      0.133875
    229,         8,        13,           0.6,      0.56,      0.64,      0.0125,      0.01,       0.015,     1.59406,     0.0485844
    230,         9,        13,          0.68,      0.64,      0.72,      0.0125,      0.01,       0.015,    0.207509,    0.00904033
    231,        10,        13,          0.76,      0.72,       0.8,      0.0125,      0.01,       0.015,   0.0140191,    0.00143512
    232,        11,        13,          0.84,       0.8,      0.88,      0.0125,      0.01,       0.015,  0.00126233,    0.00103578
    233,        12,        13,          0.92,      0.88,      0.96,      0.0125,      0.01,       0.015,           0,             0
    234,        13,        13,             1,      0.96,      1.04,      0.0125,      0.01,       0.015,           0,             0
    235,        14,        13,          1.08,      1.04,      1.12,      0.0125,      0.01,       0.015,           0,             0
    236,        15,        13,          1.16,      1.12,       1.2,      0.0125,      0.01,       0.015,           0,             0
    239,         1,        14,          0.04,         0,      0.08,      0.0175,     0.015,        0.02,     46570.2,       1623.31
    240,         2,        14,          0.12,      0.08,      0.16,      0.0175,     0.015,        0.02,     9384.39,       242.842
    241,         3,        14,           0.2,      0.16,      0.24,      0.0175,     0.015,        0.02,      807.81,       14.2629
    242,         4,        14,          0.28,      0.24,      0.32,      0.0175,     0.015,        0.02,     109.992,       1.69767
    243,         5,        14,          0.36,      0.32,       0.4,      0.0175,     0.015,        0.02,     30.8098,       0.47004
    244,         6,        14,          0.44,       0.4,      0.48,      0.0175,     0.015,        0.02,     12.5373,      0.246336
    245,         7,        14,          0.52,      0.48,      0.56,      0.0175,     0.015,        0.02,      4.8195,      0.118037
    246,         8,        14,           0.6,      0.56,      0.64,      0.0175,     0.015,        0.02,     1.26492,     0.0431382
    247,         9,        14,          0.68,      0.64,      0.72,      0.0175,     0.015,        0.02,    0.180666,    0.00921684
    248,        10,        14,          0.76,      0.72,       0.8,      0.0175,     0.015,        0.02,   0.0102087,    0.00117681
    249,        11,        14,          0.84,       0.8,      0.88,      0.0175,     0.015,        0.02, 4.13748e-05,   4.13748e-05
    250,        12,        14,          0.92,      0.88,      0.96,      0.0175,     0.015,        0.02,           0,             0
    251,        13,        14,             1,      0.96,      1.04,      0.0175,     0.015,        0.02,           0,             0
    252,        14,        14,          1.08,      1.04,      1.12,      0.0175,     0.015,        0.02,           0,             0
    253,        15,        14,          1.16,      1.12,       1.2,      0.0175,     0.015,        0.02,           0,             0
    256,         1,        15,          0.04,         0,      0.08,      0.0225,      0.02,       0.025,     21114.3,       1115.75
    257,         2,        15,          0.12,      0.08,      0.16,      0.0225,      0.02,       0.025,        4578,       161.211
    258,         3,        15,           0.2,      0.16,      0.24,      0.0225,      0.02,       0.025,     437.479,       10.8207
    259,         4,        15,          0.28,      0.24,      0.32,      0.0225,      0.02,       0.025,     66.2596,         1.504
    260,         5,        15,          0.36,      0.32,       0.4,      0.0225,      0.02,       0.025,     19.3724,      0.389175
    261,         6,        15,          0.44,       0.4,      0.48,      0.0225,      0.02,       0.025,     8.13248,      0.202832
    262,         7,        15,          0.52,      0.48,      0.56,      0.0225,      0.02,       0.025,     3.19886,     0.0956282
    263,         8,        15,           0.6,      0.56,      0.64,      0.0225,      0.02,       0.025,    0.966441,      0.040613
    264,         9,        15,          0.68,      0.64,      0.72,      0.0225,      0.02,       0.025,    0.132426,    0.00891783
    265,        10,        15,          0.76,      0.72,       0.8,      0.0225,      0.02,       0.025,  0.00623635,   0.000913102
    266,        11,        15,          0.84,       0.8,      0.88,      0.0225,      0.02,       0.025, 0.000259437,   0.000157201
    267,        12,        15,          0.92,      0.88,      0.96,      0.0225,      0.02,       0.025,           0,             0
    268,        13,        15,             1,      0.96,      1.04,      0.0225,      0.02,       0.025,           0,             0
    269,        14,        15,          1.08,      1.04,      1.12,      0.0225,      0.02,       0.025,           0,             0
    270,        15,        15,          1.16,      1.12,       1.2,      0.0225,      0.02,       0.025,           0,             0
    273,         1,        16,          0.04,         0,      0.08,      0.0275,     0.025,        0.03,     12777.9,       902.895
    274,         2,        16,          0.12,      0.08,      0.16,      0.0275,     0.025,        0.03,     2786.84,       129.949
    275,         3,        16,           0.2,      0.16,      0.24,      0.0275,     0.025,        0.03,     247.484,        8.0937
    276,         4,        16,          0.28,      0.24,      0.32,      0.0275,     0.025,        0.03,     37.7007,      0.994791
    277,         5,        16,          0.36,      0.32,       0.4,      0.0275,     0.025,        0.03,     11.4838,      0.291709
    278,         6,        16,          0.44,       0.4,      0.48,      0.0275,     0.025,        0.03,     5.32962,      0.161454
    279,         7,        16,          0.52,      0.48,      0.56,      0.0275,     0.025,        0.03,     2.34251,     0.0853483
    280,         8,        16,           0.6,      0.56,      0.64,      0.0275,     0.025,        0.03,    0.662243,     0.0322682
    281,         9,        16,          0.68,      0.64,      0.72,      0.0275,     0.025,        0.03,    0.079832,    0.00578625
    282,        10,        16,          0.76,      0.72,       0.8,      0.0275,     0.025,        0.03,  0.00686883,   0.000956638
    283,        11,        16,          0.84,       0.8,      0.88,      0.0275,     0.025,        0.03, 0.000288498,   0.000240513
    284,        12,        16,          0.92,      0.88,      0.96,      0.0275,     0.025,        0.03,           0,             0
    285,        13,        16,             1,      0.96,      1.04,      0.0275,     0.025,        0.03,           0,             0
    286,        14,        16,          1.08,      1.04,      1.12,      0.0275,     0.025,        0.03,           0,             0
    287,        15,        16,          1.16,      1.12,       1.2,      0.0275,     0.025,        0.03,           0,             0
    290,         1,        17,          0.04,         0,      0.08,      0.0325,      0.03,       0.035,       10002,       781.965
    291,         2,        17,          0.12,      0.08,      0.16,      0.0325,      0.03,       0.035,     1909.48,       104.205
    292,         3,        17,           0.2,      0.16,      0.24,      0.0325,      0.03,       0.035,     180.822,       7.74858
    293,         4,        17,          0.28,      0.24,      0.32,      0.0325,      0.03,       0.035,     44.5653,        16.664
    294,         5,        17,          0.36,      0.32,       0.4,      0.0325,      0.03,       0.035,     8.00871,      0.256549
    295,         6,        17,          0.44,       0.4,      0.48,      0.0325,      0.03,       0.035,     3.86061,      0.137843
    296,         7,        17,          0.52,      0.48,      0.56,      0.0325,      0.03,       0.035,     1.73005,     0.0762587
    297,         8,        17,           0.6,      0.56,      0.64,      0.0325,      0.03,       0.035,    0.489886,     0.0286024
    298,         9,        17,          0.68,      0.64,      0.72,      0.0325,      0.03,       0.035,   0.0598338,    0.00507676
    299,        10,        17,          0.76,      0.72,       0.8,      0.0325,      0.03,       0.035,  0.00354802,   0.000679787
    300,        11,        17,          0.84,       0.8,      0.88,      0.0325,      0.03,       0.035, 7.23011e-05,   7.23011e-05
    301,        12,        17,          0.92,      0.88,      0.96,      0.0325,      0.03,       0.035,           0,             0
    302,        13,        17,             1,      0.96,      1.04,      0.0325,      0.03,       0.035,           0,             0
    303,        14,        17,          1.08,      1.04,      1.12,      0.0325,      0.03,       0.035,           0,             0
    304,        15,        17,          1.16,      1.12,       1.2,      0.0325,      0.03,       0.035,           0,             0
    307,         1,        18,          0.04,         0,      0.08,      0.0375,     0.035,        0.04,     6861.73,       620.658
    308,         2,        18,          0.12,      0.08,      0.16,      0.0375,     0.035,        0.04,     1729.48,       116.261
    309,         3,        18,           0.2,      0.16,      0.24,      0.0375,     0.035,        0.04,     148.093,       7.39887
    310,         4,        18,          0.28,      0.24,      0.32,      0.0375,     0.035,        0.04,      20.241,      0.728558
    311,         5,        18,          0.36,      0.32,       0.4,      0.0375,     0.035,        0.04,      5.9194,      0.212416
    312,         6,        18,          0.44,       0.4,      0.48,      0.0375,     0.035,        0.04,     2.77224,      0.119973
    313,         7,        18,          0.52,      0.48,      0.56,      0.0375,     0.035,        0.04,     1.20618,     0.0619284
    314,         8,        18,           0.6,      0.56,      0.64,      0.0375,     0.035,        0.04,    0.358752,     0.0271078
    315,         9,        18,          0.68,      0.64,      0.72,      0.0375,     0.035,        0.04,   0.0613041,    0.00691395
    316,        10,        18,          0.76,      0.72,       0.8,      0.0375,     0.035,        0.04,  0.00386259,   0.000824809
    317,        11,        18,          0.84,       0.8,      0.88,      0.0375,     0.035,        0.04, 5.71894e-05,   5.71894e-05
    318,        12,        18,          0.92,      0.88,      0.96,      0.0375,     0.035,        0.04,           0,             0
    319,        13,        18,             1,      0.96,      1.04,      0.0375,     0.035,        0.04,           0,             0
    320,        14,        18,          1.08,      1.04,      1.12,      0.0375,     0.035,        0.04,           0,             0
    321,        15,        18,          1.16,      1.12,       1.2,      0.0375,     0.035,        0.04,           0,             0
    324,         1,        19,          0.04,         0,      0.08,      0.0425,      0.04,       0.045,     4662.03,       494.601
    325,         2,        19,          0.12,      0.08,      0.16,      0.0425,      0.04,       0.045,     1811.98,       142.619
    326,         3,        19,           0.2,      0.16,      0.24,      0.0425,      0.04,       0.045,     135.548,       6.56865
    327,         4,        19,          0.28,      0.24,      0.32,      0.0425,      0.04,       0.045,     23.3715,       6.60207
    328,         5,        19,          0.36,      0.32,       0.4,      0.0425,      0.04,       0.045,     4.99005,      0.194945
    329,         6,        19,          0.44,       0.4,      0.48,      0.0425,      0.04,       0.045,     2.17185,      0.104851
    330,         7,        19,          0.52,      0.48,      0.56,      0.0425,      0.04,       0.045,     0.96388,      0.055303
    331,         8,        19,           0.6,      0.56,      0.64,      0.0425,      0.04,       0.045,    0.254775,     0.0217962
    332,         9,        19,          0.68,      0.64,      0.72,      0.0425,      0.04,       0.045,   0.0443399,    0.00469682
    333,        10,        19,          0.76,      0.72,       0.8,      0.0425,      0.04,       0.045,   0.0032993,   0.000931892
    334,        11,        19,          0.84,       0.8,      0.88,      0.0425,      0.04,       0.045,  0.00177707,    0.00177707
    335,        12,        19,          0.92,      0.88,      0.96,      0.0425,      0.04,       0.045,           0,             0
    336,        13,        19,             1,      0.96,      1.04,      0.0425,      0.04,       0.045,           0,             0
    337,        14,        19,          1.08,      1.04,      1.12,      0.0425,      0.04,       0.045,           0,             0
    338,        15,        19,          1.16,      1.12,       1.2,      0.0425,      0.04,       0.045,           0,             0
    341,         1,        20,          0.04,         0,      0.08,      0.0475,     0.045,        0.05,     5300.95,         629.2
    342,         2,        20,          0.12,      0.08,      0.16,      0.0475,     0.045,        0.05,     1885.42,       162.713
    343,         3,        20,           0.2,      0.16,      0.24,      0.0475,     0.045,        0.05,     116.343,       5.73524
    344,         4,        20,          0.28,      0.24,      0.32,      0.0475,     0.045,        0.05,     15.3637,       0.65371
    345,         5,        20,          0.36,      0.32,       0.4,      0.0475,     0.045,        0.05,     4.43929,      0.181106
    346,         6,        20,          0.44,       0.4,      0.48,      0.0475,     0.045,        0.05,     1.89201,     0.0968553
    347,         7,        20,          0.52,      0.48,      0.56,      0.0475,     0.045,        0.05,    0.839578,     0.0535652
    348,         8,        20,           0.6,      0.56,      0.64,      0.0475,     0.045,        0.05,    0.236829,     0.0202459
    349,         9,        20,          0.68,      0.64,      0.72,      0.0475,     0.045,        0.05,   0.0339474,    0.00411313
    350,        10,        20,          0.76,      0.72,       0.8,      0.0475,     0.045,        0.05,  0.00293636,    0.00130084
    351,        11,        20,          0.84,       0.8,      0.88,      0.0475,     0.045,        0.05, 0.000600632,   0.000600632
    352,        12,        20,          0.92,      0.88,      0.96,      0.0475,     0.045,        0.05,           0,             0
    353,        13,        20,             1,      0.96,      1.04,      0.0475,     0.045,        0.05,           0,             0
    354,        14,        20,          1.08,      1.04,      1.12,      0.0475,     0.045,        0.05,           0,             0
    355,        15,        20,          1.16,      1.12,       1.2,      0.0475,     0.045,        0.05,           0,             0
    358,         1,        21,          0.04,         0,      0.08,      0.0525,      0.05,       0.055,     4009.61,        510.27
    359,         2,        21,          0.12,      0.08,      0.16,      0.0525,      0.05,       0.055,     1550.79,       142.074
    360,         3,        21,           0.2,      0.16,      0.24,      0.0525,      0.05,       0.055,     102.898,       5.80456
    361,         4,        21,          0.28,      0.24,      0.32,      0.0525,      0.05,       0.055,     14.9673,      0.673025
    362,         5,        21,          0.36,      0.32,       0.4,      0.0525,      0.05,       0.055,     3.76665,      0.177461
    363,         6,        21,          0.44,       0.4,      0.48,      0.0525,      0.05,       0.055,     1.47216,      0.084001
    364,         7,        21,          0.52,      0.48,      0.56,      0.0525,      0.05,       0.055,    0.765359,     0.0531865
    365,         8,        21,           0.6,      0.56,      0.64,      0.0525,      0.05,       0.055,    0.195983,      0.017721
    366,         9,        21,          0.68,      0.64,      0.72,      0.0525,      0.05,       0.055,   0.0294089,    0.00418565
    367,        10,        21,          0.76,      0.72,       0.8,      0.0525,      0.05,       0.055,  0.00200361,   0.000516604
    368,        11,        21,          0.84,       0.8,      0.88,      0.0525,      0.05,       0.055, 0.000103746,   0.000103746
    369,        12,        21,          0.92,      0.88,      0.96,      0.0525,      0.05,       0.055,           0,             0
    370,        13,        21,             1,      0.96,      1.04,      0.0525,      0.05,       0.055,           0,             0
    371,        14,        21,          1.08,      1.04,      1.12,      0.0525,      0.05,       0.055,           0,             0
    372,        15,        21,          1.16,      1.12,       1.2,      0.0525,      0.05,       0.055,           0,             0
    375,         1,        22,          0.04,         0,      0.08,      0.0575,     0.055,        0.06,     3480.21,       494.267
    376,         2,        22,          0.12,      0.08,      0.16,      0.0575,     0.055,        0.06,     1966.99,       198.123
    377,         3,        22,           0.2,      0.16,      0.24,      0.0575,     0.055,        0.06,     108.202,       6.18296
    378,         4,        22,          0.28,      0.24,      0.32,      0.0575,     0.055,        0.06,     16.4321,       2.33825
    379,         5,        22,          0.36,      0.32,       0.4,      0.0575,     0.055,        0.06,     3.61749,      0.164307
    380,         6,        22,          0.44,       0.4,      0.48,      0.0575,     0.055,        0.06,     1.62254,     0.0916357
    381,         7,        22,          0.52,      0.48,      0.56,      0.0575,     0.055,        0.06,    0.647401,     0.0469689
    382,         8,        22,           0.6,      0.56,      0.64,      0.0575,     0.055,        0.06,    0.287123,     0.0850167
    383,         9,        22,          0.68,      0.64,      0.72,      0.0575,     0.055,        0.06,   0.0305704,    0.00395182
    384,        10,        22,          0.76,      0.72,       0.8,      0.0575,     0.055,        0.06,  0.00312025,    0.00143869
    385,        11,        22,          0.84,       0.8,      0.88,      0.0575,     0.055,        0.06,   0.0101657,    0.00987503
    386,        12,        22,          0.92,      0.88,      0.96,      0.0575,     0.055,        0.06,           0,             0
    387,        13,        22,             1,      0.96,      1.04,      0.0575,     0.055,        0.06,           0,             0
    388,        14,        22,          1.08,      1.04,      1.12,      0.0575,     0.055,        0.06,           0,             0
    389,        15,        22,          1.16,      1.12,       1.2,      0.0575,     0.055,        0.06,           0,             0
    392,         1,        23,          0.04,         0,      0.08,      0.0625,      0.06,       0.065,     3159.68,       488.747
    393,         2,        23,          0.12,      0.08,      0.16,      0.0625,      0.06,       0.065,     1785.95,       185.761
    394,         3,        23,           0.2,      0.16,      0.24,      0.0625,      0.06,       0.065,     98.1213,       6.62695
    395,         4,        23,          0.28,      0.24,      0.32,      0.0625,      0.06,       0.065,      11.617,      0.617484
    396,         5,        23,          0.36,      0.32,       0.4,      0.0625,      0.06,       0.065,     3.30223,      0.159902
    397,         6,        23,          0.44,       0.4,      0.48,      0.0625,      0.06,       0.065,     1.29012,     0.0840581
    398,         7,        23,          0.52,      0.48,      0.56,      0.0625,      0.06,       0.065,    0.622329,     0.0497413
    399,         8,        23,           0.6,      0.56,      0.64,      0.0625,      0.06,       0.065,    0.168915,     0.0179499
    400,         9,        23,          0.68,      0.64,      0.72,      0.0625,      0.06,       0.065,   0.0365832,    0.00581488
    401,        10,        23,          0.76,      0.72,       0.8,      0.0625,      0.06,       0.065,  0.00168351,   0.000475662
    402,        11,        23,          0.84,       0.8,      0.88,      0.0625,      0.06,       0.065,           0,             0
    403,        12,        23,          0.92,      0.88,      0.96,      0.0625,      0.06,       0.065,           0,             0
    404,        13,        23,             1,      0.96,      1.04,      0.0625,      0.06,       0.065,           0,             0
    405,        14,        23,          1.08,      1.04,      1.12,      0.0625,      0.06,       0.065,           0,             0
    406,        15,        23,          1.16,      1.12,       1.2,      0.0625,      0.06,       0.065,           0,             0
    409,         1,        24,          0.04,         0,      0.08,      0.0675,     0.065,        0.07,     2316.24,       411.473
    410,         2,        24,          0.12,      0.08,      0.16,      0.0675,     0.065,        0.07,     1983.94,       244.786
    411,         3,        24,           0.2,      0.16,      0.24,      0.0675,     0.065,        0.07,     106.842,       15.4522
    412,         4,        24,          0.28,      0.24,      0.32,      0.0675,     0.065,        0.07,     11.9091,       0.72401
    413,         5,        24,          0.36,      0.32,       0.4,      0.0675,     0.065,        0.07,     3.31592,      0.168079
    414,         6,        24,          0.44,       0.4,      0.48,      0.0675,     0.065,        0.07,     1.33468,     0.0821722
    415,         7,        24,          0.52,      0.48,      0.56,      0.0675,     0.065,        0.07,     0.59559,     0.0464163
    416,         8,        24,           0.6,      0.56,      0.64,      0.0675,     0.065,        0.07,    0.168984,     0.0172314
    417,         9,        24,          0.68,      0.64,      0.72,      0.0675,     0.065,        0.07,   0.0176901,    0.00242217
    418,        10,        24,          0.76,      0.72,       0.8,      0.0675,     0.065,        0.07,  0.00114246,   0.000404579
    419,        11,        24,          0.84,       0.8,      0.88,      0.0675,     0.065,        0.07, 7.52869e-05,   7.52869e-05
    420,        12,        24,          0.92,      0.88,      0.96,      0.0675,     0.065,        0.07,           0,             0
    421,        13,        24,             1,      0.96,      1.04,      0.0675,     0.065,        0.07,           0,             0
    422,        14,        24,          1.08,      1.04,      1.12,      0.0675,     0.065,        0.07,           0,             0
    423,        15,        24,          1.16,      1.12,       1.2,      0.0675,     0.065,        0.07,           0,             0
    426,         1,        25,          0.04,         0,      0.08,      0.0725,      0.07,       0.075,     2400.13,       419.064
    427,         2,        25,          0.12,      0.08,      0.16,      0.0725,      0.07,       0.075,     2270.99,       299.424
    428,         3,        25,           0.2,      0.16,      0.24,      0.0725,      0.07,       0.075,     131.505,        26.582
    429,         4,        25,          0.28,      0.24,      0.32,      0.0725,      0.07,       0.075,     12.8367,      0.809934
    430,         5,        25,          0.36,      0.32,       0.4,      0.0725,      0.07,       0.075,      2.9709,      0.170828
    431,         6,        25,          0.44,       0.4,      0.48,      0.0725,      0.07,       0.075,     1.33612,      0.086916
    432,         7,        25,          0.52,      0.48,      0.56,      0.0725,      0.07,       0.075,    0.482388,     0.0410527
    433,         8,        25,           0.6,      0.56,      0.64,      0.0725,      0.07,       0.075,     0.16296,     0.0169699
    434,         9,        25,          0.68,      0.64,      0.72,      0.0725,      0.07,       0.075,   0.0190573,    0.00293471
    435,        10,        25,          0.76,      0.72,       0.8,      0.0725,      0.07,       0.075,    0.002276,   0.000892811
    436,        11,        25,          0.84,       0.8,      0.88,      0.0725,      0.07,       0.075,           0,             0
    437,        12,        25,          0.92,      0.88,      0.96,      0.0725,      0.07,       0.075,           0,             0
    438,        13,        25,             1,      0.96,      1.04,      0.0725,      0.07,       0.075,           0,             0
    439,        14,        25,          1.08,      1.04,      1.12,      0.0725,      0.07,       0.075,           0,             0
    440,        15,        25,          1.16,      1.12,       1.2,      0.0725,      0.07,       0.075,           0,             0
    443,         1,        26,          0.04,         0,      0.08,      0.0775,     0.075,        0.08,     1917.88,       339.227
    444,         2,        26,          0.12,      0.08,      0.16,      0.0775,     0.075,        0.08,      2394.8,       297.687
    445,         3,        26,           0.2,      0.16,      0.24,      0.0775,     0.075,        0.08,     103.003,       6.64072
    446,         4,        26,          0.28,      0.24,      0.32,      0.0775,     0.075,        0.08,     12.9526,       1.37681
    447,         5,        26,          0.36,      0.32,       0.4,      0.0775,     0.075,        0.08,      3.1474,      0.181636
    448,         6,        26,          0.44,       0.4,      0.48,      0.0775,     0.075,        0.08,     1.34031,      0.091894
    449,         7,        26,          0.52,      0.48,      0.56,      0.0775,     0.075,        0.08,     0.53649,     0.0425831
    450,         8,        26,           0.6,      0.56,      0.64,      0.0775,     0.075,        0.08,     0.15091,     0.0165875
    451,         9,        26,          0.68,      0.64,      0.72,      0.0775,     0.075,        0.08,   0.0254996,    0.00422003
    452,        10,        26,          0.76,      0.72,       0.8,      0.0775,     0.075,        0.08,   0.0024303,     0.0010347
    453,        11,        26,          0.84,       0.8,      0.88,      0.0775,     0.075,        0.08, 0.000197509,   0.000142384
    454,        12,        26,          0.92,      0.88,      0.96,      0.0775,     0.075,        0.08,           0,             0
    455,        13,        26,             1,      0.96,      1.04,      0.0775,     0.075,        0.08,           0,             0
    456,        14,        26,          1.08,      1.04,      1.12,      0.0775,     0.075,        0.08,           0,             0
    457,        15,        26,          1.16,      1.12,       1.2,      0.0775,     0.075,        0.08,           0,             0
    460,         1,        27,          0.04,         0,      0.08,      0.0825,      0.08,       0.085,     1112.57,       232.474
    461,         2,        27,          0.12,      0.08,      0.16,      0.0825,      0.08,       0.085,     2331.42,        297.61
    462,         3,        27,           0.2,      0.16,      0.24,      0.0825,      0.08,       0.085,     124.598,       11.5831
    463,         4,        27,          0.28,      0.24,      0.32,      0.0825,      0.08,       0.085,      12.448,      0.805846
    464,         5,        27,          0.36,      0.32,       0.4,      0.0825,      0.08,       0.085,      2.7962,      0.155393
    465,         6,        27,          0.44,       0.4,      0.48,      0.0825,      0.08,       0.085,     1.15382,     0.0827628
    466,         7,        27,          0.52,      0.48,      0.56,      0.0825,      0.08,       0.085,    0.466884,      0.040265
    467,         8,        27,           0.6,      0.56,      0.64,      0.0825,      0.08,       0.085,    0.157614,     0.0179394
    468,         9,        27,          0.68,      0.64,      0.72,      0.0825,      0.08,       0.085,    0.037408,    0.00659751
    469,        10,        27,          0.76,      0.72,       0.8,      0.0825,      0.08,       0.085,  0.00169898,   0.000565182
    470,        11,        27,          0.84,       0.8,      0.88,      0.0825,      0.08,       0.085, 0.000252719,   0.000178733
    471,        12,        27,          0.92,      0.88,      0.96,      0.0825,      0.08,       0.085,           0,             0
    472,        13,        27,             1,      0.96,      1.04,      0.0825,      0.08,       0.085,           0,             0
    473,        14,        27,          1.08,      1.04,      1.12,      0.0825,      0.08,       0.085,           0,             0
    474,        15,        27,          1.16,      1.12,       1.2,      0.0825,      0.08,       0.085,           0,             0
    477,         1,        28,          0.04,         0,      0.08,      0.0875,     0.085,        0.09,     715.376,       217.743
    478,         2,        28,          0.12,      0.08,      0.16,      0.0875,     0.085,        0.09,     2412.35,        313.29
    479,         3,        28,           0.2,      0.16,      0.24,      0.0875,     0.085,        0.09,     141.629,       19.1685
    480,         4,        28,          0.28,      0.24,      0.32,      0.0875,     0.085,        0.09,     11.8085,       0.72317
    481,         5,        28,          0.36,      0.32,       0.4,      0.0875,     0.085,        0.09,     2.85825,      0.175102
    482,         6,        28,          0.44,       0.4,      0.48,      0.0875,     0.085,        0.09,     1.13837,     0.0825033
    483,         7,        28,          0.52,      0.48,      0.56,      0.0875,     0.085,        0.09,      0.5272,     0.0543778
    484,         8,        28,           0.6,      0.56,      0.64,      0.0875,     0.085,        0.09,    0.151443,     0.0187883
    485,         9,        28,          0.68,      0.64,      0.72,      0.0875,     0.085,        0.09,   0.0287826,    0.00442833
    486,        10,        28,          0.76,      0.72,       0.8,      0.0875,     0.085,        0.09,  0.00195938,   0.000933492
    487,        11,        28,          0.84,       0.8,      0.88,      0.0875,     0.085,        0.09, 9.62068e-05,   9.62068e-05
    488,        12,        28,          0.92,      0.88,      0.96,      0.0875,     0.085,        0.09,           0,             0
    489,        13,        28,             1,      0.96,      1.04,      0.0875,     0.085,        0.09,           0,             0
    490,        14,        28,          1.08,      1.04,      1.12,      0.0875,     0.085,        0.09,           0,             0
    491,        15,        28,          1.16,      1.12,       1.2,      0.0875,     0.085,        0.09,           0,             0
    494,         1,        29,          0.04,         0,      0.08,      0.0925,      0.09,       0.095,     481.562,       131.118
    495,         2,        29,          0.12,      0.08,      0.16,      0.0925,      0.09,       0.095,     2923.49,       394.177
    496,         3,        29,           0.2,      0.16,      0.24,      0.0925,      0.09,       0.095,     116.451,       9.80162
    497,         4,        29,          0.28,      0.24,      0.32,      0.0925,      0.09,       0.095,     9.74817,      0.779761
    498,         5,        29,          0.36,      0.32,       0.4,      0.0925,      0.09,       0.095,     2.40705,      0.141101
    499,         6,        29,          0.44,       0.4,      0.48,      0.0925,      0.09,       0.095,     1.01043,     0.0727077
    500,         7,        29,          0.52,      0.48,      0.56,      0.0925,      0.09,       0.095,    0.408594,     0.0372496
    501,         8,        29,           0.6,      0.56,      0.64,      0.0925,      0.09,       0.095,    0.146735,     0.0181771
    502,         9,        29,          0.68,      0.64,      0.72,      0.0925,      0.09,       0.095,   0.0372688,    0.00770729
    503,        10,        29,          0.76,      0.72,       0.8,      0.0925,      0.09,       0.095,  0.00181014,   0.000584741
    504,        11,        29,          0.84,       0.8,      0.88,      0.0925,      0.09,       0.095, 0.000504072,   0.000433831
    505,        12,        29,          0.92,      0.88,      0.96,      0.0925,      0.09,       0.095,           0,             0
    506,        13,        29,             1,      0.96,      1.04,      0.0925,      0.09,       0.095,           0,             0
    507,        14,        29,          1.08,      1.04,      1.12,      0.0925,      0.09,       0.095,           0,             0
    508,        15,        29,          1.16,      1.12,       1.2,      0.0925,      0.09,       0.095,           0,             0
    511,         1,        30,          0.04,         0,      0.08,      0.0975,     0.095,         0.1,     591.022,       182.151
    512,         2,        30,          0.12,      0.08,      0.16,      0.0975,     0.095,         0.1,     2750.78,       362.132
    513,         3,        30,           0.2,      0.16,      0.24,      0.0975,     0.095,         0.1,      144.33,       19.0994
    514,         4,        30,          0.28,      0.24,      0.32,      0.0975,     0.095,         0.1,     11.8232,      0.911247
    515,         5,        30,          0.36,      0.32,       0.4,      0.0975,     0.095,         0.1,      2.8528,      0.174579
    516,         6,        30,          0.44,       0.4,      0.48,      0.0975,     0.095,         0.1,     1.16734,     0.0836281
    517,         7,        30,          0.52,      0.48,      0.56,      0.0975,     0.095,         0.1,    0.530853,     0.0627488
    518,         8,        30,           0.6,      0.56,      0.64,      0.0975,     0.095,         0.1,    0.137794,     0.0176853
    519,         9,        30,          0.68,      0.64,      0.72,      0.0975,     0.095,         0.1,   0.0240515,    0.00415828
    520,        10,        30,          0.76,      0.72,       0.8,      0.0975,     0.095,         0.1,  0.00457914,    0.00219099
    521,        11,        30,          0.84,       0.8,      0.88,      0.0975,     0.095,         0.1,           0,             0
    522,        12,        30,          0.92,      0.88,      0.96,      0.0975,     0.095,         0.1,           0,             0
    523,        13,        30,             1,      0.96,      1.04,      0.0975,     0.095,         0.1,           0,             0
    524,        14,        30,          1.08,      1.04,      1.12,      0.0975,     0.095,         0.1,           0,             0
    525,        15,        30,          1.16,      1.12,       1.2,      0.0975,     0.095,         0.1,           0,             0
    528,         1,        31,          0.04,         0,      0.08,      0.1025,       0.1,       0.105,     403.835,       135.969
    529,         2,        31,          0.12,      0.08,      0.16,      0.1025,       0.1,       0.105,     2902.96,       357.547
    530,         3,        31,           0.2,      0.16,      0.24,      0.1025,       0.1,       0.105,     180.101,       23.4678
    531,         4,        31,          0.28,      0.24,      0.32,      0.1025,       0.1,       0.105,       13.08,       1.02208
    532,         5,        31,          0.36,      0.32,       0.4,      0.1025,       0.1,       0.105,     2.48098,       0.15584
    533,         6,        31,          0.44,       0.4,      0.48,      0.1025,       0.1,       0.105,     1.06793,     0.0818487
    534,         7,        31,          0.52,      0.48,      0.56,      0.1025,       0.1,       0.105,    0.517593,     0.0460561
    535,         8,        31,           0.6,      0.56,      0.64,      0.1025,       0.1,       0.105,    0.144996,     0.0187056
    536,         9,        31,          0.68,      0.64,      0.72,      0.1025,       0.1,       0.105,   0.0516868,     0.0254526
    537,        10,        31,          0.76,      0.72,       0.8,      0.1025,       0.1,       0.105,  0.00263636,   0.000686349
    538,        11,        31,          0.84,       0.8,      0.88,      0.1025,       0.1,       0.105, 0.000166037,   0.000166037
    539,        12,        31,          0.92,      0.88,      0.96,      0.1025,       0.1,       0.105,           0,             0
    540,        13,        31,             1,      0.96,      1.04,      0.1025,       0.1,       0.105,           0,             0
    541,        14,        31,          1.08,      1.04,      1.12,      0.1025,       0.1,       0.105,           0,             0
    542,        15,        31,          1.16,      1.12,       1.2,      0.1025,       0.1,       0.105,           0,             0
    545,         1,        32,          0.04,         0,      0.08,      0.1075,     0.105,        0.11,     315.807,       109.449
    546,         2,        32,          0.12,      0.08,      0.16,      0.1075,     0.105,        0.11,      2742.7,       328.253
    547,         3,        32,           0.2,      0.16,      0.24,      0.1075,     0.105,        0.11,     221.116,       26.1083
    548,         4,        32,          0.28,      0.24,      0.32,      0.1075,     0.105,        0.11,     13.7395,      0.920283
    549,         5,        32,          0.36,      0.32,       0.4,      0.1075,     0.105,        0.11,     5.44028,       2.68711
    550,         6,        32,          0.44,       0.4,      0.48,      0.1075,     0.105,        0.11,     1.12124,     0.0829707
    551,         7,        32,          0.52,      0.48,      0.56,      0.1075,     0.105,        0.11,     0.48307,     0.0445139
    552,         8,        32,           0.6,      0.56,      0.64,      0.1075,     0.105,        0.11,    0.139948,     0.0178169
    553,         9,        32,          0.68,      0.64,      0.72,      0.1075,     0.105,        0.11,   0.0292148,    0.00611386
    554,        10,        32,          0.76,      0.72,       0.8,      0.1075,     0.105,        0.11,  0.00430207,     0.0013462
    555,        11,        32,          0.84,       0.8,      0.88,      0.1075,     0.105,        0.11, 0.000225388,   0.000132012
    556,        12,        32,          0.92,      0.88,      0.96,      0.1075,     0.105,        0.11,           0,             0
    557,        13,        32,             1,      0.96,      1.04,      0.1075,     0.105,        0.11,           0,             0
    558,        14,        32,          1.08,      1.04,      1.12,      0.1075,     0.105,        0.11,           0,             0
    559,        15,        32,          1.16,      1.12,       1.2,      0.1075,     0.105,        0.11,           0,             0
    562,         1,        33,          0.04,         0,      0.08,      0.1125,      0.11,       0.115,     388.251,       145.032
    563,         2,        33,          0.12,      0.08,      0.16,      0.1125,      0.11,       0.115,     2196.12,       344.972
    564,         3,        33,           0.2,      0.16,      0.24,      0.1125,      0.11,       0.115,       259.3,       34.3162
    565,         4,        33,          0.28,      0.24,      0.32,      0.1125,      0.11,       0.115,     16.1578,       2.05518
    566,         5,        33,          0.36,      0.32,       0.4,      0.1125,      0.11,       0.115,     2.64336,       0.16676
    567,         6,        33,          0.44,       0.4,      0.48,      0.1125,      0.11,       0.115,     1.36397,      0.286034
    568,         7,        33,          0.52,      0.48,      0.56,      0.1125,      0.11,       0.115,    0.403978,      0.040386
    569,         8,        33,           0.6,      0.56,      0.64,      0.1125,      0.11,       0.115,    0.277061,      0.124075
    570,         9,        33,          0.68,      0.64,      0.72,      0.1125,      0.11,       0.115,   0.0262091,    0.00519713
    571,        10,        33,          0.76,      0.72,       0.8,      0.1125,      0.11,       0.115,  0.00279484,   0.000976166
    572,        11,        33,          0.84,       0.8,      0.88,      0.1125,      0.11,       0.115,           0,             0
    573,        12,        33,          0.92,      0.88,      0.96,      0.1125,      0.11,       0.115,           0,             0
    574,        13,        33,             1,      0.96,      1.04,      0.1125,      0.11,       0.115,           0,             0
    575,        14,        33,          1.08,      1.04,      1.12,      0.1125,      0.11,       0.115,           0,             0
    576,        15,        33,          1.16,      1.12,       1.2,      0.1125,      0.11,       0.115,           0,             0
    579,         1,        34,          0.04,         0,      0.08,      0.1175,     0.115,        0.12,     110.124,       51.9692
    580,         2,        34,          0.12,      0.08,      0.16,      0.1175,     0.115,        0.12,     2490.78,       343.598
    581,         3,        34,           0.2,      0.16,      0.24,      0.1175,     0.115,        0.12,     209.308,       37.1459
    582,         4,        34,          0.28,      0.24,      0.32,      0.1175,     0.115,        0.12,     12.2611,       1.14881
    583,         5,        34,          0.36,      0.32,       0.4,      0.1175,     0.115,        0.12,     3.12189,      0.357935
    584,         6,        34,          0.44,       0.4,      0.48,      0.1175,     0.115,        0.12,     9.64512,       8.68099
    585,         7,        34,          0.52,      0.48,      0.56,      0.1175,     0.115,        0.12,    0.391666,     0.0392083
    586,         8,        34,           0.6,      0.56,      0.64,      0.1175,     0.115,        0.12,    0.162755,     0.0193382
    587,         9,        34,          0.68,      0.64,      0.72,      0.1175,     0.115,        0.12,   0.0320487,    0.00677164
    588,        10,        34,          0.76,      0.72,       0.8,      0.1175,     0.115,        0.12,  0.00228674,   0.000802308
    589,        11,        34,          0.84,       0.8,      0.88,      0.1175,     0.115,        0.12,           0,             0
    590,        12,        34,          0.92,      0.88,      0.96,      0.1175,     0.115,        0.12,           0,             0
    591,        13,        34,             1,      0.96,      1.04,      0.1175,     0.115,        0.12,           0,             0
    592,        14,        34,          1.08,      1.04,      1.12,      0.1175,     0.115,        0.12,           0,             0
    593,        15,        34,          1.16,      1.12,       1.2,      0.1175,     0.115,        0.12,           0,             0
    596,         1,        35,          0.04,         0,      0.08,      0.1225,      0.12,       0.125,     33.1879,       33.1879
    597,         2,        35,          0.12,      0.08,      0.16,      0.1225,      0.12,       0.125,     2130.83,        332.92
    598,         3,        35,           0.2,      0.16,      0.24,      0.1225,      0.12,       0.125,     475.193,       105.965
    599,         4,        35,          0.28,      0.24,      0.32,      0.1225,      0.12,       0.125,     15.1952,       1.15388
    600,         5,        35,          0.36,      0.32,       0.4,      0.1225,      0.12,       0.125,     3.08578,      0.414049
    601,         6,        35,          0.44,       0.4,      0.48,      0.1225,      0.12,       0.125,     1.11626,       0.11914
    602,         7,        35,          0.52,      0.48,      0.56,      0.1225,      0.12,       0.125,    0.467781,     0.0455972
    603,         8,        35,           0.6,      0.56,      0.64,      0.1225,      0.12,       0.125,    0.118754,     0.0160554
    604,         9,        35,          0.68,      0.64,      0.72,      0.1225,      0.12,       0.125,   0.0311031,      0.006677
    605,        10,        35,          0.76,      0.72,       0.8,      0.1225,      0.12,       0.125,   0.0064488,     0.0043732
    606,        11,        35,          0.84,       0.8,      0.88,      0.1225,      0.12,       0.125, 0.000172657,   0.000122165
    607,        12,        35,          0.92,      0.88,      0.96,      0.1225,      0.12,       0.125,           0,             0
    608,        13,        35,             1,      0.96,      1.04,      0.1225,      0.12,       0.125,           0,             0
    609,        14,        35,          1.08,      1.04,      1.12,      0.1225,      0.12,       0.125,           0,             0
    610,        15,        35,          1.16,      1.12,       1.2,      0.1225,      0.12,       0.125,           0,             0
    613,         1,        36,          0.04,         0,      0.08,      0.1275,     0.125,        0.13,           0,             0
    614,         2,        36,          0.12,      0.08,      0.16,      0.1275,     0.125,        0.13,     1732.28,         272.5
    615,         3,        36,           0.2,      0.16,      0.24,      0.1275,     0.125,        0.13,      490.36,       100.067
    616,         4,        36,          0.28,      0.24,      0.32,      0.1275,     0.125,        0.13,     16.5964,        1.4768
    617,         5,        36,          0.36,      0.32,       0.4,      0.1275,     0.125,        0.13,     3.00626,      0.257256
    618,         6,        36,          0.44,       0.4,      0.48,      0.1275,     0.125,        0.13,     1.75221,      0.548666
    619,         7,        36,          0.52,      0.48,      0.56,      0.1275,     0.125,        0.13,    0.812499,      0.394728
    620,         8,        36,           0.6,      0.56,      0.64,      0.1275,     0.125,        0.13,    0.178356,     0.0213534
    621,         9,        36,          0.68,      0.64,      0.72,      0.1275,     0.125,        0.13,   0.0278143,    0.00552451
    622,        10,        36,          0.76,      0.72,       0.8,      0.1275,     0.125,        0.13,   0.0015941,   0.000586956
    623,        11,        36,          0.84,       0.8,      0.88,      0.1275,     0.125,        0.13, 0.000109347,   0.000109347
    624,        12,        36,          0.92,      0.88,      0.96,      0.1275,     0.125,        0.13,           0,             0
    625,        13,        36,             1,      0.96,      1.04,      0.1275,     0.125,        0.13,           0,             0
    626,        14,        36,          1.08,      1.04,      1.12,      0.1275,     0.125,        0.13,           0,             0
    627,        15,        36,          1.16,      1.12,       1.2,      0.1275,     0.125,        0.13,           0,             0
    630,         1,        37,          0.04,         0,      0.08,      0.1325,      0.13,       0.135,           0,             0
    631,         2,        37,          0.12,      0.08,      0.16,      0.1325,      0.13,       0.135,     2017.32,       340.869
    632,         3,        37,           0.2,      0.16,      0.24,      0.1325,      0.13,       0.135,     714.056,       138.744
    633,         4,        37,          0.28,      0.24,      0.32,      0.1325,      0.13,       0.135,     41.6035,       18.3692
    634,         5,        37,          0.36,      0.32,       0.4,      0.1325,      0.13,       0.135,     2.68101,      0.185589
    635,         6,        37,          0.44,       0.4,      0.48,      0.1325,      0.13,       0.135,     1.23787,      0.293027
    636,         7,        37,          0.52,      0.48,      0.56,      0.1325,      0.13,       0.135,    0.411299,     0.0434622
    637,         8,        37,           0.6,      0.56,      0.64,      0.1325,      0.13,       0.135,    0.207459,     0.0517008
    638,         9,        37,          0.68,      0.64,      0.72,      0.1325,      0.13,       0.135,   0.0271313,    0.00657034
    639,        10,        37,          0.76,      0.72,       0.8,      0.1325,      0.13,       0.135,  0.00205974,   0.000917472
    640,        11,        37,          0.84,       0.8,      0.88,      0.1325,      0.13,       0.135,  0.00015852,    0.00015852
    641,        12,        37,          0.92,      0.88,      0.96,      0.1325,      0.13,       0.135, 0.000133545,   0.000133545
    642,        13,        37,             1,      0.96,      1.04,      0.1325,      0.13,       0.135,           0,             0
    643,        14,        37,          1.08,      1.04,      1.12,      0.1325,      0.13,       0.135,           0,             0
    644,        15,        37,          1.16,      1.12,       1.2,      0.1325,      0.13,       0.135,           0,             0
    647,         1,        38,          0.04,         0,      0.08,      0.1375,     0.135,        0.14,           0,             0
    648,         2,        38,          0.12,      0.08,      0.16,      0.1375,     0.135,        0.14,     2041.86,       354.271
    649,         3,        38,           0.2,      0.16,      0.24,      0.1375,     0.135,        0.14,     659.373,       132.391
    650,         4,        38,          0.28,      0.24,      0.32,      0.1375,     0.135,        0.14,     25.3904,       6.54347
    651,         5,        38,          0.36,      0.32,       0.4,      0.1375,     0.135,        0.14,     3.08399,      0.277271
    652,         6,        38,          0.44,       0.4,      0.48,      0.1375,     0.135,        0.14,      1.1312,      0.135119
    653,         7,        38,          0.52,      0.48,      0.56,      0.1375,     0.135,        0.14,     0.69898,      0.267632
    654,         8,        38,           0.6,      0.56,      0.64,      0.1375,     0.135,        0.14,    0.173973,     0.0220346
    655,         9,        38,          0.68,      0.64,      0.72,      0.1375,     0.135,        0.14,   0.0392328,    0.00759611
    656,        10,        38,          0.76,      0.72,       0.8,      0.1375,     0.135,        0.14,  0.00366821,    0.00120991
    657,        11,        38,          0.84,       0.8,      0.88,      0.1375,     0.135,        0.14, 0.000242215,   0.000143384
    658,        12,        38,          0.92,      0.88,      0.96,      0.1375,     0.135,        0.14,           0,             0
    659,        13,        38,             1,      0.96,      1.04,      0.1375,     0.135,        0.14,           0,             0
    660,        14,        38,          1.08,      1.04,      1.12,      0.1375,     0.135,        0.14,           0,             0
    661,        15,        38,          1.16,      1.12,       1.2,      0.1375,     0.135,        0.14,           0,             0
    664,         1,        39,          0.04,         0,      0.08,      0.1425,      0.14,       0.145,           0,             0
    665,         2,        39,          0.12,      0.08,      0.16,      0.1425,      0.14,       0.145,      2028.8,       337.391
    666,         3,        39,           0.2,      0.16,      0.24,      0.1425,      0.14,       0.145,     740.357,       164.112
    667,         4,        39,          0.28,      0.24,      0.32,      0.1425,      0.14,       0.145,     20.7338,       2.17727
    668,         5,        39,          0.36,      0.32,       0.4,      0.1425,      0.14,       0.145,     3.24322,      0.360576
    669,         6,        39,          0.44,       0.4,      0.48,      0.1425,      0.14,       0.145,    0.974629,     0.0771432
    670,         7,        39,          0.52,      0.48,      0.56,      0.1425,      0.14,       0.145,    0.405809,     0.0375093
    671,         8,        39,           0.6,      0.56,      0.64,      0.1425,      0.14,       0.145,    0.137174,     0.0173988
    672,         9,        39,          0.68,      0.64,      0.72,      0.1425,      0.14,       0.145,   0.0409194,    0.00781062
    673,        10,        39,          0.76,      0.72,       0.8,      0.1425,      0.14,       0.145,  0.00316732,    0.00101246
    674,        11,        39,          0.84,       0.8,      0.88,      0.1425,      0.14,       0.145, 0.000250676,   0.000187339
    675,        12,        39,          0.92,      0.88,      0.96,      0.1425,      0.14,       0.145,           0,             0
    676,        13,        39,             1,      0.96,      1.04,      0.1425,      0.14,       0.145,           0,             0
    677,        14,        39,          1.08,      1.04,      1.12,      0.1425,      0.14,       0.145,           0,             0
    678,        15,        39,          1.16,      1.12,       1.2,      0.1425,      0.14,       0.145,           0,             0
    681,         1,        40,          0.04,         0,      0.08,      0.1475,     0.145,        0.15,           0,             0
    682,         2,        40,          0.12,      0.08,      0.16,      0.1475,     0.145,        0.15,     1323.12,       293.732
    683,         3,        40,           0.2,      0.16,      0.24,      0.1475,     0.145,        0.15,     1132.02,       248.376
    684,         4,        40,          0.28,      0.24,      0.32,      0.1475,     0.145,        0.15,     21.5828,       2.13525
    685,         5,        40,          0.36,      0.32,       0.4,      0.1475,     0.145,        0.15,     3.18527,      0.266289
    686,         6,        40,          0.44,       0.4,      0.48,      0.1475,     0.145,        0.15,     1.04005,     0.0814593
    687,         7,        40,          0.52,      0.48,      0.56,      0.1475,     0.145,        0.15,    0.477092,     0.0435848
    688,         8,        40,           0.6,      0.56,      0.64,      0.1475,     0.145,        0.15,    0.125277,     0.0165261
    689,         9,        40,          0.68,      0.64,      0.72,      0.1475,     0.145,        0.15,   0.0351576,    0.00668935
    690,        10,        40,          0.76,      0.72,       0.8,      0.1475,     0.145,        0.15,  0.00471387,    0.00131473
    691,        11,        40,          0.84,       0.8,      0.88,      0.1475,     0.145,        0.15,  0.00529116,    0.00504556
    692,        12,        40,          0.92,      0.88,      0.96,      0.1475,     0.145,        0.15,           0,             0
    693,        13,        40,             1,      0.96,      1.04,      0.1475,     0.145,        0.15,           0,             0
    694,        14,        40,          1.08,      1.04,      1.12,      0.1475,     0.145,        0.15,           0,             0
    695,        15,        40,          1.16,      1.12,       1.2,      0.1475,     0.145,        0.15,           0,             0
    698,         1,        41,          0.04,         0,      0.08,      0.1525,      0.15,       0.155,           0,             0
    699,         2,        41,          0.12,      0.08,      0.16,      0.1525,      0.15,       0.155,     1294.46,       278.174
    700,         3,        41,           0.2,      0.16,      0.24,      0.1525,      0.15,       0.155,     1152.46,       210.255
    701,         4,        41,          0.28,      0.24,      0.32,      0.1525,      0.15,       0.155,     22.6431,       2.64906
    702,         5,        41,          0.36,      0.32,       0.4,      0.1525,      0.15,       0.155,     4.68521,       0.78237
    703,         6,        41,          0.44,       0.4,      0.48,      0.1525,      0.15,       0.155,     1.03425,     0.0986233
    704,         7,        41,          0.52,      0.48,      0.56,      0.1525,      0.15,       0.155,    0.430319,     0.0444127
    705,         8,        41,           0.6,      0.56,      0.64,      0.1525,      0.15,       0.155,    0.169002,     0.0232626
    706,         9,        41,          0.68,      0.64,      0.72,      0.1525,      0.15,       0.155,   0.0415161,    0.00758121
    707,        10,        41,          0.76,      0.72,       0.8,      0.1525,      0.15,       0.155,   0.0079481,    0.00304817
    708,        11,        41,          0.84,       0.8,      0.88,      0.1525,      0.15,       0.155, 0.000328731,   0.000232659
    709,        12,        41,          0.92,      0.88,      0.96,      0.1525,      0.15,       0.155,           0,             0
    710,        13,        41,             1,      0.96,      1.04,      0.1525,      0.15,       0.155,           0,             0
    711,        14,        41,          1.08,      1.04,      1.12,      0.1525,      0.15,       0.155,           0,             0
    712,        15,        41,          1.16,      1.12,       1.2,      0.1525,      0.15,       0.155,           0,             0
    715,         1,        42,          0.04,         0,      0.08,      0.1575,     0.155,        0.16,           0,             0
    716,         2,        42,          0.12,      0.08,      0.16,      0.1575,     0.155,        0.16,      1044.4,       221.598
    717,         3,        42,           0.2,      0.16,      0.24,      0.1575,     0.155,        0.16,     1069.93,       215.107
    718,         4,        42,          0.28,      0.24,      0.32,      0.1575,     0.155,        0.16,      35.677,       8.93317
    719,         5,        42,          0.36,      0.32,       0.4,      0.1575,     0.155,        0.16,     3.82722,      0.361772
    720,         6,        42,          0.44,       0.4,      0.48,      0.1575,     0.155,        0.16,      1.1884,      0.124347
    721,         7,        42,          0.52,      0.48,      0.56,      0.1575,     0.155,        0.16,    0.443589,     0.0446719
    722,         8,        42,           0.6,      0.56,      0.64,      0.1575,     0.155,        0.16,    0.138064,     0.0190799
    723,         9,        42,          0.68,      0.64,      0.72,      0.1575,     0.155,        0.16,   0.0360955,    0.00819706
    724,        10,        42,          0.76,      0.72,       0.8,      0.1575,     0.155,        0.16,  0.00281211,    0.00091794
    725,        11,        42,          0.84,       0.8,      0.88,      0.1575,     0.155,        0.16,           0,             0
    726,        12,        42,          0.92,      0.88,      0.96,      0.1575,     0.155,        0.16,           0,             0
    727,        13,        42,             1,      0.96,      1.04,      0.1575,     0.155,        0.16,           0,             0
    728,        14,        42,          1.08,      1.04,      1.12,      0.1575,     0.155,        0.16,           0,             0
    729,        15,        42,          1.16,      1.12,       1.2,      0.1575,     0.155,        0.16,           0,             0
    732,         1,        43,          0.04,         0,      0.08,      0.1625,      0.16,       0.165,           0,             0
    733,         2,        43,          0.12,      0.08,      0.16,      0.1625,      0.16,       0.165,     1062.38,       229.911
    734,         3,        43,           0.2,      0.16,      0.24,      0.1625,      0.16,       0.165,     1822.52,       331.232
    735,         4,        43,          0.28,      0.24,      0.32,      0.1625,      0.16,       0.165,     42.0356,       9.61949
    736,         5,        43,          0.36,      0.32,       0.4,      0.1625,      0.16,       0.165,     6.30689,       1.82809
    737,         6,        43,          0.44,       0.4,      0.48,      0.1625,      0.16,       0.165,     1.28634,      0.135635
    738,         7,        43,          0.52,      0.48,      0.56,      0.1625,      0.16,       0.165,    0.412153,     0.0627406
    739,         8,        43,           0.6,      0.56,      0.64,      0.1625,      0.16,       0.165,    0.171784,     0.0225051
    740,         9,        43,          0.68,      0.64,      0.72,      0.1625,      0.16,       0.165,   0.0375824,    0.00752914
    741,        10,        43,          0.76,      0.72,       0.8,      0.1625,      0.16,       0.165,  0.00450702,    0.00126391
    742,        11,        43,          0.84,       0.8,      0.88,      0.1625,      0.16,       0.165, 0.000268318,   0.000205979
    743,        12,        43,          0.92,      0.88,      0.96,      0.1625,      0.16,       0.165, 0.000270301,   0.000270301
    744,        13,        43,             1,      0.96,      1.04,      0.1625,      0.16,       0.165,           0,             0
    745,        14,        43,          1.08,      1.04,      1.12,      0.1625,      0.16,       0.165,           0,             0
    746,        15,        43,          1.16,      1.12,       1.2,      0.1625,      0.16,       0.165,           0,             0
    749,         1,        44,          0.04,         0,      0.08,      0.1675,     0.165,        0.17,           0,             0
    750,         2,        44,          0.12,      0.08,      0.16,      0.1675,     0.165,        0.17,     562.128,       139.629
    751,         3,        44,           0.2,      0.16,      0.24,      0.1675,     0.165,        0.17,     2172.56,       424.148
    752,         4,        44,          0.28,      0.24,      0.32,      0.1675,     0.165,        0.17,     47.4632,       6.72385
    753,         5,        44,          0.36,      0.32,       0.4,      0.1675,     0.165,        0.17,     44.2148,       40.3561
    754,         6,        44,          0.44,       0.4,      0.48,      0.1675,     0.165,        0.17,     1.25058,      0.106714
    755,         7,        44,          0.52,      0.48,      0.56,      0.1675,     0.165,        0.17,    0.368261,     0.0388417
    756,         8,        44,           0.6,      0.56,      0.64,      0.1675,     0.165,        0.17,    0.198988,     0.0250246
    757,         9,        44,          0.68,      0.64,      0.72,      0.1675,     0.165,        0.17,   0.0451325,    0.00920134
    758,        10,        44,          0.76,      0.72,       0.8,      0.1675,     0.165,        0.17,  0.00576103,    0.00153199
    759,        11,        44,          0.84,       0.8,      0.88,      0.1675,     0.165,        0.17, 7.77972e-05,   7.77972e-05
    760,        12,        44,          0.92,      0.88,      0.96,      0.1675,     0.165,        0.17,           0,             0
    761,        13,        44,             1,      0.96,      1.04,      0.1675,     0.165,        0.17,           0,             0
    762,        14,        44,          1.08,      1.04,      1.12,      0.1675,     0.165,        0.17,           0,             0
    763,        15,        44,          1.16,      1.12,       1.2,      0.1675,     0.165,        0.17,           0,             0
    766,         1,        45,          0.04,         0,      0.08,      0.1725,      0.17,       0.175,           0,             0
    767,         2,        45,          0.12,      0.08,      0.16,      0.1725,      0.17,       0.175,     398.869,       130.153
    768,         3,        45,           0.2,      0.16,      0.24,      0.1725,      0.17,       0.175,     1485.01,       251.234
    769,         4,        45,          0.28,      0.24,      0.32,      0.1725,      0.17,       0.175,     66.3349,       10.9378
    770,         5,        45,          0.36,      0.32,       0.4,      0.1725,      0.17,       0.175,     4.95522,       1.03401
    771,         6,        45,          0.44,       0.4,      0.48,      0.1725,      0.17,       0.175,    0.955664,     0.0811291
    772,         7,        45,          0.52,      0.48,      0.56,      0.1725,      0.17,       0.175,    0.477806,     0.0479562
    773,         8,        45,           0.6,      0.56,      0.64,      0.1725,      0.17,       0.175,    0.226623,      0.061801
    774,         9,        45,          0.68,      0.64,      0.72,      0.1725,      0.17,       0.175,    0.044392,    0.00742036
    775,        10,        45,          0.76,      0.72,       0.8,      0.1725,      0.17,       0.175,  0.00464608,    0.00155634
    776,        11,        45,          0.84,       0.8,      0.88,      0.1725,      0.17,       0.175, 7.38923e-05,   7.38923e-05
    777,        12,        45,          0.92,      0.88,      0.96,      0.1725,      0.17,       0.175,           0,             0
    778,        13,        45,             1,      0.96,      1.04,      0.1725,      0.17,       0.175,           0,             0
    779,        14,        45,          1.08,      1.04,      1.12,      0.1725,      0.17,       0.175,           0,             0
    780,        15,        45,          1.16,      1.12,       1.2,      0.1725,      0.17,       0.175,           0,             0
    783,         1,        46,          0.04,         0,      0.08,      0.1775,     0.175,        0.18,           0,             0
    784,         2,        46,          0.12,      0.08,      0.16,      0.1775,     0.175,        0.18,     272.219,       114.439
    785,         3,        46,           0.2,      0.16,      0.24,      0.1775,     0.175,        0.18,     1414.23,       259.501
    786,         4,        46,          0.28,      0.24,      0.32,      0.1775,     0.175,        0.18,     86.2772,       17.4709
    787,         5,        46,          0.36,      0.32,       0.4,      0.1775,     0.175,        0.18,     3.82079,      0.327957
    788,         6,        46,          0.44,       0.4,      0.48,      0.1775,     0.175,        0.18,     1.14241,      0.105862
    789,         7,        46,          0.52,      0.48,      0.56,      0.1775,     0.175,        0.18,    0.560986,     0.0573715
    790,         8,        46,           0.6,      0.56,      0.64,      0.1775,     0.175,        0.18,    0.175331,     0.0228399
    791,         9,        46,          0.68,      0.64,      0.72,      0.1775,     0.175,        0.18,   0.0489791,     0.0105478
    792,        10,        46,          0.76,      0.72,       0.8,      0.1775,     0.175,        0.18,    0.004982,    0.00144702
    793,        11,        46,          0.84,       0.8,      0.88,      0.1775,     0.175,        0.18, 0.000777672,   0.000575657
    794,        12,        46,          0.92,      0.88,      0.96,      0.1775,     0.175,        0.18,           0,             0
    795,        13,        46,             1,      0.96,      1.04,      0.1775,     0.175,        0.18,           0,             0
    796,        14,        46,          1.08,      1.04,      1.12,      0.1775,     0.175,        0.18,           0,             0
    797,        15,        46,          1.16,      1.12,       1.2,      0.1775,     0.175,        0.18,           0,             0
    800,         1,        47,          0.04,         0,      0.08,      0.1825,      0.18,       0.185,           0,             0
    801,         2,        47,          0.12,      0.08,      0.16,      0.1825,      0.18,       0.185,     234.719,       95.3977
    802,         3,        47,           0.2,      0.16,      0.24,      0.1825,      0.18,       0.185,     1783.98,       324.284
    803,         4,        47,          0.28,      0.24,      0.32,      0.1825,      0.18,       0.185,      74.655,       11.3562
    804,         5,        47,          0.36,      0.32,       0.4,      0.1825,      0.18,       0.185,     6.00893,       0.89069
    805,         6,        47,          0.44,       0.4,      0.48,      0.1825,      0.18,       0.185,     1.43877,      0.245669
    806,         7,        47,          0.52,      0.48,      0.56,      0.1825,      0.18,       0.185,    0.501102,     0.0490262
    807,         8,        47,           0.6,      0.56,      0.64,      0.1825,      0.18,       0.185,    0.180561,     0.0230153
    808,         9,        47,          0.68,      0.64,      0.72,      0.1825,      0.18,       0.185,   0.0542353,     0.0092832
    809,        10,        47,          0.76,      0.72,       0.8,      0.1825,      0.18,       0.185,   0.0102275,    0.00390036
    810,        11,        47,          0.84,       0.8,      0.88,      0.1825,      0.18,       0.185, 0.000154686,   0.000154686
    811,        12,        47,          0.92,      0.88,      0.96,      0.1825,      0.18,       0.185,           0,             0
    812,        13,        47,             1,      0.96,      1.04,      0.1825,      0.18,       0.185,           0,             0
    813,        14,        47,          1.08,      1.04,      1.12,      0.1825,      0.18,       0.185,           0,             0
    814,        15,        47,          1.16,      1.12,       1.2,      0.1825,      0.18,       0.185,           0,             0
    817,         1,        48,          0.04,         0,      0.08,      0.1875,     0.185,        0.19,           0,             0
    818,         2,        48,          0.12,      0.08,      0.16,      0.1875,     0.185,        0.19,     87.2263,       55.1912
    819,         3,        48,           0.2,      0.16,      0.24,      0.1875,     0.185,        0.19,     1603.52,       279.371
    820,         4,        48,          0.28,      0.24,      0.32,      0.1875,     0.185,        0.19,     89.2419,        16.794
    821,         5,        48,          0.36,      0.32,       0.4,      0.1875,     0.185,        0.19,     7.67508,       1.47784
    822,         6,        48,          0.44,       0.4,      0.48,      0.1875,     0.185,        0.19,     1.54623,      0.248726
    823,         7,        48,          0.52,      0.48,      0.56,      0.1875,     0.185,        0.19,    0.574037,     0.0546536
    824,         8,        48,           0.6,      0.56,      0.64,      0.1875,     0.185,        0.19,    0.204871,     0.0260163
    825,         9,        48,          0.68,      0.64,      0.72,      0.1875,     0.185,        0.19,   0.0504714,     0.0102514
    826,        10,        48,          0.76,      0.72,       0.8,      0.1875,     0.185,        0.19,  0.00874813,    0.00289835
    827,        11,        48,          0.84,       0.8,      0.88,      0.1875,     0.185,        0.19, 0.000543504,   0.000228402
    828,        12,        48,          0.92,      0.88,      0.96,      0.1875,     0.185,        0.19,           0,             0
    829,        13,        48,             1,      0.96,      1.04,      0.1875,     0.185,        0.19,           0,             0
    830,        14,        48,          1.08,      1.04,      1.12,      0.1875,     0.185,        0.19,           0,             0
    831,        15,        48,          1.16,      1.12,       1.2,      0.1875,     0.185,        0.19,           0,             0
    834,         1,        49,          0.04,         0,      0.08,      0.1925,      0.19,       0.195,           0,             0
    835,         2,        49,          0.12,      0.08,      0.16,      0.1925,      0.19,       0.195,     59.9257,        33.896
    836,         3,        49,           0.2,      0.16,      0.24,      0.1925,      0.19,       0.195,     2620.78,       372.783
    837,         4,        49,          0.28,      0.24,      0.32,      0.1925,      0.19,       0.195,     234.644,       62.3006
    838,         5,        49,          0.36,      0.32,       0.4,      0.1925,      0.19,       0.195,     7.68735,       1.08939
    839,         6,        49,          0.44,       0.4,      0.48,      0.1925,      0.19,       0.195,     1.41544,      0.227286
    840,         7,        49,          0.52,      0.48,      0.56,      0.1925,      0.19,       0.195,     0.48897,     0.0494917
    841,         8,        49,           0.6,      0.56,      0.64,      0.1925,      0.19,       0.195,    0.216814,     0.0276801
    842,         9,        49,          0.68,      0.64,      0.72,      0.1925,      0.19,       0.195,   0.0609717,     0.0117324
    843,        10,        49,          0.76,      0.72,       0.8,      0.1925,      0.19,       0.195,   0.0125001,    0.00499571
    844,        11,        49,          0.84,       0.8,      0.88,      0.1925,      0.19,       0.195, 0.000570504,   0.000286532
    845,        12,        49,          0.92,      0.88,      0.96,      0.1925,      0.19,       0.195,           0,             0
    846,        13,        49,             1,      0.96,      1.04,      0.1925,      0.19,       0.195,           0,             0
    847,        14,        49,          1.08,      1.04,      1.12,      0.1925,      0.19,       0.195,           0,             0
    848,        15,        49,          1.16,      1.12,       1.2,      0.1925,      0.19,       0.195,           0,             0
    851,         1,        50,          0.04,         0,      0.08,      0.1975,     0.195,         0.2,           0,             0
    852,         2,        50,          0.12,      0.08,      0.16,      0.1975,     0.195,         0.2,           0,             0
    853,         3,        50,           0.2,      0.16,      0.24,      0.1975,     0.195,         0.2,     1796.95,       328.771
    854,         4,        50,          0.28,      0.24,      0.32,      0.1975,     0.195,         0.2,     203.217,        42.266
    855,         5,        50,          0.36,      0.32,       0.4,      0.1975,     0.195,         0.2,      6.4237,      0.852094
    856,         6,        50,          0.44,       0.4,      0.48,      0.1975,     0.195,         0.2,     1.51452,       0.32636
    857,         7,        50,          0.52,      0.48,      0.56,      0.1975,     0.195,         0.2,    0.518061,     0.0663155
    858,         8,        50,           0.6,      0.56,      0.64,      0.1975,     0.195,         0.2,    0.186346,     0.0232585
    859,         9,        50,          0.68,      0.64,      0.72,      0.1975,     0.195,         0.2,   0.0282299,    0.00526376
    860,        10,        50,          0.76,      0.72,       0.8,      0.1975,     0.195,         0.2,  0.00846745,    0.00186985
    861,        11,        50,          0.84,       0.8,      0.88,      0.1975,     0.195,         0.2, 0.000250595,   0.000183001
    862,        12,        50,          0.92,      0.88,      0.96,      0.1975,     0.195,         0.2,           0,             0
    863,        13,        50,             1,      0.96,      1.04,      0.1975,     0.195,         0.2,           0,             0
    864,        14,        50,          1.08,      1.04,      1.12,      0.1975,     0.195,         0.2,           0,             0
    865,        15,        50,          1.16,      1.12,       1.2,      0.1975,     0.195,         0.2,           0,             0
