# 2D Histogram Bin Extraction 
#                   
# histogram parameters:  
# title      : Em_nuc vs. Pm 
# ybins      : 50 
# ylabel     :  
# xbins      : 15 
# xlabel     :  
# ybin_width : 0.005 
# xbin_width : 0.080 
#                   
# header definitions:
# ib:         (x,y)  bin number 
# xb:         x-axis bin number 
# yb:         y-axis bin number 
# x0:         x-axis central bin value 
# xlow:       x-axis low-edge bin value 
# xup:        x-axis up-edge bin value 
# y0:         y-axis central bin value 
# ylow:       y-axis low-edge bin value 
# yup:        y-axis up-edge bin value 
# zcont:      bin content (z-axis) 
# zcont_err:  bin content error (z-axis) 
#                                        
ib,xb,yb,x0,xlow,xup,y0,ylow,yup,zcont,zcont_err
     18,         1,         1,          0.04,         0,      0.08,     -0.0475,     -0.05,      -0.045,           0,             0
     19,         2,         1,          0.12,      0.08,      0.16,     -0.0475,     -0.05,      -0.045,   0.0261661,     0.0220044
     20,         3,         1,           0.2,      0.16,      0.24,     -0.0475,     -0.05,      -0.045,     3.02982,      0.770903
     21,         4,         1,          0.28,      0.24,      0.32,     -0.0475,     -0.05,      -0.045,     5.70433,      0.603969
     22,         5,         1,          0.36,      0.32,       0.4,     -0.0475,     -0.05,      -0.045,     2.71868,      0.199232
     23,         6,         1,          0.44,       0.4,      0.48,     -0.0475,     -0.05,      -0.045,    0.889707,      0.176468
     24,         7,         1,          0.52,      0.48,      0.56,     -0.0475,     -0.05,      -0.045,    0.264581,     0.0993901
     25,         8,         1,           0.6,      0.56,      0.64,     -0.0475,     -0.05,      -0.045,   0.0259379,     0.0105954
     26,         9,         1,          0.68,      0.64,      0.72,     -0.0475,     -0.05,      -0.045,   0.0080878,    0.00366593
     27,        10,         1,          0.76,      0.72,       0.8,     -0.0475,     -0.05,      -0.045, 0.000400535,   0.000283768
     28,        11,         1,          0.84,       0.8,      0.88,     -0.0475,     -0.05,      -0.045,           0,             0
     29,        12,         1,          0.92,      0.88,      0.96,     -0.0475,     -0.05,      -0.045, 0.000616525,   0.000436857
     30,        13,         1,             1,      0.96,      1.04,     -0.0475,     -0.05,      -0.045,  0.00283392,    0.00283392
     31,        14,         1,          1.08,      1.04,      1.12,     -0.0475,     -0.05,      -0.045,           0,             0
     32,        15,         1,          1.16,      1.12,       1.2,     -0.0475,     -0.05,      -0.045,           0,             0
     35,         1,         2,          0.04,         0,      0.08,     -0.0425,    -0.045,       -0.04,           0,             0
     36,         2,         2,          0.12,      0.08,      0.16,     -0.0425,    -0.045,       -0.04,    0.837823,      0.574659
     37,         3,         2,           0.2,      0.16,      0.24,     -0.0425,    -0.045,       -0.04,     3.78002,      0.754518
     38,         4,         2,          0.28,      0.24,      0.32,     -0.0425,    -0.045,       -0.04,      7.7545,      0.799849
     39,         5,         2,          0.36,      0.32,       0.4,     -0.0425,    -0.045,       -0.04,     2.77567,      0.217022
     40,         6,         2,          0.44,       0.4,      0.48,     -0.0425,    -0.045,       -0.04,    0.806661,     0.0839614
     41,         7,         2,          0.52,      0.48,      0.56,     -0.0425,    -0.045,       -0.04,    0.361735,      0.161714
     42,         8,         2,           0.6,      0.56,      0.64,     -0.0425,    -0.045,       -0.04,    0.036719,    0.00885869
     43,         9,         2,          0.68,      0.64,      0.72,     -0.0425,    -0.045,       -0.04,  0.00761747,     0.0034195
     44,        10,         2,          0.76,      0.72,       0.8,     -0.0425,    -0.045,       -0.04, 0.000210197,   0.000191221
     45,        11,         2,          0.84,       0.8,      0.88,     -0.0425,    -0.045,       -0.04, 4.14239e-05,    3.3263e-05
     46,        12,         2,          0.92,      0.88,      0.96,     -0.0425,    -0.045,       -0.04, 0.000171535,   0.000171535
     47,        13,         2,             1,      0.96,      1.04,     -0.0425,    -0.045,       -0.04,           0,             0
     48,        14,         2,          1.08,      1.04,      1.12,     -0.0425,    -0.045,       -0.04,           0,             0
     49,        15,         2,          1.16,      1.12,       1.2,     -0.0425,    -0.045,       -0.04,           0,             0
     52,         1,         3,          0.04,         0,      0.08,     -0.0375,     -0.04,      -0.035,           0,             0
     53,         2,         3,          0.12,      0.08,      0.16,     -0.0375,     -0.04,      -0.035,    0.798546,      0.459135
     54,         3,         3,           0.2,      0.16,      0.24,     -0.0375,     -0.04,      -0.035,     6.12442,       1.07171
     55,         4,         3,          0.28,      0.24,      0.32,     -0.0375,     -0.04,      -0.035,     8.22096,      0.702897
     56,         5,         3,          0.36,      0.32,       0.4,     -0.0375,     -0.04,      -0.035,     2.99724,      0.211812
     57,         6,         3,          0.44,       0.4,      0.48,     -0.0375,     -0.04,      -0.035,    0.755789,     0.0621456
     58,         7,         3,          0.52,      0.48,      0.56,     -0.0375,     -0.04,      -0.035,    0.171704,     0.0343289
     59,         8,         3,           0.6,      0.56,      0.64,     -0.0375,     -0.04,      -0.035,   0.0326892,     0.0109297
     60,         9,         3,          0.68,      0.64,      0.72,     -0.0375,     -0.04,      -0.035,  0.00733857,    0.00316814
     61,        10,         3,          0.76,      0.72,       0.8,     -0.0375,     -0.04,      -0.035, 5.98725e-05,   5.76896e-05
     62,        11,         3,          0.84,       0.8,      0.88,     -0.0375,     -0.04,      -0.035, 0.000356153,   0.000332941
     63,        12,         3,          0.92,      0.88,      0.96,     -0.0375,     -0.04,      -0.035, 0.000885789,   0.000885789
     64,        13,         3,             1,      0.96,      1.04,     -0.0375,     -0.04,      -0.035,           0,             0
     65,        14,         3,          1.08,      1.04,      1.12,     -0.0375,     -0.04,      -0.035,           0,             0
     66,        15,         3,          1.16,      1.12,       1.2,     -0.0375,     -0.04,      -0.035,           0,             0
     69,         1,         4,          0.04,         0,      0.08,     -0.0325,    -0.035,       -0.03,           0,             0
     70,         2,         4,          0.12,      0.08,      0.16,     -0.0325,    -0.035,       -0.03,     1.44867,      0.711831
     71,         3,         4,           0.2,      0.16,      0.24,     -0.0325,    -0.035,       -0.03,     7.81004,       1.15479
     72,         4,         4,          0.28,      0.24,      0.32,     -0.0325,    -0.035,       -0.03,     9.49426,      0.798511
     73,         5,         4,          0.36,      0.32,       0.4,     -0.0325,    -0.035,       -0.03,     2.97364,      0.185606
     74,         6,         4,          0.44,       0.4,      0.48,     -0.0325,    -0.035,       -0.03,     1.07501,      0.158338
     75,         7,         4,          0.52,      0.48,      0.56,     -0.0325,    -0.035,       -0.03,    0.288999,     0.0796681
     76,         8,         4,           0.6,      0.56,      0.64,     -0.0325,    -0.035,       -0.03,   0.0393105,     0.0234524
     77,         9,         4,          0.68,      0.64,      0.72,     -0.0325,    -0.035,       -0.03,  0.00158633,    0.00077379
     78,        10,         4,          0.76,      0.72,       0.8,     -0.0325,    -0.035,       -0.03, 0.000305713,   0.000245632
     79,        11,         4,          0.84,       0.8,      0.88,     -0.0325,    -0.035,       -0.03, 0.000223043,   0.000216979
     80,        12,         4,          0.92,      0.88,      0.96,     -0.0325,    -0.035,       -0.03,  0.00250169,    0.00219537
     81,        13,         4,             1,      0.96,      1.04,     -0.0325,    -0.035,       -0.03,           0,             0
     82,        14,         4,          1.08,      1.04,      1.12,     -0.0325,    -0.035,       -0.03,  0.00435795,    0.00361512
     83,        15,         4,          1.16,      1.12,       1.2,     -0.0325,    -0.035,       -0.03,  0.00487784,    0.00487784
     86,         1,         5,          0.04,         0,      0.08,     -0.0275,     -0.03,      -0.025,           0,             0
     87,         2,         5,          0.12,      0.08,      0.16,     -0.0275,     -0.03,      -0.025,     1.98397,      0.808359
     88,         3,         5,           0.2,      0.16,      0.24,     -0.0275,     -0.03,      -0.025,     12.5185,       1.56914
     89,         4,         5,          0.28,      0.24,      0.32,     -0.0275,     -0.03,      -0.025,     11.5481,       0.88019
     90,         5,         5,          0.36,      0.32,       0.4,     -0.0275,     -0.03,      -0.025,     3.28888,        0.1897
     91,         6,         5,          0.44,       0.4,      0.48,     -0.0275,     -0.03,      -0.025,     1.13073,      0.132656
     92,         7,         5,          0.52,      0.48,      0.56,     -0.0275,     -0.03,      -0.025,    0.294158,     0.0604498
     93,         8,         5,           0.6,      0.56,      0.64,     -0.0275,     -0.03,      -0.025,   0.0322864,      0.009915
     94,         9,         5,          0.68,      0.64,      0.72,     -0.0275,     -0.03,      -0.025,  0.00861367,    0.00463874
     95,        10,         5,          0.76,      0.72,       0.8,     -0.0275,     -0.03,      -0.025, 0.000449963,   0.000327975
     96,        11,         5,          0.84,       0.8,      0.88,     -0.0275,     -0.03,      -0.025, 4.86286e-07,   4.86286e-07
     97,        12,         5,          0.92,      0.88,      0.96,     -0.0275,     -0.03,      -0.025,           0,             0
     98,        13,         5,             1,      0.96,      1.04,     -0.0275,     -0.03,      -0.025,           0,             0
     99,        14,         5,          1.08,      1.04,      1.12,     -0.0275,     -0.03,      -0.025, 0.000612254,   0.000445961
    100,        15,         5,          1.16,      1.12,       1.2,     -0.0275,     -0.03,      -0.025, 0.000522267,   0.000431044
    103,         1,         6,          0.04,         0,      0.08,     -0.0225,    -0.025,       -0.02,           0,             0
    104,         2,         6,          0.12,      0.08,      0.16,     -0.0225,    -0.025,       -0.02,     4.06616,       1.29959
    105,         3,         6,           0.2,      0.16,      0.24,     -0.0225,    -0.025,       -0.02,     15.4963,       1.70349
    106,         4,         6,          0.28,      0.24,      0.32,     -0.0225,    -0.025,       -0.02,       11.66,      0.855088
    107,         5,         6,          0.36,      0.32,       0.4,     -0.0225,    -0.025,       -0.02,     3.75246,      0.450856
    108,         6,         6,          0.44,       0.4,      0.48,     -0.0225,    -0.025,       -0.02,     2.36168,      0.623454
    109,         7,         6,          0.52,      0.48,      0.56,     -0.0225,    -0.025,       -0.02,    0.376699,     0.0824856
    110,         8,         6,           0.6,      0.56,      0.64,     -0.0225,    -0.025,       -0.02,    0.105488,      0.050339
    111,         9,         6,          0.68,      0.64,      0.72,     -0.0225,    -0.025,       -0.02,  0.00575202,    0.00253144
    112,        10,         6,          0.76,      0.72,       0.8,     -0.0225,    -0.025,       -0.02, 0.000742808,   0.000392972
    113,        11,         6,          0.84,       0.8,      0.88,     -0.0225,    -0.025,       -0.02, 2.78038e-05,   2.78038e-05
    114,        12,         6,          0.92,      0.88,      0.96,     -0.0225,    -0.025,       -0.02, 2.59415e-06,   2.59415e-06
    115,        13,         6,             1,      0.96,      1.04,     -0.0225,    -0.025,       -0.02, 0.000923878,   0.000923878
    116,        14,         6,          1.08,      1.04,      1.12,     -0.0225,    -0.025,       -0.02,           0,             0
    117,        15,         6,          1.16,      1.12,       1.2,     -0.0225,    -0.025,       -0.02, 0.000502911,   0.000502911
    120,         1,         7,          0.04,         0,      0.08,     -0.0175,     -0.02,      -0.015,    0.132138,      0.132138
    121,         2,         7,          0.12,      0.08,      0.16,     -0.0175,     -0.02,      -0.015,     8.56287,       1.91025
    122,         3,         7,           0.2,      0.16,      0.24,     -0.0175,     -0.02,      -0.015,     21.2974,        2.2078
    123,         4,         7,          0.28,      0.24,      0.32,     -0.0175,     -0.02,      -0.015,     13.9789,      0.983781
    124,         5,         7,          0.36,      0.32,       0.4,     -0.0175,     -0.02,      -0.015,     3.27414,      0.180856
    125,         6,         7,          0.44,       0.4,      0.48,     -0.0175,     -0.02,      -0.015,     1.54969,      0.240674
    126,         7,         7,          0.52,      0.48,      0.56,     -0.0175,     -0.02,      -0.015,    0.234799,     0.0241191
    127,         8,         7,           0.6,      0.56,      0.64,     -0.0175,     -0.02,      -0.015,   0.0640425,     0.0386534
    128,         9,         7,          0.68,      0.64,      0.72,     -0.0175,     -0.02,      -0.015,  0.00588755,    0.00385046
    129,        10,         7,          0.76,      0.72,       0.8,     -0.0175,     -0.02,      -0.015, 0.000600015,    0.00050836
    130,        11,         7,          0.84,       0.8,      0.88,     -0.0175,     -0.02,      -0.015, 5.73924e-05,   5.64637e-05
    131,        12,         7,          0.92,      0.88,      0.96,     -0.0175,     -0.02,      -0.015, 0.000546104,   0.000546104
    132,        13,         7,             1,      0.96,      1.04,     -0.0175,     -0.02,      -0.015, 0.000606351,   0.000606351
    133,        14,         7,          1.08,      1.04,      1.12,     -0.0175,     -0.02,      -0.015,           0,             0
    134,        15,         7,          1.16,      1.12,       1.2,     -0.0175,     -0.02,      -0.015,   0.0116644,     0.0116644
    137,         1,         8,          0.04,         0,      0.08,     -0.0125,    -0.015,       -0.01,      1.6068,      0.788819
    138,         2,         8,          0.12,      0.08,      0.16,     -0.0125,    -0.015,       -0.01,     11.7016,       2.28044
    139,         3,         8,           0.2,      0.16,      0.24,     -0.0125,    -0.015,       -0.01,     30.2628,       2.52406
    140,         4,         8,          0.28,      0.24,      0.32,     -0.0125,    -0.015,       -0.01,      13.243,       0.89153
    141,         5,         8,          0.36,      0.32,       0.4,     -0.0125,    -0.015,       -0.01,     5.21963,      0.734899
    142,         6,         8,          0.44,       0.4,      0.48,     -0.0125,    -0.015,       -0.01,      2.3727,      0.639062
    143,         7,         8,          0.52,      0.48,      0.56,     -0.0125,    -0.015,       -0.01,    0.389472,      0.134666
    144,         8,         8,           0.6,      0.56,      0.64,     -0.0125,    -0.015,       -0.01,   0.0551083,     0.0220948
    145,         9,         8,          0.68,      0.64,      0.72,     -0.0125,    -0.015,       -0.01,   0.0095032,    0.00361583
    146,        10,         8,          0.76,      0.72,       0.8,     -0.0125,    -0.015,       -0.01, 7.29177e-05,   5.19673e-05
    147,        11,         8,          0.84,       0.8,      0.88,     -0.0125,    -0.015,       -0.01, 6.67921e-05,   4.13251e-05
    148,        12,         8,          0.92,      0.88,      0.96,     -0.0125,    -0.015,       -0.01,           0,             0
    149,        13,         8,             1,      0.96,      1.04,     -0.0125,    -0.015,       -0.01, 0.000548115,   0.000548115
    150,        14,         8,          1.08,      1.04,      1.12,     -0.0125,    -0.015,       -0.01,  0.00509418,    0.00509418
    151,        15,         8,          1.16,      1.12,       1.2,     -0.0125,    -0.015,       -0.01,           0,             0
    154,         1,         9,          0.04,         0,      0.08,     -0.0075,     -0.01,      -0.005,     1.66132,      0.959735
    155,         2,         9,          0.12,      0.08,      0.16,     -0.0075,     -0.01,      -0.005,     17.1148,       2.60573
    156,         3,         9,           0.2,      0.16,      0.24,     -0.0075,     -0.01,      -0.005,     33.7295,       2.42535
    157,         4,         9,          0.28,      0.24,      0.32,     -0.0075,     -0.01,      -0.005,     14.5372,      0.816979
    158,         5,         9,          0.36,      0.32,       0.4,     -0.0075,     -0.01,      -0.005,     5.36171,      0.241691
    159,         6,         9,          0.44,       0.4,      0.48,     -0.0075,     -0.01,      -0.005,     1.84949,      0.212069
    160,         7,         9,          0.52,      0.48,      0.56,     -0.0075,     -0.01,      -0.005,    0.973779,      0.349004
    161,         8,         9,           0.6,      0.56,      0.64,     -0.0075,     -0.01,      -0.005,   0.0378728,    0.00957111
    162,         9,         9,          0.68,      0.64,      0.72,     -0.0075,     -0.01,      -0.005,  0.00375703,    0.00116481
    163,        10,         9,          0.76,      0.72,       0.8,     -0.0075,     -0.01,      -0.005, 6.45296e-05,    4.0048e-05
    164,        11,         9,          0.84,       0.8,      0.88,     -0.0075,     -0.01,      -0.005, 0.000104536,   0.000104536
    165,        12,         9,          0.92,      0.88,      0.96,     -0.0075,     -0.01,      -0.005,           0,             0
    166,        13,         9,             1,      0.96,      1.04,     -0.0075,     -0.01,      -0.005, 0.000908604,   0.000809476
    167,        14,         9,          1.08,      1.04,      1.12,     -0.0075,     -0.01,      -0.005,  0.00368033,    0.00359635
    168,        15,         9,          1.16,      1.12,       1.2,     -0.0075,     -0.01,      -0.005,  0.00127286,    0.00127286
    171,         1,        10,          0.04,         0,      0.08,     -0.0025,    -0.005,           0,     2.71527,       1.28343
    172,         2,        10,          0.12,      0.08,      0.16,     -0.0025,    -0.005,           0,     32.9806,       3.91541
    173,         3,        10,           0.2,      0.16,      0.24,     -0.0025,    -0.005,           0,     42.8201,       2.86319
    174,         4,        10,          0.28,      0.24,      0.32,     -0.0025,    -0.005,           0,     15.1023,      0.833586
    175,         5,        10,          0.36,      0.32,       0.4,     -0.0025,    -0.005,           0,      6.4109,      0.476644
    176,         6,        10,          0.44,       0.4,      0.48,     -0.0025,    -0.005,           0,     2.19701,      0.327816
    177,         7,        10,          0.52,      0.48,      0.56,     -0.0025,    -0.005,           0,    0.685163,      0.284299
    178,         8,        10,           0.6,      0.56,      0.64,     -0.0025,    -0.005,           0,   0.0252624,    0.00557171
    179,         9,        10,          0.68,      0.64,      0.72,     -0.0025,    -0.005,           0,   0.0015847,    0.00065812
    180,        10,        10,          0.76,      0.72,       0.8,     -0.0025,    -0.005,           0,  0.00371446,    0.00223176
    181,        11,        10,          0.84,       0.8,      0.88,     -0.0025,    -0.005,           0,   0.0108374,     0.0107124
    182,        12,        10,          0.92,      0.88,      0.96,     -0.0025,    -0.005,           0,           0,             0
    183,        13,        10,             1,      0.96,      1.04,     -0.0025,    -0.005,           0,           0,             0
    184,        14,        10,          1.08,      1.04,      1.12,     -0.0025,    -0.005,           0,           0,             0
    185,        15,        10,          1.16,      1.12,       1.2,     -0.0025,    -0.005,           0,  0.00141264,    0.00141264
    188,         1,        11,          0.04,         0,      0.08,      0.0025,         0,       0.005,     10.5458,       2.62045
    189,         2,        11,          0.12,      0.08,      0.16,      0.0025,         0,       0.005,     43.4004,       4.28151
    190,         3,        11,           0.2,      0.16,      0.24,      0.0025,         0,       0.005,     49.1844,       3.12713
    191,         4,        11,          0.28,      0.24,      0.32,      0.0025,         0,       0.005,     19.2311,      0.886359
    192,         5,        11,          0.36,      0.32,       0.4,      0.0025,         0,       0.005,     7.94602,       1.01199
    193,         6,        11,          0.44,       0.4,      0.48,      0.0025,         0,       0.005,     2.40888,       0.34271
    194,         7,        11,          0.52,      0.48,      0.56,      0.0025,         0,       0.005,      0.4908,      0.156927
    195,         8,        11,           0.6,      0.56,      0.64,      0.0025,         0,       0.005,   0.0456045,     0.0144016
    196,         9,        11,          0.68,      0.64,      0.72,      0.0025,         0,       0.005,  0.00862606,    0.00675208
    197,        10,        11,          0.76,      0.72,       0.8,      0.0025,         0,       0.005, 0.000290024,   0.000227604
    198,        11,        11,          0.84,       0.8,      0.88,      0.0025,         0,       0.005,   0.0116454,    0.00860486
    199,        12,        11,          0.92,      0.88,      0.96,      0.0025,         0,       0.005,  0.00708167,    0.00603357
    200,        13,        11,             1,      0.96,      1.04,      0.0025,         0,       0.005,           0,             0
    201,        14,        11,          1.08,      1.04,      1.12,      0.0025,         0,       0.005, 0.000228191,   0.000228191
    202,        15,        11,          1.16,      1.12,       1.2,      0.0025,         0,       0.005,           0,             0
    205,         1,        12,          0.04,         0,      0.08,      0.0075,     0.005,        0.01,     15.4479,       3.41864
    206,         2,        12,          0.12,      0.08,      0.16,      0.0075,     0.005,        0.01,     65.1838,       5.30256
    207,         3,        12,           0.2,      0.16,      0.24,      0.0075,     0.005,        0.01,      55.892,       3.22179
    208,         4,        12,          0.28,      0.24,      0.32,      0.0075,     0.005,        0.01,     19.9821,      0.822104
    209,         5,        12,          0.36,      0.32,       0.4,      0.0075,     0.005,        0.01,     7.69788,      0.507801
    210,         6,        12,          0.44,       0.4,      0.48,      0.0075,     0.005,        0.01,     2.17387,      0.177997
    211,         7,        12,          0.52,      0.48,      0.56,      0.0075,     0.005,        0.01,    0.509243,      0.112491
    212,         8,        12,           0.6,      0.56,      0.64,      0.0075,     0.005,        0.01,   0.0226839,    0.00693836
    213,         9,        12,          0.68,      0.64,      0.72,      0.0075,     0.005,        0.01,  0.00432483,    0.00151008
    214,        10,        12,          0.76,      0.72,       0.8,      0.0075,     0.005,        0.01,  0.00137203,    0.00107824
    215,        11,        12,          0.84,       0.8,      0.88,      0.0075,     0.005,        0.01,  0.00543506,    0.00543506
    216,        12,        12,          0.92,      0.88,      0.96,      0.0075,     0.005,        0.01,  0.00110577,   0.000808526
    217,        13,        12,             1,      0.96,      1.04,      0.0075,     0.005,        0.01,           0,             0
    218,        14,        12,          1.08,      1.04,      1.12,      0.0075,     0.005,        0.01,    0.031367,     0.0308899
    219,        15,        12,          1.16,      1.12,       1.2,      0.0075,     0.005,        0.01, 7.97399e-05,   7.97399e-05
    222,         1,        13,          0.04,         0,      0.08,      0.0125,      0.01,       0.015,     24.6122,       4.37923
    223,         2,        13,          0.12,      0.08,      0.16,      0.0125,      0.01,       0.015,     78.8354,       6.06337
    224,         3,        13,           0.2,      0.16,      0.24,      0.0125,      0.01,       0.015,     74.9658,       3.75835
    225,         4,        13,          0.28,      0.24,      0.32,      0.0125,      0.01,       0.015,      24.915,       1.20128
    226,         5,        13,          0.36,      0.32,       0.4,      0.0125,      0.01,       0.015,     6.96704,      0.262518
    227,         6,        13,          0.44,       0.4,      0.48,      0.0125,      0.01,       0.015,     2.61447,      0.286823
    228,         7,        13,          0.52,      0.48,      0.56,      0.0125,      0.01,       0.015,    0.374596,     0.0412793
    229,         8,        13,           0.6,      0.56,      0.64,      0.0125,      0.01,       0.015,   0.0573236,     0.0170724
    230,         9,        13,          0.68,      0.64,      0.72,      0.0125,      0.01,       0.015,   0.0125197,    0.00523735
    231,        10,        13,          0.76,      0.72,       0.8,      0.0125,      0.01,       0.015, 5.11192e-05,   3.11957e-05
    232,        11,        13,          0.84,       0.8,      0.88,      0.0125,      0.01,       0.015, 9.57522e-07,   9.57522e-07
    233,        12,        13,          0.92,      0.88,      0.96,      0.0125,      0.01,       0.015, 0.000391137,   0.000340672
    234,        13,        13,             1,      0.96,      1.04,      0.0125,      0.01,       0.015,           0,             0
    235,        14,        13,          1.08,      1.04,      1.12,      0.0125,      0.01,       0.015,           0,             0
    236,        15,        13,          1.16,      1.12,       1.2,      0.0125,      0.01,       0.015, 0.000125865,   0.000125865
    239,         1,        14,          0.04,         0,      0.08,      0.0175,     0.015,        0.02,     33.3901,       4.86822
    240,         2,        14,          0.12,      0.08,      0.16,      0.0175,     0.015,        0.02,     114.886,       7.13806
    241,         3,        14,           0.2,      0.16,      0.24,      0.0175,     0.015,        0.02,     82.8659,        3.7677
    242,         4,        14,          0.28,      0.24,      0.32,      0.0175,     0.015,        0.02,     25.2564,      0.915389
    243,         5,        14,          0.36,      0.32,       0.4,      0.0175,     0.015,        0.02,     7.72989,      0.400419
    244,         6,        14,          0.44,       0.4,      0.48,      0.0175,     0.015,        0.02,      2.5727,      0.305431
    245,         7,        14,          0.52,      0.48,      0.56,      0.0175,     0.015,        0.02,    0.418855,      0.106414
    246,         8,        14,           0.6,      0.56,      0.64,      0.0175,     0.015,        0.02,   0.0390475,     0.0102002
    247,         9,        14,          0.68,      0.64,      0.72,      0.0175,     0.015,        0.02,   0.0100737,     0.0066482
    248,        10,        14,          0.76,      0.72,       0.8,      0.0175,     0.015,        0.02,   0.0022375,    0.00151571
    249,        11,        14,          0.84,       0.8,      0.88,      0.0175,     0.015,        0.02,  0.00166372,    0.00148325
    250,        12,        14,          0.92,      0.88,      0.96,      0.0175,     0.015,        0.02,    0.039763,     0.0391462
    251,        13,        14,             1,      0.96,      1.04,      0.0175,     0.015,        0.02,   0.0115717,    0.00937047
    252,        14,        14,          1.08,      1.04,      1.12,      0.0175,     0.015,        0.02, 0.000423384,   0.000423384
    253,        15,        14,          1.16,      1.12,       1.2,      0.0175,     0.015,        0.02,   0.0158954,     0.0157872
    256,         1,        15,          0.04,         0,      0.08,      0.0225,      0.02,       0.025,     48.7077,       5.86717
    257,         2,        15,          0.12,      0.08,      0.16,      0.0225,      0.02,       0.025,     164.002,       8.47839
    258,         3,        15,           0.2,      0.16,      0.24,      0.0225,      0.02,       0.025,     105.292,       4.24797
    259,         4,        15,          0.28,      0.24,      0.32,      0.0225,      0.02,       0.025,     28.1392,       1.01564
    260,         5,        15,          0.36,      0.32,       0.4,      0.0225,      0.02,       0.025,     7.94202,      0.539605
    261,         6,        15,          0.44,       0.4,      0.48,      0.0225,      0.02,       0.025,     2.81999,      0.500765
    262,         7,        15,          0.52,      0.48,      0.56,      0.0225,      0.02,       0.025,    0.457437,     0.0739715
    263,         8,        15,           0.6,      0.56,      0.64,      0.0225,      0.02,       0.025,   0.0319981,     0.0107087
    264,         9,        15,          0.68,      0.64,      0.72,      0.0225,      0.02,       0.025,   0.0072655,    0.00357588
    265,        10,        15,          0.76,      0.72,       0.8,      0.0225,      0.02,       0.025,  0.00106899,   0.000666597
    266,        11,        15,          0.84,       0.8,      0.88,      0.0225,      0.02,       0.025,  0.00788883,    0.00732537
    267,        12,        15,          0.92,      0.88,      0.96,      0.0225,      0.02,       0.025,   0.0164662,     0.0159266
    268,        13,        15,             1,      0.96,      1.04,      0.0225,      0.02,       0.025,  0.00126564,    0.00126564
    269,        14,        15,          1.08,      1.04,      1.12,      0.0225,      0.02,       0.025,   0.0322019,     0.0298579
    270,        15,        15,          1.16,      1.12,       1.2,      0.0225,      0.02,       0.025, 0.000433328,   0.000433328
    273,         1,        16,          0.04,         0,      0.08,      0.0275,     0.025,        0.03,     83.3937,       7.81216
    274,         2,        16,          0.12,      0.08,      0.16,      0.0275,     0.025,        0.03,     221.809,       9.87047
    275,         3,        16,           0.2,      0.16,      0.24,      0.0275,     0.025,        0.03,     113.659,       4.31873
    276,         4,        16,          0.28,      0.24,      0.32,      0.0275,     0.025,        0.03,     30.1996,       1.30834
    277,         5,        16,          0.36,      0.32,       0.4,      0.0275,     0.025,        0.03,     7.67042,      0.471858
    278,         6,        16,          0.44,       0.4,      0.48,      0.0275,     0.025,        0.03,     3.19483,      0.804519
    279,         7,        16,          0.52,      0.48,      0.56,      0.0275,     0.025,        0.03,    0.290667,     0.0260628
    280,         8,        16,           0.6,      0.56,      0.64,      0.0275,     0.025,        0.03,   0.0429039,     0.0195426
    281,         9,        16,          0.68,      0.64,      0.72,      0.0275,     0.025,        0.03,  0.00933067,    0.00322115
    282,        10,        16,          0.76,      0.72,       0.8,      0.0275,     0.025,        0.03,  0.00540092,    0.00342457
    283,        11,        16,          0.84,       0.8,      0.88,      0.0275,     0.025,        0.03,   0.0650321,     0.0600045
    284,        12,        16,          0.92,      0.88,      0.96,      0.0275,     0.025,        0.03,           0,             0
    285,        13,        16,             1,      0.96,      1.04,      0.0275,     0.025,        0.03, 2.01275e-06,   2.01275e-06
    286,        14,        16,          1.08,      1.04,      1.12,      0.0275,     0.025,        0.03,  0.00256455,    0.00256455
    287,        15,        16,          1.16,      1.12,       1.2,      0.0275,     0.025,        0.03, 3.50754e-05,   3.50754e-05
    290,         1,        17,          0.04,         0,      0.08,      0.0325,      0.03,       0.035,     100.607,       8.76739
    291,         2,        17,          0.12,      0.08,      0.16,      0.0325,      0.03,       0.035,     260.005,       10.7194
    292,         3,        17,           0.2,      0.16,      0.24,      0.0325,      0.03,       0.035,     114.898,       4.52792
    293,         4,        17,          0.28,      0.24,      0.32,      0.0325,      0.03,       0.035,     25.9686,       1.10912
    294,         5,        17,          0.36,      0.32,       0.4,      0.0325,      0.03,       0.035,     7.25202,      0.455491
    295,         6,        17,          0.44,       0.4,      0.48,      0.0325,      0.03,       0.035,     3.43528,      0.964318
    296,         7,        17,          0.52,      0.48,      0.56,      0.0325,      0.03,       0.035,    0.376005,     0.0511648
    297,         8,        17,           0.6,      0.56,      0.64,      0.0325,      0.03,       0.035,   0.0278488,    0.00981396
    298,         9,        17,          0.68,      0.64,      0.72,      0.0325,      0.03,       0.035,   0.0651177,     0.0516668
    299,        10,        17,          0.76,      0.72,       0.8,      0.0325,      0.03,       0.035,  0.00382682,    0.00248404
    300,        11,        17,          0.84,       0.8,      0.88,      0.0325,      0.03,       0.035,  0.00358808,    0.00224346
    301,        12,        17,          0.92,      0.88,      0.96,      0.0325,      0.03,       0.035,           0,             0
    302,        13,        17,             1,      0.96,      1.04,      0.0325,      0.03,       0.035,  0.00064068,    0.00064068
    303,        14,        17,          1.08,      1.04,      1.12,      0.0325,      0.03,       0.035,  0.00205011,    0.00146573
    304,        15,        17,          1.16,      1.12,       1.2,      0.0325,      0.03,       0.035,           0,             0
    307,         1,        18,          0.04,         0,      0.08,      0.0375,     0.035,        0.04,     118.857,       8.75178
    308,         2,        18,          0.12,      0.08,      0.16,      0.0375,     0.035,        0.04,     256.966,       10.3543
    309,         3,        18,           0.2,      0.16,      0.24,      0.0375,     0.035,        0.04,     114.685,       4.33248
    310,         4,        18,          0.28,      0.24,      0.32,      0.0375,     0.035,        0.04,     24.6688,       1.19881
    311,         5,        18,          0.36,      0.32,       0.4,      0.0375,     0.035,        0.04,      7.2536,      0.584591
    312,         6,        18,          0.44,       0.4,      0.48,      0.0375,     0.035,        0.04,     2.65369,      0.344872
    313,         7,        18,          0.52,      0.48,      0.56,      0.0375,     0.035,        0.04,    0.493612,      0.150396
    314,         8,        18,           0.6,      0.56,      0.64,      0.0375,     0.035,        0.04,   0.0435797,     0.0125592
    315,         9,        18,          0.68,      0.64,      0.72,      0.0375,     0.035,        0.04,  0.00535772,     0.0018847
    316,        10,        18,          0.76,      0.72,       0.8,      0.0375,     0.035,        0.04,  0.00128937,    0.00113155
    317,        11,        18,          0.84,       0.8,      0.88,      0.0375,     0.035,        0.04,  0.00132166,     0.0010493
    318,        12,        18,          0.92,      0.88,      0.96,      0.0375,     0.035,        0.04,           0,             0
    319,        13,        18,             1,      0.96,      1.04,      0.0375,     0.035,        0.04,  0.00183323,    0.00173845
    320,        14,        18,          1.08,      1.04,      1.12,      0.0375,     0.035,        0.04,  0.00587443,    0.00579467
    321,        15,        18,          1.16,      1.12,       1.2,      0.0375,     0.035,        0.04, 7.86352e-05,   5.60626e-05
    324,         1,        19,          0.04,         0,      0.08,      0.0425,      0.04,       0.045,     103.672,       8.06854
    325,         2,        19,          0.12,      0.08,      0.16,      0.0425,      0.04,       0.045,     227.258,        9.4789
    326,         3,        19,           0.2,      0.16,      0.24,      0.0425,      0.04,       0.045,     99.1821,       3.85394
    327,         4,        19,          0.28,      0.24,      0.32,      0.0425,      0.04,       0.045,     21.6696,      0.860759
    328,         5,        19,          0.36,      0.32,       0.4,      0.0425,      0.04,       0.045,     8.26984,       1.06288
    329,         6,        19,          0.44,       0.4,      0.48,      0.0425,      0.04,       0.045,     2.39754,      0.255914
    330,         7,        19,          0.52,      0.48,      0.56,      0.0425,      0.04,       0.045,    0.451276,     0.0940732
    331,         8,        19,           0.6,      0.56,      0.64,      0.0425,      0.04,       0.045,   0.0571717,     0.0263695
    332,         9,        19,          0.68,      0.64,      0.72,      0.0425,      0.04,       0.045,  0.00635502,    0.00208889
    333,        10,        19,          0.76,      0.72,       0.8,      0.0425,      0.04,       0.045,  0.00301197,    0.00217544
    334,        11,        19,          0.84,       0.8,      0.88,      0.0425,      0.04,       0.045,   0.0393734,     0.0297115
    335,        12,        19,          0.92,      0.88,      0.96,      0.0425,      0.04,       0.045,  0.00121337,   0.000960006
    336,        13,        19,             1,      0.96,      1.04,      0.0425,      0.04,       0.045, 0.000315113,   0.000315113
    337,        14,        19,          1.08,      1.04,      1.12,      0.0425,      0.04,       0.045,    0.004051,    0.00383555
    338,        15,        19,          1.16,      1.12,       1.2,      0.0425,      0.04,       0.045,  0.00023606,   0.000168455
    341,         1,        20,          0.04,         0,      0.08,      0.0475,     0.045,        0.05,      87.969,       6.88875
    342,         2,        20,          0.12,      0.08,      0.16,      0.0475,     0.045,        0.05,     190.529,       7.93779
    343,         3,        20,           0.2,      0.16,      0.24,      0.0475,     0.045,        0.05,     77.6804,       3.13523
    344,         4,        20,          0.28,      0.24,      0.32,      0.0475,     0.045,        0.05,     19.7779,       1.09119
    345,         5,        20,          0.36,      0.32,       0.4,      0.0475,     0.045,        0.05,     6.54416,       0.40367
    346,         6,        20,          0.44,       0.4,      0.48,      0.0475,     0.045,        0.05,     2.32577,       0.23214
    347,         7,        20,          0.52,      0.48,      0.56,      0.0475,     0.045,        0.05,    0.413639,      0.062321
    348,         8,        20,           0.6,      0.56,      0.64,      0.0475,     0.045,        0.05,   0.0254203,     0.0101144
    349,         9,        20,          0.68,      0.64,      0.72,      0.0475,     0.045,        0.05,   0.0393778,     0.0271555
    350,        10,        20,          0.76,      0.72,       0.8,      0.0475,     0.045,        0.05,   0.0136635,    0.00670859
    351,        11,        20,          0.84,       0.8,      0.88,      0.0475,     0.045,        0.05,  0.00104617,    0.00102764
    352,        12,        20,          0.92,      0.88,      0.96,      0.0475,     0.045,        0.05,  0.00036297,   0.000344867
    353,        13,        20,             1,      0.96,      1.04,      0.0475,     0.045,        0.05,  0.00278604,    0.00207342
    354,        14,        20,          1.08,      1.04,      1.12,      0.0475,     0.045,        0.05,           0,             0
    355,        15,        20,          1.16,      1.12,       1.2,      0.0475,     0.045,        0.05,           0,             0
    358,         1,        21,          0.04,         0,      0.08,      0.0525,      0.05,       0.055,     59.4431,       5.61025
    359,         2,        21,          0.12,      0.08,      0.16,      0.0525,      0.05,       0.055,     132.235,       5.80637
    360,         3,        21,           0.2,      0.16,      0.24,      0.0525,      0.05,       0.055,     68.0639,       2.91522
    361,         4,        21,          0.28,      0.24,      0.32,      0.0525,      0.05,       0.055,     17.1281,       0.86141
    362,         5,        21,          0.36,      0.32,       0.4,      0.0525,      0.05,       0.055,     6.88333,       0.71818
    363,         6,        21,          0.44,       0.4,      0.48,      0.0525,      0.05,       0.055,     2.03466,      0.135927
    364,         7,        21,          0.52,      0.48,      0.56,      0.0525,      0.05,       0.055,     0.68391,      0.330696
    365,         8,        21,           0.6,      0.56,      0.64,      0.0525,      0.05,       0.055,   0.0887909,     0.0549381
    366,         9,        21,          0.68,      0.64,      0.72,      0.0525,      0.05,       0.055,  0.00302596,   0.000996099
    367,        10,        21,          0.76,      0.72,       0.8,      0.0525,      0.05,       0.055,   0.0232131,     0.0214441
    368,        11,        21,          0.84,       0.8,      0.88,      0.0525,      0.05,       0.055,  0.00422602,    0.00275789
    369,        12,        21,          0.92,      0.88,      0.96,      0.0525,      0.05,       0.055,   0.0469253,     0.0464022
    370,        13,        21,             1,      0.96,      1.04,      0.0525,      0.05,       0.055,           0,             0
    371,        14,        21,          1.08,      1.04,      1.12,      0.0525,      0.05,       0.055,           0,             0
    372,        15,        21,          1.16,      1.12,       1.2,      0.0525,      0.05,       0.055, 0.000767682,   0.000713621
    375,         1,        22,          0.04,         0,      0.08,      0.0575,     0.055,        0.06,     41.8214,       4.28525
    376,         2,        22,          0.12,      0.08,      0.16,      0.0575,     0.055,        0.06,     113.132,       5.39609
    377,         3,        22,           0.2,      0.16,      0.24,      0.0575,     0.055,        0.06,     58.8538,        2.8273
    378,         4,        22,          0.28,      0.24,      0.32,      0.0575,     0.055,        0.06,     16.0985,      0.891555
    379,         5,        22,          0.36,      0.32,       0.4,      0.0575,     0.055,        0.06,     6.03943,      0.376513
    380,         6,        22,          0.44,       0.4,      0.48,      0.0575,     0.055,        0.06,     1.90708,      0.127986
    381,         7,        22,          0.52,      0.48,      0.56,      0.0575,     0.055,        0.06,    0.400684,     0.0652215
    382,         8,        22,           0.6,      0.56,      0.64,      0.0575,     0.055,        0.06,    0.104896,     0.0533278
    383,         9,        22,          0.68,      0.64,      0.72,      0.0575,     0.055,        0.06,  0.00508176,    0.00181824
    384,        10,        22,          0.76,      0.72,       0.8,      0.0575,     0.055,        0.06,   0.0255845,     0.0155688
    385,        11,        22,          0.84,       0.8,      0.88,      0.0575,     0.055,        0.06,   0.0046058,    0.00333639
    386,        12,        22,          0.92,      0.88,      0.96,      0.0575,     0.055,        0.06,  0.00901978,    0.00598154
    387,        13,        22,             1,      0.96,      1.04,      0.0575,     0.055,        0.06, 6.61993e-05,   6.61993e-05
    388,        14,        22,          1.08,      1.04,      1.12,      0.0575,     0.055,        0.06, 0.000645683,   0.000485118
    389,        15,        22,          1.16,      1.12,       1.2,      0.0575,     0.055,        0.06,           0,             0
    392,         1,        23,          0.04,         0,      0.08,      0.0625,      0.06,       0.065,     38.3719,       4.18367
    393,         2,        23,          0.12,      0.08,      0.16,      0.0625,      0.06,       0.065,     83.9837,       4.74988
    394,         3,        23,           0.2,      0.16,      0.24,      0.0625,      0.06,       0.065,     45.2498,       2.27716
    395,         4,        23,          0.28,      0.24,      0.32,      0.0625,      0.06,       0.065,     14.5985,      0.990882
    396,         5,        23,          0.36,      0.32,       0.4,      0.0625,      0.06,       0.065,     5.88735,      0.497353
    397,         6,        23,          0.44,       0.4,      0.48,      0.0625,      0.06,       0.065,     1.74447,     0.0823537
    398,         7,        23,          0.52,      0.48,      0.56,      0.0625,      0.06,       0.065,    0.265333,     0.0199216
    399,         8,        23,           0.6,      0.56,      0.64,      0.0625,      0.06,       0.065,   0.0494203,     0.0138468
    400,         9,        23,          0.68,      0.64,      0.72,      0.0625,      0.06,       0.065,    0.018265,    0.00771045
    401,        10,        23,          0.76,      0.72,       0.8,      0.0625,      0.06,       0.065,  0.00640444,    0.00339143
    402,        11,        23,          0.84,       0.8,      0.88,      0.0625,      0.06,       0.065,   0.0122073,    0.00584598
    403,        12,        23,          0.92,      0.88,      0.96,      0.0625,      0.06,       0.065, 0.000673599,   0.000560361
    404,        13,        23,             1,      0.96,      1.04,      0.0625,      0.06,       0.065,           0,             0
    405,        14,        23,          1.08,      1.04,      1.12,      0.0625,      0.06,       0.065, 5.70602e-05,   5.70602e-05
    406,        15,        23,          1.16,      1.12,       1.2,      0.0625,      0.06,       0.065,  0.00056687,   0.000405559
    409,         1,        24,          0.04,         0,      0.08,      0.0675,     0.065,        0.07,      25.721,       3.21709
    410,         2,        24,          0.12,      0.08,      0.16,      0.0675,     0.065,        0.07,     62.7814,       3.74621
    411,         3,        24,           0.2,      0.16,      0.24,      0.0675,     0.065,        0.07,     40.4763,       2.05717
    412,         4,        24,          0.28,      0.24,      0.32,      0.0675,     0.065,        0.07,     14.4938,       1.05703
    413,         5,        24,          0.36,      0.32,       0.4,      0.0675,     0.065,        0.07,     5.04641,      0.296037
    414,         6,        24,          0.44,       0.4,      0.48,      0.0675,     0.065,        0.07,     2.05926,      0.303999
    415,         7,        24,          0.52,      0.48,      0.56,      0.0675,     0.065,        0.07,    0.278235,     0.0219539
    416,         8,        24,           0.6,      0.56,      0.64,      0.0675,     0.065,        0.07,   0.0458529,     0.0140402
    417,         9,        24,          0.68,      0.64,      0.72,      0.0675,     0.065,        0.07,   0.0112342,    0.00310614
    418,        10,        24,          0.76,      0.72,       0.8,      0.0675,     0.065,        0.07,   0.0168762,     0.0101474
    419,        11,        24,          0.84,       0.8,      0.88,      0.0675,     0.065,        0.07,  0.00477728,    0.00335629
    420,        12,        24,          0.92,      0.88,      0.96,      0.0675,     0.065,        0.07,  0.00372471,     0.0029726
    421,        13,        24,             1,      0.96,      1.04,      0.0675,     0.065,        0.07,  0.00129758,    0.00129758
    422,        14,        24,          1.08,      1.04,      1.12,      0.0675,     0.065,        0.07, 0.000697135,     0.0005171
    423,        15,        24,          1.16,      1.12,       1.2,      0.0675,     0.065,        0.07,           0,             0
    426,         1,        25,          0.04,         0,      0.08,      0.0725,      0.07,       0.075,     16.0113,       2.87797
    427,         2,        25,          0.12,      0.08,      0.16,      0.0725,      0.07,       0.075,     48.0123,         3.262
    428,         3,        25,           0.2,      0.16,      0.24,      0.0725,      0.07,       0.075,     34.6424,        2.0242
    429,         4,        25,          0.28,      0.24,      0.32,      0.0725,      0.07,       0.075,     14.2138,       1.87639
    430,         5,        25,          0.36,      0.32,       0.4,      0.0725,      0.07,       0.075,     6.72946,       1.08584
    431,         6,        25,          0.44,       0.4,      0.48,      0.0725,      0.07,       0.075,      1.7066,     0.0906893
    432,         7,        25,          0.52,      0.48,      0.56,      0.0725,      0.07,       0.075,    0.281523,     0.0211069
    433,         8,        25,           0.6,      0.56,      0.64,      0.0725,      0.07,       0.075,   0.0392447,    0.00774847
    434,         9,        25,          0.68,      0.64,      0.72,      0.0725,      0.07,       0.075,   0.0184835,     0.0107149
    435,        10,        25,          0.76,      0.72,       0.8,      0.0725,      0.07,       0.075,     0.12112,      0.070486
    436,        11,        25,          0.84,       0.8,      0.88,      0.0725,      0.07,       0.075,  0.00665968,    0.00511998
    437,        12,        25,          0.92,      0.88,      0.96,      0.0725,      0.07,       0.075,  0.00322179,    0.00220451
    438,        13,        25,             1,      0.96,      1.04,      0.0725,      0.07,       0.075,  0.00350464,     0.0027675
    439,        14,        25,          1.08,      1.04,      1.12,      0.0725,      0.07,       0.075,  0.00160494,    0.00107921
    440,        15,        25,          1.16,      1.12,       1.2,      0.0725,      0.07,       0.075,           0,             0
    443,         1,        26,          0.04,         0,      0.08,      0.0775,     0.075,        0.08,     18.0052,       3.01311
    444,         2,        26,          0.12,      0.08,      0.16,      0.0775,     0.075,        0.08,     35.1868,        2.4886
    445,         3,        26,           0.2,      0.16,      0.24,      0.0775,     0.075,        0.08,     27.5036,       1.75851
    446,         4,        26,          0.28,      0.24,      0.32,      0.0775,     0.075,        0.08,     10.6201,      0.663128
    447,         5,        26,          0.36,      0.32,       0.4,      0.0775,     0.075,        0.08,     6.14809,      0.548416
    448,         6,        26,          0.44,       0.4,      0.48,      0.0775,     0.075,        0.08,     1.60946,      0.106927
    449,         7,        26,          0.52,      0.48,      0.56,      0.0775,     0.075,        0.08,    0.297114,     0.0258511
    450,         8,        26,           0.6,      0.56,      0.64,      0.0775,     0.075,        0.08,   0.0581996,     0.0122603
    451,         9,        26,          0.68,      0.64,      0.72,      0.0775,     0.075,        0.08,   0.0144112,    0.00616536
    452,        10,        26,          0.76,      0.72,       0.8,      0.0775,     0.075,        0.08,   0.0461209,     0.0282601
    453,        11,        26,          0.84,       0.8,      0.88,      0.0775,     0.075,        0.08,  0.00455103,    0.00247293
    454,        12,        26,          0.92,      0.88,      0.96,      0.0775,     0.075,        0.08,   0.0137815,    0.00753054
    455,        13,        26,             1,      0.96,      1.04,      0.0775,     0.075,        0.08,  0.00591301,    0.00591301
    456,        14,        26,          1.08,      1.04,      1.12,      0.0775,     0.075,        0.08,  0.00116923,   0.000727141
    457,        15,        26,          1.16,      1.12,       1.2,      0.0775,     0.075,        0.08, 0.000321215,   0.000308371
    460,         1,        27,          0.04,         0,      0.08,      0.0825,      0.08,       0.085,      11.482,       2.28724
    461,         2,        27,          0.12,      0.08,      0.16,      0.0825,      0.08,       0.085,     33.7168,       3.02542
    462,         3,        27,           0.2,      0.16,      0.24,      0.0825,      0.08,       0.085,     26.5715,       1.95732
    463,         4,        27,          0.28,      0.24,      0.32,      0.0825,      0.08,       0.085,     11.0316,      0.762195
    464,         5,        27,          0.36,      0.32,       0.4,      0.0825,      0.08,       0.085,     4.94866,      0.431773
    465,         6,        27,          0.44,       0.4,      0.48,      0.0825,      0.08,       0.085,     1.60701,     0.0793301
    466,         7,        27,          0.52,      0.48,      0.56,      0.0825,      0.08,       0.085,    0.302845,     0.0240878
    467,         8,        27,           0.6,      0.56,      0.64,      0.0825,      0.08,       0.085,   0.0423976,      0.016771
    468,         9,        27,          0.68,      0.64,      0.72,      0.0825,      0.08,       0.085,   0.0423042,     0.0199847
    469,        10,        27,          0.76,      0.72,       0.8,      0.0825,      0.08,       0.085,   0.0228441,      0.013547
    470,        11,        27,          0.84,       0.8,      0.88,      0.0825,      0.08,       0.085,   0.0234092,      0.017274
    471,        12,        27,          0.92,      0.88,      0.96,      0.0825,      0.08,       0.085,  0.00291091,    0.00170397
    472,        13,        27,             1,      0.96,      1.04,      0.0825,      0.08,       0.085, 0.000290953,   0.000290953
    473,        14,        27,          1.08,      1.04,      1.12,      0.0825,      0.08,       0.085,   0.0077069,    0.00744122
    474,        15,        27,          1.16,      1.12,       1.2,      0.0825,      0.08,       0.085,           0,             0
    477,         1,        28,          0.04,         0,      0.08,      0.0875,     0.085,        0.09,     10.5331,       2.46003
    478,         2,        28,          0.12,      0.08,      0.16,      0.0875,     0.085,        0.09,     28.8519,       2.81899
    479,         3,        28,           0.2,      0.16,      0.24,      0.0875,     0.085,        0.09,     22.3509,       1.83293
    480,         4,        28,          0.28,      0.24,      0.32,      0.0875,     0.085,        0.09,     9.37626,      0.710338
    481,         5,        28,          0.36,      0.32,       0.4,      0.0875,     0.085,        0.09,     3.70799,      0.181219
    482,         6,        28,          0.44,       0.4,      0.48,      0.0875,     0.085,        0.09,     1.76309,      0.209145
    483,         7,        28,          0.52,      0.48,      0.56,      0.0875,     0.085,        0.09,    0.372978,     0.0974973
    484,         8,        28,           0.6,      0.56,      0.64,      0.0875,     0.085,        0.09,    0.140445,     0.0556673
    485,         9,        28,          0.68,      0.64,      0.72,      0.0875,     0.085,        0.09,   0.0508078,     0.0266056
    486,        10,        28,          0.76,      0.72,       0.8,      0.0875,     0.085,        0.09,  0.00657617,    0.00327934
    487,        11,        28,          0.84,       0.8,      0.88,      0.0875,     0.085,        0.09,   0.0393747,     0.0367352
    488,        12,        28,          0.92,      0.88,      0.96,      0.0875,     0.085,        0.09,  0.00452679,    0.00224908
    489,        13,        28,             1,      0.96,      1.04,      0.0875,     0.085,        0.09,  0.00130475,   0.000713109
    490,        14,        28,          1.08,      1.04,      1.12,      0.0875,     0.085,        0.09,           0,             0
    491,        15,        28,          1.16,      1.12,       1.2,      0.0875,     0.085,        0.09,           0,             0
    494,         1,        29,          0.04,         0,      0.08,      0.0925,      0.09,       0.095,     6.99694,       1.83325
    495,         2,        29,          0.12,      0.08,      0.16,      0.0925,      0.09,       0.095,     20.7888,       2.29944
    496,         3,        29,           0.2,      0.16,      0.24,      0.0925,      0.09,       0.095,     20.0476,       1.69439
    497,         4,        29,          0.28,      0.24,      0.32,      0.0925,      0.09,       0.095,     8.38666,      0.630937
    498,         5,        29,          0.36,      0.32,       0.4,      0.0925,      0.09,       0.095,     4.56814,      0.487024
    499,         6,        29,          0.44,       0.4,      0.48,      0.0925,      0.09,       0.095,     1.67653,       0.16783
    500,         7,        29,          0.52,      0.48,      0.56,      0.0925,      0.09,       0.095,     0.34811,     0.0576886
    501,         8,        29,           0.6,      0.56,      0.64,      0.0925,      0.09,       0.095,   0.0469077,      0.011988
    502,         9,        29,          0.68,      0.64,      0.72,      0.0925,      0.09,       0.095,   0.0161765,    0.00592571
    503,        10,        29,          0.76,      0.72,       0.8,      0.0925,      0.09,       0.095,   0.0145921,    0.00963322
    504,        11,        29,          0.84,       0.8,      0.88,      0.0925,      0.09,       0.095,  0.00649337,    0.00324642
    505,        12,        29,          0.92,      0.88,      0.96,      0.0925,      0.09,       0.095,  0.00141895,    0.00141895
    506,        13,        29,             1,      0.96,      1.04,      0.0925,      0.09,       0.095,  0.00102339,   0.000727177
    507,        14,        29,          1.08,      1.04,      1.12,      0.0925,      0.09,       0.095, 0.000222833,   0.000157651
    508,        15,        29,          1.16,      1.12,       1.2,      0.0925,      0.09,       0.095, 5.00713e-05,   5.00713e-05
    511,         1,        30,          0.04,         0,      0.08,      0.0975,     0.095,         0.1,     9.13664,        2.2816
    512,         2,        30,          0.12,      0.08,      0.16,      0.0975,     0.095,         0.1,     21.2331,        2.6609
    513,         3,        30,           0.2,      0.16,      0.24,      0.0975,     0.095,         0.1,     20.9422,       2.47635
    514,         4,        30,          0.28,      0.24,      0.32,      0.0975,     0.095,         0.1,      10.034,      0.957353
    515,         5,        30,          0.36,      0.32,       0.4,      0.0975,     0.095,         0.1,     3.58401,      0.252553
    516,         6,        30,          0.44,       0.4,      0.48,      0.0975,     0.095,         0.1,     1.31138,      0.066893
    517,         7,        30,          0.52,      0.48,      0.56,      0.0975,     0.095,         0.1,    0.285866,     0.0229511
    518,         8,        30,           0.6,      0.56,      0.64,      0.0975,     0.095,         0.1,   0.0614594,     0.0306211
    519,         9,        30,          0.68,      0.64,      0.72,      0.0975,     0.095,         0.1,   0.0223059,    0.00663518
    520,        10,        30,          0.76,      0.72,       0.8,      0.0975,     0.095,         0.1,   0.0317061,     0.0234656
    521,        11,        30,          0.84,       0.8,      0.88,      0.0975,     0.095,         0.1,   0.0190284,     0.0114987
    522,        12,        30,          0.92,      0.88,      0.96,      0.0975,     0.095,         0.1, 0.000141744,   0.000141744
    523,        13,        30,             1,      0.96,      1.04,      0.0975,     0.095,         0.1, 0.000379903,    0.00024077
    524,        14,        30,          1.08,      1.04,      1.12,      0.0975,     0.095,         0.1,           0,             0
    525,        15,        30,          1.16,      1.12,       1.2,      0.0975,     0.095,         0.1,           0,             0
    528,         1,        31,          0.04,         0,      0.08,      0.1025,       0.1,       0.105,     8.12355,       2.18781
    529,         2,        31,          0.12,      0.08,      0.16,      0.1025,       0.1,       0.105,     26.0063,       3.33271
    530,         3,        31,           0.2,      0.16,      0.24,      0.1025,       0.1,       0.105,     17.6196,       1.82458
    531,         4,        31,          0.28,      0.24,      0.32,      0.1025,       0.1,       0.105,     10.7963,       1.22649
    532,         5,        31,          0.36,      0.32,       0.4,      0.1025,       0.1,       0.105,     3.21596,      0.182474
    533,         6,        31,          0.44,       0.4,      0.48,      0.1025,       0.1,       0.105,     1.51425,      0.099372
    534,         7,        31,          0.52,      0.48,      0.56,      0.1025,       0.1,       0.105,    0.271434,     0.0236438
    535,         8,        31,           0.6,      0.56,      0.64,      0.1025,       0.1,       0.105,    0.112391,     0.0427069
    536,         9,        31,          0.68,      0.64,      0.72,      0.1025,       0.1,       0.105,   0.0266333,      0.010229
    537,        10,        31,          0.76,      0.72,       0.8,      0.1025,       0.1,       0.105,    0.205168,      0.184852
    538,        11,        31,          0.84,       0.8,      0.88,      0.1025,       0.1,       0.105,    0.180474,      0.174048
    539,        12,        31,          0.92,      0.88,      0.96,      0.1025,       0.1,       0.105,  0.00112471,    0.00112471
    540,        13,        31,             1,      0.96,      1.04,      0.1025,       0.1,       0.105,  8.8127e-05,    8.8127e-05
    541,        14,        31,          1.08,      1.04,      1.12,      0.1025,       0.1,       0.105, 0.000187272,   0.000132433
    542,        15,        31,          1.16,      1.12,       1.2,      0.1025,       0.1,       0.105,           0,             0
    545,         1,        32,          0.04,         0,      0.08,      0.1075,     0.105,        0.11,     3.75242,       1.27364
    546,         2,        32,          0.12,      0.08,      0.16,      0.1075,     0.105,        0.11,     19.8566,       2.61304
    547,         3,        32,           0.2,      0.16,      0.24,      0.1075,     0.105,        0.11,     17.0908,       1.69964
    548,         4,        32,          0.28,      0.24,      0.32,      0.1075,     0.105,        0.11,     7.73277,      0.822548
    549,         5,        32,          0.36,      0.32,       0.4,      0.1075,     0.105,        0.11,     3.34571,      0.211821
    550,         6,        32,          0.44,       0.4,      0.48,      0.1075,     0.105,        0.11,     1.34608,      0.106936
    551,         7,        32,          0.52,      0.48,      0.56,      0.1075,     0.105,        0.11,    0.333023,     0.0655767
    552,         8,        32,           0.6,      0.56,      0.64,      0.1075,     0.105,        0.11,    0.170159,     0.0498788
    553,         9,        32,          0.68,      0.64,      0.72,      0.1075,     0.105,        0.11,   0.0356149,     0.0213791
    554,        10,        32,          0.76,      0.72,       0.8,      0.1075,     0.105,        0.11,   0.0476725,      0.028368
    555,        11,        32,          0.84,       0.8,      0.88,      0.1075,     0.105,        0.11,   0.0329692,     0.0291244
    556,        12,        32,          0.92,      0.88,      0.96,      0.1075,     0.105,        0.11,  0.00322538,    0.00214289
    557,        13,        32,             1,      0.96,      1.04,      0.1075,     0.105,        0.11, 0.000345823,   0.000345823
    558,        14,        32,          1.08,      1.04,      1.12,      0.1075,     0.105,        0.11,           0,             0
    559,        15,        32,          1.16,      1.12,       1.2,      0.1075,     0.105,        0.11,  0.00217144,    0.00200903
    562,         1,        33,          0.04,         0,      0.08,      0.1125,      0.11,       0.115,     2.78479,       0.89573
    563,         2,        33,          0.12,      0.08,      0.16,      0.1125,      0.11,       0.115,     19.2727,       2.84003
    564,         3,        33,           0.2,      0.16,      0.24,      0.1125,      0.11,       0.115,     14.4221,        1.5877
    565,         4,        33,          0.28,      0.24,      0.32,      0.1125,      0.11,       0.115,     8.49157,      0.839501
    566,         5,        33,          0.36,      0.32,       0.4,      0.1125,      0.11,       0.115,     3.44544,      0.299813
    567,         6,        33,          0.44,       0.4,      0.48,      0.1125,      0.11,       0.115,     1.37553,      0.137063
    568,         7,        33,          0.52,      0.48,      0.56,      0.1125,      0.11,       0.115,    0.304957,      0.030317
    569,         8,        33,           0.6,      0.56,      0.64,      0.1125,      0.11,       0.115,   0.0826182,     0.0233087
    570,         9,        33,          0.68,      0.64,      0.72,      0.1125,      0.11,       0.115,   0.0152851,    0.00513827
    571,        10,        33,          0.76,      0.72,       0.8,      0.1125,      0.11,       0.115,  0.00966178,    0.00605693
    572,        11,        33,          0.84,       0.8,      0.88,      0.1125,      0.11,       0.115,   0.0161459,     0.0109924
    573,        12,        33,          0.92,      0.88,      0.96,      0.1125,      0.11,       0.115,    0.016622,     0.0155691
    574,        13,        33,             1,      0.96,      1.04,      0.1125,      0.11,       0.115,   0.0012157,    0.00115798
    575,        14,        33,          1.08,      1.04,      1.12,      0.1125,      0.11,       0.115,           0,             0
    576,        15,        33,          1.16,      1.12,       1.2,      0.1125,      0.11,       0.115,           0,             0
    579,         1,        34,          0.04,         0,      0.08,      0.1175,     0.115,        0.12,      4.4232,       1.45315
    580,         2,        34,          0.12,      0.08,      0.16,      0.1175,     0.115,        0.12,     19.5213,       2.76698
    581,         3,        34,           0.2,      0.16,      0.24,      0.1175,     0.115,        0.12,     13.2916,       1.38747
    582,         4,        34,          0.28,      0.24,      0.32,      0.1175,     0.115,        0.12,       9.025,      0.803538
    583,         5,        34,          0.36,      0.32,       0.4,      0.1175,     0.115,        0.12,     3.23577,      0.247609
    584,         6,        34,          0.44,       0.4,      0.48,      0.1175,     0.115,        0.12,     1.38783,      0.142855
    585,         7,        34,          0.52,      0.48,      0.56,      0.1175,     0.115,        0.12,    0.464756,      0.121735
    586,         8,        34,           0.6,      0.56,      0.64,      0.1175,     0.115,        0.12,   0.0791826,     0.0388944
    587,         9,        34,          0.68,      0.64,      0.72,      0.1175,     0.115,        0.12,   0.0413524,     0.0178186
    588,        10,        34,          0.76,      0.72,       0.8,      0.1175,     0.115,        0.12,   0.0940273,     0.0593487
    589,        11,        34,          0.84,       0.8,      0.88,      0.1175,     0.115,        0.12,  0.00484284,    0.00257804
    590,        12,        34,          0.92,      0.88,      0.96,      0.1175,     0.115,        0.12,    0.431696,      0.422868
    591,        13,        34,             1,      0.96,      1.04,      0.1175,     0.115,        0.12, 0.000952908,   0.000834338
    592,        14,        34,          1.08,      1.04,      1.12,      0.1175,     0.115,        0.12, 5.59121e-05,   5.59121e-05
    593,        15,        34,          1.16,      1.12,       1.2,      0.1175,     0.115,        0.12,           0,             0
    596,         1,        35,          0.04,         0,      0.08,      0.1225,      0.12,       0.125,     2.93438,      0.839294
    597,         2,        35,          0.12,      0.08,      0.16,      0.1225,      0.12,       0.125,     22.0493,       2.88041
    598,         3,        35,           0.2,      0.16,      0.24,      0.1225,      0.12,       0.125,     13.9481,       1.44756
    599,         4,        35,          0.28,      0.24,      0.32,      0.1225,      0.12,       0.125,     7.96265,      0.688339
    600,         5,        35,          0.36,      0.32,       0.4,      0.1225,      0.12,       0.125,     3.23611,      0.236358
    601,         6,        35,          0.44,       0.4,      0.48,      0.1225,      0.12,       0.125,     1.58295,      0.184918
    602,         7,        35,          0.52,      0.48,      0.56,      0.1225,      0.12,       0.125,     1.02466,      0.378766
    603,         8,        35,           0.6,      0.56,      0.64,      0.1225,      0.12,       0.125,    0.143222,     0.0421468
    604,         9,        35,          0.68,      0.64,      0.72,      0.1225,      0.12,       0.125,   0.0241929,    0.00862186
    605,        10,        35,          0.76,      0.72,       0.8,      0.1225,      0.12,       0.125,   0.0416416,     0.0246583
    606,        11,        35,          0.84,       0.8,      0.88,      0.1225,      0.12,       0.125,   0.0106781,    0.00490179
    607,        12,        35,          0.92,      0.88,      0.96,      0.1225,      0.12,       0.125,  0.00319126,    0.00169391
    608,        13,        35,             1,      0.96,      1.04,      0.1225,      0.12,       0.125,   0.0219025,     0.0168433
    609,        14,        35,          1.08,      1.04,      1.12,      0.1225,      0.12,       0.125,  0.00126888,    0.00119025
    610,        15,        35,          1.16,      1.12,       1.2,      0.1225,      0.12,       0.125,  0.00057138,    0.00057138
    613,         1,        36,          0.04,         0,      0.08,      0.1275,     0.125,        0.13,     1.90388,      0.721143
    614,         2,        36,          0.12,      0.08,      0.16,      0.1275,     0.125,        0.13,      13.647,       2.38291
    615,         3,        36,           0.2,      0.16,      0.24,      0.1275,     0.125,        0.13,     18.7028,       1.81713
    616,         4,        36,          0.28,      0.24,      0.32,      0.1275,     0.125,        0.13,     8.55829,      0.797227
    617,         5,        36,          0.36,      0.32,       0.4,      0.1275,     0.125,        0.13,     3.01893,      0.274245
    618,         6,        36,          0.44,       0.4,      0.48,      0.1275,     0.125,        0.13,     1.21397,      0.090613
    619,         7,        36,          0.52,      0.48,      0.56,      0.1275,     0.125,        0.13,    0.376154,     0.0795645
    620,         8,        36,           0.6,      0.56,      0.64,      0.1275,     0.125,        0.13,    0.106256,     0.0284282
    621,         9,        36,          0.68,      0.64,      0.72,      0.1275,     0.125,        0.13,    0.154486,     0.0955168
    622,        10,        36,          0.76,      0.72,       0.8,      0.1275,     0.125,        0.13,   0.0146633,    0.00828594
    623,        11,        36,          0.84,       0.8,      0.88,      0.1275,     0.125,        0.13,  0.00212039,    0.00138649
    624,        12,        36,          0.92,      0.88,      0.96,      0.1275,     0.125,        0.13,  0.00058521,   0.000413879
    625,        13,        36,             1,      0.96,      1.04,      0.1275,     0.125,        0.13,           0,             0
    626,        14,        36,          1.08,      1.04,      1.12,      0.1275,     0.125,        0.13,  5.3789e-05,    5.3789e-05
    627,        15,        36,          1.16,      1.12,       1.2,      0.1275,     0.125,        0.13,           0,             0
    630,         1,        37,          0.04,         0,      0.08,      0.1325,      0.13,       0.135,     2.33826,       1.42064
    631,         2,        37,          0.12,      0.08,      0.16,      0.1325,      0.13,       0.135,     14.4438,       2.13208
    632,         3,        37,           0.2,      0.16,      0.24,      0.1325,      0.13,       0.135,     15.6019,       1.56338
    633,         4,        37,          0.28,      0.24,      0.32,      0.1325,      0.13,       0.135,     9.33945,       1.08161
    634,         5,        37,          0.36,      0.32,       0.4,      0.1325,      0.13,       0.135,     2.98203,      0.233508
    635,         6,        37,          0.44,       0.4,      0.48,      0.1325,      0.13,       0.135,     1.61571,      0.252473
    636,         7,        37,          0.52,      0.48,      0.56,      0.1325,      0.13,       0.135,    0.371913,     0.0602902
    637,         8,        37,           0.6,      0.56,      0.64,      0.1325,      0.13,       0.135,    0.285187,      0.149115
    638,         9,        37,          0.68,      0.64,      0.72,      0.1325,      0.13,       0.135,    0.149658,     0.0754818
    639,        10,        37,          0.76,      0.72,       0.8,      0.1325,      0.13,       0.135,   0.0054867,    0.00238465
    640,        11,        37,          0.84,       0.8,      0.88,      0.1325,      0.13,       0.135,  0.00677874,    0.00389883
    641,        12,        37,          0.92,      0.88,      0.96,      0.1325,      0.13,       0.135,  0.00128224,   0.000833502
    642,        13,        37,             1,      0.96,      1.04,      0.1325,      0.13,       0.135,  0.00130543,   0.000966986
    643,        14,        37,          1.08,      1.04,      1.12,      0.1325,      0.13,       0.135,  0.00312205,    0.00233143
    644,        15,        37,          1.16,      1.12,       1.2,      0.1325,      0.13,       0.135,           0,             0
    647,         1,        38,          0.04,         0,      0.08,      0.1375,     0.135,        0.14,    0.736093,      0.326601
    648,         2,        38,          0.12,      0.08,      0.16,      0.1375,     0.135,        0.14,     15.1653,       2.72249
    649,         3,        38,           0.2,      0.16,      0.24,      0.1375,     0.135,        0.14,     15.4267,        1.7947
    650,         4,        38,          0.28,      0.24,      0.32,      0.1375,     0.135,        0.14,     8.88542,      0.916268
    651,         5,        38,          0.36,      0.32,       0.4,      0.1375,     0.135,        0.14,     3.60658,      0.428334
    652,         6,        38,          0.44,       0.4,      0.48,      0.1375,     0.135,        0.14,     1.60135,      0.245292
    653,         7,        38,          0.52,      0.48,      0.56,      0.1375,     0.135,        0.14,    0.346538,       0.05649
    654,         8,        38,           0.6,      0.56,      0.64,      0.1375,     0.135,        0.14,   0.0984533,     0.0409901
    655,         9,        38,          0.68,      0.64,      0.72,      0.1375,     0.135,        0.14,    0.114727,     0.0683009
    656,        10,        38,          0.76,      0.72,       0.8,      0.1375,     0.135,        0.14,  0.00879984,    0.00376881
    657,        11,        38,          0.84,       0.8,      0.88,      0.1375,     0.135,        0.14, 0.000546165,   0.000427137
    658,        12,        38,          0.92,      0.88,      0.96,      0.1375,     0.135,        0.14,  0.00145073,    0.00124009
    659,        13,        38,             1,      0.96,      1.04,      0.1375,     0.135,        0.14, 0.000192452,   0.000121101
    660,        14,        38,          1.08,      1.04,      1.12,      0.1375,     0.135,        0.14, 3.15589e-05,   3.15589e-05
    661,        15,        38,          1.16,      1.12,       1.2,      0.1375,     0.135,        0.14, 0.000244447,   0.000127589
    664,         1,        39,          0.04,         0,      0.08,      0.1425,      0.14,       0.145,     1.01547,      0.457476
    665,         2,        39,          0.12,      0.08,      0.16,      0.1425,      0.14,       0.145,     13.8491,        2.0497
    666,         3,        39,           0.2,      0.16,      0.24,      0.1425,      0.14,       0.145,     16.9853,       1.97345
    667,         4,        39,          0.28,      0.24,      0.32,      0.1425,      0.14,       0.145,     7.52086,      0.806287
    668,         5,        39,          0.36,      0.32,       0.4,      0.1425,      0.14,       0.145,     3.18134,      0.230479
    669,         6,        39,          0.44,       0.4,      0.48,      0.1425,      0.14,       0.145,     1.17178,      0.100974
    670,         7,        39,          0.52,      0.48,      0.56,      0.1425,      0.14,       0.145,    0.324371,     0.0439324
    671,         8,        39,           0.6,      0.56,      0.64,      0.1425,      0.14,       0.145,    0.537801,      0.379704
    672,         9,        39,          0.68,      0.64,      0.72,      0.1425,      0.14,       0.145,   0.0619759,     0.0297658
    673,        10,        39,          0.76,      0.72,       0.8,      0.1425,      0.14,       0.145,   0.0757404,     0.0398958
    674,        11,        39,          0.84,       0.8,      0.88,      0.1425,      0.14,       0.145,    0.150878,      0.130489
    675,        12,        39,          0.92,      0.88,      0.96,      0.1425,      0.14,       0.145, 0.000543364,   0.000444645
    676,        13,        39,             1,      0.96,      1.04,      0.1425,      0.14,       0.145, 0.000595709,   0.000595709
    677,        14,        39,          1.08,      1.04,      1.12,      0.1425,      0.14,       0.145, 0.000687249,   0.000505375
    678,        15,        39,          1.16,      1.12,       1.2,      0.1425,      0.14,       0.145,           0,             0
    681,         1,        40,          0.04,         0,      0.08,      0.1475,     0.145,        0.15,    0.292574,      0.154351
    682,         2,        40,          0.12,      0.08,      0.16,      0.1475,     0.145,        0.15,     19.9833,       3.48756
    683,         3,        40,           0.2,      0.16,      0.24,      0.1475,     0.145,        0.15,     14.5419,       2.03023
    684,         4,        40,          0.28,      0.24,      0.32,      0.1475,     0.145,        0.15,     8.52201,       1.30529
    685,         5,        40,          0.36,      0.32,       0.4,      0.1475,     0.145,        0.15,     3.81858,      0.395667
    686,         6,        40,          0.44,       0.4,      0.48,      0.1475,     0.145,        0.15,     1.70117,      0.264482
    687,         7,        40,          0.52,      0.48,      0.56,      0.1475,     0.145,        0.15,    0.434232,     0.0493648
    688,         8,        40,           0.6,      0.56,      0.64,      0.1475,     0.145,        0.15,   0.0760337,     0.0164706
    689,         9,        40,          0.68,      0.64,      0.72,      0.1475,     0.145,        0.15,   0.0160751,    0.00643743
    690,        10,        40,          0.76,      0.72,       0.8,      0.1475,     0.145,        0.15,   0.0137288,    0.00620906
    691,        11,        40,          0.84,       0.8,      0.88,      0.1475,     0.145,        0.15,   0.0635506,     0.0623569
    692,        12,        40,          0.92,      0.88,      0.96,      0.1475,     0.145,        0.15,  6.8249e-05,   6.82491e-05
    693,        13,        40,             1,      0.96,      1.04,      0.1475,     0.145,        0.15, 8.39211e-05,   8.39211e-05
    694,        14,        40,          1.08,      1.04,      1.12,      0.1475,     0.145,        0.15, 0.000155632,   0.000155632
    695,        15,        40,          1.16,      1.12,       1.2,      0.1475,     0.145,        0.15,           0,             0
    698,         1,        41,          0.04,         0,      0.08,      0.1525,      0.15,       0.155,   0.0781899,     0.0443691
    699,         2,        41,          0.12,      0.08,      0.16,      0.1525,      0.15,       0.155,     17.9121,       2.80926
    700,         3,        41,           0.2,      0.16,      0.24,      0.1525,      0.15,       0.155,     15.3613,       1.72696
    701,         4,        41,          0.28,      0.24,      0.32,      0.1525,      0.15,       0.155,     8.58484,      0.866606
    702,         5,        41,          0.36,      0.32,       0.4,      0.1525,      0.15,       0.155,     3.11662,      0.418245
    703,         6,        41,          0.44,       0.4,      0.48,      0.1525,      0.15,       0.155,     1.70557,      0.308191
    704,         7,        41,          0.52,      0.48,      0.56,      0.1525,      0.15,       0.155,    0.440574,     0.0629817
    705,         8,        41,           0.6,      0.56,      0.64,      0.1525,      0.15,       0.155,    0.326371,      0.177791
    706,         9,        41,          0.68,      0.64,      0.72,      0.1525,      0.15,       0.155,    0.303647,        0.1804
    707,        10,        41,          0.76,      0.72,       0.8,      0.1525,      0.15,       0.155,     0.19826,      0.149629
    708,        11,        41,          0.84,       0.8,      0.88,      0.1525,      0.15,       0.155,  0.00287224,    0.00123632
    709,        12,        41,          0.92,      0.88,      0.96,      0.1525,      0.15,       0.155, 0.000226133,   0.000226133
    710,        13,        41,             1,      0.96,      1.04,      0.1525,      0.15,       0.155,           0,             0
    711,        14,        41,          1.08,      1.04,      1.12,      0.1525,      0.15,       0.155, 0.000239386,   0.000239386
    712,        15,        41,          1.16,      1.12,       1.2,      0.1525,      0.15,       0.155, 1.51226e-05,   1.51226e-05
    715,         1,        42,          0.04,         0,      0.08,      0.1575,     0.155,        0.16,    0.777053,       0.61254
    716,         2,        42,          0.12,      0.08,      0.16,      0.1575,     0.155,        0.16,     11.6121,        2.2347
    717,         3,        42,           0.2,      0.16,      0.24,      0.1575,     0.155,        0.16,     18.8391,       2.17943
    718,         4,        42,          0.28,      0.24,      0.32,      0.1575,     0.155,        0.16,     8.75727,      0.819734
    719,         5,        42,          0.36,      0.32,       0.4,      0.1575,     0.155,        0.16,     4.21306,      0.613021
    720,         6,        42,          0.44,       0.4,      0.48,      0.1575,     0.155,        0.16,     2.14191,      0.396261
    721,         7,        42,          0.52,      0.48,      0.56,      0.1575,     0.155,        0.16,    0.436387,     0.0485965
    722,         8,        42,           0.6,      0.56,      0.64,      0.1575,     0.155,        0.16,    0.127321,     0.0402922
    723,         9,        42,          0.68,      0.64,      0.72,      0.1575,     0.155,        0.16,    0.394082,      0.230249
    724,        10,        42,          0.76,      0.72,       0.8,      0.1575,     0.155,        0.16,    0.239988,      0.229568
    725,        11,        42,          0.84,       0.8,      0.88,      0.1575,     0.155,        0.16,   0.0251164,     0.0222874
    726,        12,        42,          0.92,      0.88,      0.96,      0.1575,     0.155,        0.16, 0.000323943,    0.00027205
    727,        13,        42,             1,      0.96,      1.04,      0.1575,     0.155,        0.16, 0.000764363,   0.000752823
    728,        14,        42,          1.08,      1.04,      1.12,      0.1575,     0.155,        0.16, 0.000554446,   0.000442492
    729,        15,        42,          1.16,      1.12,       1.2,      0.1575,     0.155,        0.16,           0,             0
    732,         1,        43,          0.04,         0,      0.08,      0.1625,      0.16,       0.165,     1.57285,      0.919604
    733,         2,        43,          0.12,      0.08,      0.16,      0.1625,      0.16,       0.165,     11.0848,       1.88519
    734,         3,        43,           0.2,      0.16,      0.24,      0.1625,      0.16,       0.165,     19.7539,       2.47778
    735,         4,        43,          0.28,      0.24,      0.32,      0.1625,      0.16,       0.165,     7.67806,      0.777997
    736,         5,        43,          0.36,      0.32,       0.4,      0.1625,      0.16,       0.165,     3.77229,      0.650517
    737,         6,        43,          0.44,       0.4,      0.48,      0.1625,      0.16,       0.165,     1.27936,      0.105724
    738,         7,        43,          0.52,      0.48,      0.56,      0.1625,      0.16,       0.165,      1.0261,      0.491843
    739,         8,        43,           0.6,      0.56,      0.64,      0.1625,      0.16,       0.165,     0.11337,     0.0584771
    740,         9,        43,          0.68,      0.64,      0.72,      0.1625,      0.16,       0.165,   0.0384985,     0.0135531
    741,        10,        43,          0.76,      0.72,       0.8,      0.1625,      0.16,       0.165,   0.0163082,    0.00853578
    742,        11,        43,          0.84,       0.8,      0.88,      0.1625,      0.16,       0.165,   0.0175458,     0.0094248
    743,        12,        43,          0.92,      0.88,      0.96,      0.1625,      0.16,       0.165, 0.000169872,   0.000169872
    744,        13,        43,             1,      0.96,      1.04,      0.1625,      0.16,       0.165, 0.000319747,   0.000285323
    745,        14,        43,          1.08,      1.04,      1.12,      0.1625,      0.16,       0.165,           0,             0
    746,        15,        43,          1.16,      1.12,       1.2,      0.1625,      0.16,       0.165, 7.64854e-05,   6.55582e-05
    749,         1,        44,          0.04,         0,      0.08,      0.1675,     0.165,        0.17,    0.530571,      0.384869
    750,         2,        44,          0.12,      0.08,      0.16,      0.1675,     0.165,        0.17,     13.7075,       2.53796
    751,         3,        44,           0.2,      0.16,      0.24,      0.1675,     0.165,        0.17,     14.8651,       1.83798
    752,         4,        44,          0.28,      0.24,      0.32,      0.1675,     0.165,        0.17,     9.94824,      0.933318
    753,         5,        44,          0.36,      0.32,       0.4,      0.1675,     0.165,        0.17,     4.63497,      0.718558
    754,         6,        44,          0.44,       0.4,      0.48,      0.1675,     0.165,        0.17,     1.45925,      0.139451
    755,         7,        44,          0.52,      0.48,      0.56,      0.1675,     0.165,        0.17,    0.577138,      0.216591
    756,         8,        44,           0.6,      0.56,      0.64,      0.1675,     0.165,        0.17,   0.0810924,     0.0219101
    757,         9,        44,          0.68,      0.64,      0.72,      0.1675,     0.165,        0.17,     0.61323,      0.416359
    758,        10,        44,          0.76,      0.72,       0.8,      0.1675,     0.165,        0.17,   0.0273715,     0.0187046
    759,        11,        44,          0.84,       0.8,      0.88,      0.1675,     0.165,        0.17,  0.00779419,    0.00500791
    760,        12,        44,          0.92,      0.88,      0.96,      0.1675,     0.165,        0.17,  0.00110192,   0.000598622
    761,        13,        44,             1,      0.96,      1.04,      0.1675,     0.165,        0.17,  0.00152793,   0.000854502
    762,        14,        44,          1.08,      1.04,      1.12,      0.1675,     0.165,        0.17,  0.00217642,    0.00214075
    763,        15,        44,          1.16,      1.12,       1.2,      0.1675,     0.165,        0.17,           0,             0
    766,         1,        45,          0.04,         0,      0.08,      0.1725,      0.17,       0.175, 0.000347522,   9.48308e-05
    767,         2,        45,          0.12,      0.08,      0.16,      0.1725,      0.17,       0.175,       11.95,       2.33159
    768,         3,        45,           0.2,      0.16,      0.24,      0.1725,      0.17,       0.175,     17.1663,       2.14828
    769,         4,        45,          0.28,      0.24,      0.32,      0.1725,      0.17,       0.175,     8.91073,      0.910485
    770,         5,        45,          0.36,      0.32,       0.4,      0.1725,      0.17,       0.175,     4.48901,      0.538223
    771,         6,        45,          0.44,       0.4,      0.48,      0.1725,      0.17,       0.175,     1.61432,      0.221959
    772,         7,        45,          0.52,      0.48,      0.56,      0.1725,      0.17,       0.175,    0.551104,      0.195105
    773,         8,        45,           0.6,      0.56,      0.64,      0.1725,      0.17,       0.175,    0.136921,     0.0565587
    774,         9,        45,          0.68,      0.64,      0.72,      0.1725,      0.17,       0.175,    0.135364,     0.0682363
    775,        10,        45,          0.76,      0.72,       0.8,      0.1725,      0.17,       0.175,   0.0463981,     0.0279026
    776,        11,        45,          0.84,       0.8,      0.88,      0.1725,      0.17,       0.175,   0.0132124,     0.0118881
    777,        12,        45,          0.92,      0.88,      0.96,      0.1725,      0.17,       0.175,   0.0140097,      0.013027
    778,        13,        45,             1,      0.96,      1.04,      0.1725,      0.17,       0.175, 0.000287386,   0.000287386
    779,        14,        45,          1.08,      1.04,      1.12,      0.1725,      0.17,       0.175,  1.7834e-05,    1.7834e-05
    780,        15,        45,          1.16,      1.12,       1.2,      0.1725,      0.17,       0.175, 0.000541688,   0.000534064
    783,         1,        46,          0.04,         0,      0.08,      0.1775,     0.175,        0.18,  0.00732062,    0.00699761
    784,         2,        46,          0.12,      0.08,      0.16,      0.1775,     0.175,        0.18,     9.58099,       1.91335
    785,         3,        46,           0.2,      0.16,      0.24,      0.1775,     0.175,        0.18,     11.7572,       1.63844
    786,         4,        46,          0.28,      0.24,      0.32,      0.1775,     0.175,        0.18,      9.2349,        1.0194
    787,         5,        46,          0.36,      0.32,       0.4,      0.1775,     0.175,        0.18,       3.695,      0.465419
    788,         6,        46,          0.44,       0.4,      0.48,      0.1775,     0.175,        0.18,     2.28715,      0.700956
    789,         7,        46,          0.52,      0.48,      0.56,      0.1775,     0.175,        0.18,    0.451823,     0.0622396
    790,         8,        46,           0.6,      0.56,      0.64,      0.1775,     0.175,        0.18,    0.371471,      0.191928
    791,         9,        46,          0.68,      0.64,      0.72,      0.1775,     0.175,        0.18,   0.0738778,     0.0371152
    792,        10,        46,          0.76,      0.72,       0.8,      0.1775,     0.175,        0.18,  0.00976563,    0.00397209
    793,        11,        46,          0.84,       0.8,      0.88,      0.1775,     0.175,        0.18,   0.0563378,     0.0368807
    794,        12,        46,          0.92,      0.88,      0.96,      0.1775,     0.175,        0.18, 0.000474824,   0.000456763
    795,        13,        46,             1,      0.96,      1.04,      0.1775,     0.175,        0.18, 0.000146342,   9.71217e-05
    796,        14,        46,          1.08,      1.04,      1.12,      0.1775,     0.175,        0.18, 0.000652797,   0.000558444
    797,        15,        46,          1.16,      1.12,       1.2,      0.1775,     0.175,        0.18,           0,             0
    800,         1,        47,          0.04,         0,      0.08,      0.1825,      0.18,       0.185, 0.000142351,   4.96795e-05
    801,         2,        47,          0.12,      0.08,      0.16,      0.1825,      0.18,       0.185,     3.61769,       0.91242
    802,         3,        47,           0.2,      0.16,      0.24,      0.1825,      0.18,       0.185,     18.8382,       3.03521
    803,         4,        47,          0.28,      0.24,      0.32,      0.1825,      0.18,       0.185,     9.93045,       1.08867
    804,         5,        47,          0.36,      0.32,       0.4,      0.1825,      0.18,       0.185,     5.62236,      0.970823
    805,         6,        47,          0.44,       0.4,      0.48,      0.1825,      0.18,       0.185,     1.73171,      0.319839
    806,         7,        47,          0.52,      0.48,      0.56,      0.1825,      0.18,       0.185,    0.847762,      0.287181
    807,         8,        47,           0.6,      0.56,      0.64,      0.1825,      0.18,       0.185,      0.1942,     0.0762626
    808,         9,        47,          0.68,      0.64,      0.72,      0.1825,      0.18,       0.185,   0.0505355,     0.0247285
    809,        10,        47,          0.76,      0.72,       0.8,      0.1825,      0.18,       0.185,    0.384554,      0.374892
    810,        11,        47,          0.84,       0.8,      0.88,      0.1825,      0.18,       0.185,  0.00149929,   0.000622941
    811,        12,        47,          0.92,      0.88,      0.96,      0.1825,      0.18,       0.185, 0.000944168,    0.00056882
    812,        13,        47,             1,      0.96,      1.04,      0.1825,      0.18,       0.185, 6.94689e-05,   4.76822e-05
    813,        14,        47,          1.08,      1.04,      1.12,      0.1825,      0.18,       0.185,  0.00297344,    0.00297344
    814,        15,        47,          1.16,      1.12,       1.2,      0.1825,      0.18,       0.185,   0.0130478,     0.0130478
    817,         1,        48,          0.04,         0,      0.08,      0.1875,     0.185,        0.19,   0.0214507,     0.0214213
    818,         2,        48,          0.12,      0.08,      0.16,      0.1875,     0.185,        0.19,     5.28252,       1.48826
    819,         3,        48,           0.2,      0.16,      0.24,      0.1875,     0.185,        0.19,     17.2262,       2.04118
    820,         4,        48,          0.28,      0.24,      0.32,      0.1875,     0.185,        0.19,     8.32604,       1.02086
    821,         5,        48,          0.36,      0.32,       0.4,      0.1875,     0.185,        0.19,     5.33181,      0.891408
    822,         6,        48,          0.44,       0.4,      0.48,      0.1875,     0.185,        0.19,     1.64024,      0.268133
    823,         7,        48,          0.52,      0.48,      0.56,      0.1875,     0.185,        0.19,     0.48769,      0.138372
    824,         8,        48,           0.6,      0.56,      0.64,      0.1875,     0.185,        0.19,    0.720309,      0.535583
    825,         9,        48,          0.68,      0.64,      0.72,      0.1875,     0.185,        0.19,    0.110232,     0.0412329
    826,        10,        48,          0.76,      0.72,       0.8,      0.1875,     0.185,        0.19,   0.0994003,     0.0886465
    827,        11,        48,          0.84,       0.8,      0.88,      0.1875,     0.185,        0.19,  0.00111539,   0.000624191
    828,        12,        48,          0.92,      0.88,      0.96,      0.1875,     0.185,        0.19, 0.000606654,   0.000300975
    829,        13,        48,             1,      0.96,      1.04,      0.1875,     0.185,        0.19, 9.46854e-06,   9.46854e-06
    830,        14,        48,          1.08,      1.04,      1.12,      0.1875,     0.185,        0.19, 0.000133852,   0.000133852
    831,        15,        48,          1.16,      1.12,       1.2,      0.1875,     0.185,        0.19,           0,             0
    834,         1,        49,          0.04,         0,      0.08,      0.1925,      0.19,       0.195, 9.94935e-06,   9.94935e-06
    835,         2,        49,          0.12,      0.08,      0.16,      0.1925,      0.19,       0.195,     5.08567,        1.5975
    836,         3,        49,           0.2,      0.16,      0.24,      0.1925,      0.19,       0.195,     18.9002,       2.67632
    837,         4,        49,          0.28,      0.24,      0.32,      0.1925,      0.19,       0.195,     8.45607,       1.18137
    838,         5,        49,          0.36,      0.32,       0.4,      0.1925,      0.19,       0.195,     3.90036,      0.640716
    839,         6,        49,          0.44,       0.4,      0.48,      0.1925,      0.19,       0.195,     2.74864,       1.06104
    840,         7,        49,          0.52,      0.48,      0.56,      0.1925,      0.19,       0.195,     1.05764,       0.34728
    841,         8,        49,           0.6,      0.56,      0.64,      0.1925,      0.19,       0.195,    0.173946,     0.0497529
    842,         9,        49,          0.68,      0.64,      0.72,      0.1925,      0.19,       0.195,   0.0656124,     0.0241163
    843,        10,        49,          0.76,      0.72,       0.8,      0.1925,      0.19,       0.195,    0.153589,      0.132705
    844,        11,        49,          0.84,       0.8,      0.88,      0.1925,      0.19,       0.195,  0.00207669,    0.00102851
    845,        12,        49,          0.92,      0.88,      0.96,      0.1925,      0.19,       0.195, 0.000596685,   0.000377223
    846,        13,        49,             1,      0.96,      1.04,      0.1925,      0.19,       0.195, 0.000487426,   0.000344681
    847,        14,        49,          1.08,      1.04,      1.12,      0.1925,      0.19,       0.195,  0.00230489,    0.00230489
    848,        15,        49,          1.16,      1.12,       1.2,      0.1925,      0.19,       0.195,  1.3039e-05,    1.3039e-05
    851,         1,        50,          0.04,         0,      0.08,      0.1975,     0.195,         0.2, 1.09505e-05,   1.09505e-05
    852,         2,        50,          0.12,      0.08,      0.16,      0.1975,     0.195,         0.2,     6.23462,       2.01332
    853,         3,        50,           0.2,      0.16,      0.24,      0.1975,     0.195,         0.2,     17.0297,       2.51994
    854,         4,        50,          0.28,      0.24,      0.32,      0.1975,     0.195,         0.2,     10.0037,       1.19062
    855,         5,        50,          0.36,      0.32,       0.4,      0.1975,     0.195,         0.2,      2.7657,      0.287707
    856,         6,        50,          0.44,       0.4,      0.48,      0.1975,     0.195,         0.2,    0.963325,     0.0860473
    857,         7,        50,          0.52,      0.48,      0.56,      0.1975,     0.195,         0.2,    0.390155,     0.0712704
    858,         8,        50,           0.6,      0.56,      0.64,      0.1975,     0.195,         0.2,     0.22182,      0.134877
    859,         9,        50,          0.68,      0.64,      0.72,      0.1975,     0.195,         0.2,    0.144745,      0.104326
    860,        10,        50,          0.76,      0.72,       0.8,      0.1975,     0.195,         0.2,    0.219398,      0.184263
    861,        11,        50,          0.84,       0.8,      0.88,      0.1975,     0.195,         0.2,  0.00959547,    0.00577826
    862,        12,        50,          0.92,      0.88,      0.96,      0.1975,     0.195,         0.2,    0.020961,     0.0207683
    863,        13,        50,             1,      0.96,      1.04,      0.1975,     0.195,         0.2, 0.000971243,   0.000921994
    864,        14,        50,          1.08,      1.04,      1.12,      0.1975,     0.195,         0.2, 8.50832e-05,   5.03974e-05
    865,        15,        50,          1.16,      1.12,       1.2,      0.1975,     0.195,         0.2,           0,             0
