# 1D Histogram Bin Extraction 
#                   
# histogram parameters:  
# xbins      = 60   | xlabel: Proton Angle wrto q-vector, thxq, [deg] 
# xbin width = 0.500 
#                   
# header definitions:
# ib:          x-bin number 
# xb:          x-axis bin number 
# x0:          x-axis central bin value 
# xlow:        x-axis low-edge bin value 
# xup:         x-axis up-edge bin value 
# bin_cnt:     bin content (y-axis) 
# bin_cnt_err: bin content error (y-axis) 
#                                        
#! ib[i,0]/  xb[i,1]/  x0[f,2]/  xlow[f,3]/  xup[f,4]/  bin_cnt[f,5]/  bin_cnt_err[f,6]/  
      1         1          0.25         0       0.5           0             0
      2         2          0.75       0.5         1           0             0
      3         3          1.25         1       1.5           0             0
      4         4          1.75       1.5         2           0             0
      5         5          2.25         2       2.5           0             0
      6         6          2.75       2.5         3           0             0
      7         7          3.25         3       3.5           0             0
      8         8          3.75       3.5         4           0             0
      9         9          4.25         4       4.5           0             0
     10        10          4.75       4.5         5           0             0
     11        11          5.25         5       5.5           0             0
     12        12          5.75       5.5         6           0             0
     13        13          6.25         6       6.5           0             0
     14        14          6.75       6.5         7           0             0
     15        15          7.25         7       7.5           0             0
     16        16          7.75       7.5         8           0             0
     17        17          8.25         8       8.5           0             0
     18        18          8.75       8.5         9           0             0
     19        19          9.25         9       9.5 0.000215513   8.94881e-05
     20        20          9.75       9.5        10  0.00287205    0.00032809
     21        21         10.25        10      10.5   0.0101395   0.000571255
     22        22         10.75      10.5        11   0.0264351   0.000883793
     23        23         11.25        11      11.5   0.0518136    0.00118395
     24        24         11.75      11.5        12   0.0868431     0.0014485
     25        25         12.25        12      12.5    0.123253    0.00164164
     26        26         12.75      12.5        13    0.167634    0.00184105
     27        27         13.25        13      13.5    0.206407    0.00194698
     28        28         13.75      13.5        14    0.238033    0.00197093
     29        29         14.25        14      14.5    0.267558    0.00197138
     30        30         14.75      14.5        15    0.283397    0.00191809
     31        31         15.25        15      15.5    0.289283     0.0018144
     32        32         15.75      15.5        16    0.287966    0.00169095
     33        33         16.25        16      16.5    0.276117    0.00154604
     34        34         16.75      16.5        17    0.258864    0.00139071
     35        35         17.25        17      17.5    0.235196    0.00122565
     36        36         17.75      17.5        18    0.207701    0.00105501
     37        37         18.25        18      18.5    0.177847   0.000892538
     38        38         18.75      18.5        19    0.149537   0.000743077
     39        39         19.25        19      19.5      0.1212    0.00060519
     40        40         19.75      19.5        20   0.0958613   0.000484361
     41        41         20.25        20      20.5   0.0735567   0.000379618
     42        42         20.75      20.5        21   0.0548756   0.000294403
     43        43         21.25        21      21.5   0.0394086   0.000222148
     44        44         21.75      21.5        22   0.0265802   0.000164619
     45        45         22.25        22      22.5   0.0169329    0.00011924
     46        46         22.75      22.5        23  0.00857591   7.97692e-05
     47        47         23.25        23      23.5  0.00322474   4.89144e-05
     48        48         23.75      23.5        24  0.00124482   3.03236e-05
     49        49         24.25        24      24.5 0.000455773   1.70224e-05
     50        50         24.75      24.5        25 0.000145356   9.52375e-06
     51        51         25.25        25      25.5 2.99836e-05   4.65058e-06
     52        52         25.75      25.5        26 3.62303e-06   1.33099e-06
     53        53         26.25        26      26.5 5.19854e-07   3.87651e-07
     54        54         26.75      26.5        27 1.02649e-06   7.46563e-07
     55        55         27.25        27      27.5 7.05841e-07   5.07001e-07
     56        56         27.75      27.5        28           0             0
     57        57         28.25        28      28.5 7.55761e-07   7.55761e-07
     58        58         28.75      28.5        29           0             0
     59        59         29.25        29      29.5           0             0
     60        60         29.75      29.5        30           0             0
