# 1D Histogram Bin Extraction 
#                   
# histogram parameters:  
# xbins      = 60   | xlabel: SHMS Delta [%%] 
# xbin width = 0.533 
#                   
# header definitions:
# ib:          x-bin number 
# xb:          x-axis bin number 
# x0:          x-axis central bin value 
# xlow:        x-axis low-edge bin value 
# xup:         x-axis up-edge bin value 
# bin_cnt:     bin content (y-axis) 
# bin_cnt_err: bin content error (y-axis) 
#                                        
#! ib[i,0]/  xb[i,1]/  x0[f,2]/  xlow[f,3]/  xup[f,4]/  bin_cnt[f,5]/  bin_cnt_err[f,6]/  
      1         1      -9.73333       -10  -9.46667 0.000141468   5.30093e-05
      2         2          -9.2  -9.46667  -8.93333  0.00373476   0.000355259
      3         3      -8.66667  -8.93333      -8.4   0.0316524    0.00135362
      4         4      -8.13333      -8.4  -7.86667    0.184591    0.00439507
      5         5          -7.6  -7.86667  -7.33333    0.941493     0.0134581
      6         6      -7.06667  -7.33333      -6.8     4.07793     0.0380325
      7         7      -6.53333      -6.8  -6.26667      15.222      0.107506
      8         8            -6  -6.26667  -5.73333     44.9526      0.422771
      9         9      -5.46667  -5.73333      -5.2     102.108       1.54139
     10        10      -4.93333      -5.2  -4.66667     246.014       4.70939
     11        11          -4.4  -4.66667  -4.13333     617.124       11.9195
     12        12      -3.86667  -4.13333      -3.6     1366.55       24.4726
     13        13      -3.33333      -3.6  -3.06667     2568.46       46.3396
     14        14          -2.8  -3.06667  -2.53333     4402.57        82.376
     15        15      -2.26667  -2.53333        -2     6289.49       120.614
     16        16      -1.73333        -2  -1.46667     6899.88       131.377
     17        17          -1.2  -1.46667 -0.933333      5915.8       113.473
     18        18     -0.666667 -0.933333      -0.4     3229.73       73.1873
     19        19     -0.133333      -0.4  0.133333     206.371       19.0993
     20        20           0.4  0.133333  0.666667           0             0
     21        21      0.933333  0.666667       1.2           0             0
     22        22       1.46667       1.2   1.73333           0             0
     23        23             2   1.73333   2.26667           0             0
     24        24       2.53333   2.26667       2.8           0             0
     25        25       3.06667       2.8   3.33333           0             0
     26        26           3.6   3.33333   3.86667           0             0
     27        27       4.13333   3.86667       4.4           0             0
     28        28       4.66667       4.4   4.93333           0             0
     29        29           5.2   4.93333   5.46667           0             0
     30        30       5.73333   5.46667         6           0             0
     31        31       6.26667         6   6.53333           0             0
     32        32           6.8   6.53333   7.06667           0             0
     33        33       7.33333   7.06667       7.6           0             0
     34        34       7.86667       7.6   8.13333           0             0
     35        35           8.4   8.13333   8.66667           0             0
     36        36       8.93333   8.66667       9.2           0             0
     37        37       9.46667       9.2   9.73333           0             0
     38        38            10   9.73333   10.2667           0             0
     39        39       10.5333   10.2667      10.8           0             0
     40        40       11.0667      10.8   11.3333           0             0
     41        41          11.6   11.3333   11.8667           0             0
     42        42       12.1333   11.8667      12.4           0             0
     43        43       12.6667      12.4   12.9333           0             0
     44        44          13.2   12.9333   13.4667           0             0
     45        45       13.7333   13.4667        14           0             0
     46        46       14.2667        14   14.5333           0             0
     47        47          14.8   14.5333   15.0667           0             0
     48        48       15.3333   15.0667      15.6           0             0
     49        49       15.8667      15.6   16.1333           0             0
     50        50          16.4   16.1333   16.6667           0             0
     51        51       16.9333   16.6667      17.2           0             0
     52        52       17.4667      17.2   17.7333           0             0
     53        53            18   17.7333   18.2667           0             0
     54        54       18.5333   18.2667      18.8           0             0
     55        55       19.0667      18.8   19.3333           0             0
     56        56          19.6   19.3333   19.8667           0             0
     57        57       20.1333   19.8667      20.4           0             0
     58        58       20.6667      20.4   20.9333           0             0
     59        59          21.2   20.9333   21.4667           0             0
     60        60       21.7333   21.4667        22           0             0
