# 2D Histogram Bin Extraction 
#                   
# histogram parameters:  
# title      : Em_nuc vs. Pm 
# ybins      : 50 
# ylabel     :  
# xbins      : 15 
# xlabel     :  
# ybin_width : 0.005 
# xbin_width : 0.080 
#                   
# header definitions:
# ib:         (x,y)  bin number 
# xb:         x-axis bin number 
# yb:         y-axis bin number 
# x0:         x-axis central bin value 
# xlow:       x-axis low-edge bin value 
# xup:        x-axis up-edge bin value 
# y0:         y-axis central bin value 
# ylow:       y-axis low-edge bin value 
# yup:        y-axis up-edge bin value 
# zcont:      bin content (z-axis) 
# zcont_err:  bin content error (z-axis) 
#                                        
ib,xb,yb,x0,xlow,xup,y0,ylow,yup,zcont,zcont_err
     18,         1,         1,          0.04,         0,      0.08,     -0.0475,     -0.05,      -0.045,           0,             0
     19,         2,         1,          0.12,      0.08,      0.16,     -0.0475,     -0.05,      -0.045,           0,             0
     20,         3,         1,           0.2,      0.16,      0.24,     -0.0475,     -0.05,      -0.045,           0,             0
     21,         4,         1,          0.28,      0.24,      0.32,     -0.0475,     -0.05,      -0.045,           0,             0
     22,         5,         1,          0.36,      0.32,       0.4,     -0.0475,     -0.05,      -0.045,           0,             0
     23,         6,         1,          0.44,       0.4,      0.48,     -0.0475,     -0.05,      -0.045,           0,             0
     24,         7,         1,          0.52,      0.48,      0.56,     -0.0475,     -0.05,      -0.045,           0,             0
     25,         8,         1,           0.6,      0.56,      0.64,     -0.0475,     -0.05,      -0.045,           0,             0
     26,         9,         1,          0.68,      0.64,      0.72,     -0.0475,     -0.05,      -0.045,           0,             0
     27,        10,         1,          0.76,      0.72,       0.8,     -0.0475,     -0.05,      -0.045,           0,             0
     28,        11,         1,          0.84,       0.8,      0.88,     -0.0475,     -0.05,      -0.045,           0,             0
     29,        12,         1,          0.92,      0.88,      0.96,     -0.0475,     -0.05,      -0.045,           0,             0
     30,        13,         1,             1,      0.96,      1.04,     -0.0475,     -0.05,      -0.045,           0,             0
     31,        14,         1,          1.08,      1.04,      1.12,     -0.0475,     -0.05,      -0.045,           0,             0
     32,        15,         1,          1.16,      1.12,       1.2,     -0.0475,     -0.05,      -0.045,           0,             0
     35,         1,         2,          0.04,         0,      0.08,     -0.0425,    -0.045,       -0.04,           0,             0
     36,         2,         2,          0.12,      0.08,      0.16,     -0.0425,    -0.045,       -0.04,           0,             0
     37,         3,         2,           0.2,      0.16,      0.24,     -0.0425,    -0.045,       -0.04,           0,             0
     38,         4,         2,          0.28,      0.24,      0.32,     -0.0425,    -0.045,       -0.04,           0,             0
     39,         5,         2,          0.36,      0.32,       0.4,     -0.0425,    -0.045,       -0.04,           0,             0
     40,         6,         2,          0.44,       0.4,      0.48,     -0.0425,    -0.045,       -0.04,           0,             0
     41,         7,         2,          0.52,      0.48,      0.56,     -0.0425,    -0.045,       -0.04,           0,             0
     42,         8,         2,           0.6,      0.56,      0.64,     -0.0425,    -0.045,       -0.04,           0,             0
     43,         9,         2,          0.68,      0.64,      0.72,     -0.0425,    -0.045,       -0.04,           0,             0
     44,        10,         2,          0.76,      0.72,       0.8,     -0.0425,    -0.045,       -0.04,           0,             0
     45,        11,         2,          0.84,       0.8,      0.88,     -0.0425,    -0.045,       -0.04,           0,             0
     46,        12,         2,          0.92,      0.88,      0.96,     -0.0425,    -0.045,       -0.04,           0,             0
     47,        13,         2,             1,      0.96,      1.04,     -0.0425,    -0.045,       -0.04,           0,             0
     48,        14,         2,          1.08,      1.04,      1.12,     -0.0425,    -0.045,       -0.04,           0,             0
     49,        15,         2,          1.16,      1.12,       1.2,     -0.0425,    -0.045,       -0.04,           0,             0
     52,         1,         3,          0.04,         0,      0.08,     -0.0375,     -0.04,      -0.035,           0,             0
     53,         2,         3,          0.12,      0.08,      0.16,     -0.0375,     -0.04,      -0.035,           0,             0
     54,         3,         3,           0.2,      0.16,      0.24,     -0.0375,     -0.04,      -0.035,    0.260655,      0.260655
     55,         4,         3,          0.28,      0.24,      0.32,     -0.0375,     -0.04,      -0.035,           0,             0
     56,         5,         3,          0.36,      0.32,       0.4,     -0.0375,     -0.04,      -0.035,           0,             0
     57,         6,         3,          0.44,       0.4,      0.48,     -0.0375,     -0.04,      -0.035,   0.0204165,     0.0204165
     58,         7,         3,          0.52,      0.48,      0.56,     -0.0375,     -0.04,      -0.035,   0.0635911,     0.0635911
     59,         8,         3,           0.6,      0.56,      0.64,     -0.0375,     -0.04,      -0.035,           0,             0
     60,         9,         3,          0.68,      0.64,      0.72,     -0.0375,     -0.04,      -0.035,   0.0332389,     0.0258865
     61,        10,         3,          0.76,      0.72,       0.8,     -0.0375,     -0.04,      -0.035,   0.0058367,    0.00458506
     62,        11,         3,          0.84,       0.8,      0.88,     -0.0375,     -0.04,      -0.035,           0,             0
     63,        12,         3,          0.92,      0.88,      0.96,     -0.0375,     -0.04,      -0.035,           0,             0
     64,        13,         3,             1,      0.96,      1.04,     -0.0375,     -0.04,      -0.035,           0,             0
     65,        14,         3,          1.08,      1.04,      1.12,     -0.0375,     -0.04,      -0.035,           0,             0
     66,        15,         3,          1.16,      1.12,       1.2,     -0.0375,     -0.04,      -0.035,           0,             0
     69,         1,         4,          0.04,         0,      0.08,     -0.0325,    -0.035,       -0.03,           0,             0
     70,         2,         4,          0.12,      0.08,      0.16,     -0.0325,    -0.035,       -0.03,           0,             0
     71,         3,         4,           0.2,      0.16,      0.24,     -0.0325,    -0.035,       -0.03,    0.495338,      0.354714
     72,         4,         4,          0.28,      0.24,      0.32,     -0.0325,    -0.035,       -0.03,    0.361209,      0.184963
     73,         5,         4,          0.36,      0.32,       0.4,     -0.0325,    -0.035,       -0.03,    0.158736,      0.114623
     74,         6,         4,          0.44,       0.4,      0.48,     -0.0325,    -0.035,       -0.03,   0.0681027,     0.0681027
     75,         7,         4,          0.52,      0.48,      0.56,     -0.0325,    -0.035,       -0.03,   0.0889632,     0.0889632
     76,         8,         4,           0.6,      0.56,      0.64,     -0.0325,    -0.035,       -0.03,   0.0530447,     0.0478251
     77,         9,         4,          0.68,      0.64,      0.72,     -0.0325,    -0.035,       -0.03,   0.0187715,     0.0187715
     78,        10,         4,          0.76,      0.72,       0.8,     -0.0325,    -0.035,       -0.03,   0.0323745,     0.0296474
     79,        11,         4,          0.84,       0.8,      0.88,     -0.0325,    -0.035,       -0.03,  0.00488557,    0.00351331
     80,        12,         4,          0.92,      0.88,      0.96,     -0.0325,    -0.035,       -0.03,           0,             0
     81,        13,         4,             1,      0.96,      1.04,     -0.0325,    -0.035,       -0.03,           0,             0
     82,        14,         4,          1.08,      1.04,      1.12,     -0.0325,    -0.035,       -0.03,           0,             0
     83,        15,         4,          1.16,      1.12,       1.2,     -0.0325,    -0.035,       -0.03,           0,             0
     86,         1,         5,          0.04,         0,      0.08,     -0.0275,     -0.03,      -0.025,           0,             0
     87,         2,         5,          0.12,      0.08,      0.16,     -0.0275,     -0.03,      -0.025,           0,             0
     88,         3,         5,           0.2,      0.16,      0.24,     -0.0275,     -0.03,      -0.025,           0,             0
     89,         4,         5,          0.28,      0.24,      0.32,     -0.0275,     -0.03,      -0.025,     1.13718,      0.499781
     90,         5,         5,          0.36,      0.32,       0.4,     -0.0275,     -0.03,      -0.025,    0.496462,      0.321212
     91,         6,         5,          0.44,       0.4,      0.48,     -0.0275,     -0.03,      -0.025,   0.0727237,     0.0727237
     92,         7,         5,          0.52,      0.48,      0.56,     -0.0275,     -0.03,      -0.025,   0.0953115,     0.0714922
     93,         8,         5,           0.6,      0.56,      0.64,     -0.0275,     -0.03,      -0.025,   0.0240779,     0.0240779
     94,         9,         5,          0.68,      0.64,      0.72,     -0.0275,     -0.03,      -0.025,   0.0416122,     0.0376387
     95,        10,         5,          0.76,      0.72,       0.8,     -0.0275,     -0.03,      -0.025,   0.0056632,    0.00385343
     96,        11,         5,          0.84,       0.8,      0.88,     -0.0275,     -0.03,      -0.025,  0.00512899,    0.00365156
     97,        12,         5,          0.92,      0.88,      0.96,     -0.0275,     -0.03,      -0.025,           0,             0
     98,        13,         5,             1,      0.96,      1.04,     -0.0275,     -0.03,      -0.025,           0,             0
     99,        14,         5,          1.08,      1.04,      1.12,     -0.0275,     -0.03,      -0.025,           0,             0
    100,        15,         5,          1.16,      1.12,       1.2,     -0.0275,     -0.03,      -0.025,           0,             0
    103,         1,         6,          0.04,         0,      0.08,     -0.0225,    -0.025,       -0.02,           0,             0
    104,         2,         6,          0.12,      0.08,      0.16,     -0.0225,    -0.025,       -0.02,           0,             0
    105,         3,         6,           0.2,      0.16,      0.24,     -0.0225,    -0.025,       -0.02,     2.62807,       1.23949
    106,         4,         6,          0.28,      0.24,      0.32,     -0.0225,    -0.025,       -0.02,     2.98268,       1.09975
    107,         5,         6,          0.36,      0.32,       0.4,     -0.0225,    -0.025,       -0.02,    0.362316,      0.151073
    108,         6,         6,          0.44,       0.4,      0.48,     -0.0225,    -0.025,       -0.02,    0.142541,      0.100828
    109,         7,         6,          0.52,      0.48,      0.56,     -0.0225,    -0.025,       -0.02,    0.104261,     0.0711168
    110,         8,         6,           0.6,      0.56,      0.64,     -0.0225,    -0.025,       -0.02,    0.203736,      0.111601
    111,         9,         6,          0.68,      0.64,      0.72,     -0.0225,    -0.025,       -0.02,   0.0983144,     0.0549447
    112,        10,         6,          0.76,      0.72,       0.8,     -0.0225,    -0.025,       -0.02,   0.0367347,     0.0162349
    113,        11,         6,          0.84,       0.8,      0.88,     -0.0225,    -0.025,       -0.02,   0.0184225,    0.00998246
    114,        12,         6,          0.92,      0.88,      0.96,     -0.0225,    -0.025,       -0.02,           0,             0
    115,        13,         6,             1,      0.96,      1.04,     -0.0225,    -0.025,       -0.02,           0,             0
    116,        14,         6,          1.08,      1.04,      1.12,     -0.0225,    -0.025,       -0.02,           0,             0
    117,        15,         6,          1.16,      1.12,       1.2,     -0.0225,    -0.025,       -0.02,           0,             0
    120,         1,         7,          0.04,         0,      0.08,     -0.0175,     -0.02,      -0.015,           0,             0
    121,         2,         7,          0.12,      0.08,      0.16,     -0.0175,     -0.02,      -0.015,           0,             0
    122,         3,         7,           0.2,      0.16,      0.24,     -0.0175,     -0.02,      -0.015,      7.8093,       3.60169
    123,         4,         7,          0.28,      0.24,      0.32,     -0.0175,     -0.02,      -0.015,     4.29723,       1.06068
    124,         5,         7,          0.36,      0.32,       0.4,     -0.0175,     -0.02,      -0.015,     1.55952,      0.400194
    125,         6,         7,          0.44,       0.4,      0.48,     -0.0175,     -0.02,      -0.015,    0.178569,     0.0963493
    126,         7,         7,          0.52,      0.48,      0.56,     -0.0175,     -0.02,      -0.015,    0.202067,     0.0786922
    127,         8,         7,           0.6,      0.56,      0.64,     -0.0175,     -0.02,      -0.015,    0.587745,      0.183939
    128,         9,         7,          0.68,      0.64,      0.72,     -0.0175,     -0.02,      -0.015,    0.238704,     0.0769505
    129,        10,         7,          0.76,      0.72,       0.8,     -0.0175,     -0.02,      -0.015,    0.182514,     0.0436441
    130,        11,         7,          0.84,       0.8,      0.88,     -0.0175,     -0.02,      -0.015,     0.10784,     0.0233311
    131,        12,         7,          0.92,      0.88,      0.96,     -0.0175,     -0.02,      -0.015,           0,             0
    132,        13,         7,             1,      0.96,      1.04,     -0.0175,     -0.02,      -0.015,           0,             0
    133,        14,         7,          1.08,      1.04,      1.12,     -0.0175,     -0.02,      -0.015,           0,             0
    134,        15,         7,          1.16,      1.12,       1.2,     -0.0175,     -0.02,      -0.015,           0,             0
    137,         1,         8,          0.04,         0,      0.08,     -0.0125,    -0.015,       -0.01,           0,             0
    138,         2,         8,          0.12,      0.08,      0.16,     -0.0125,    -0.015,       -0.01,           0,             0
    139,         3,         8,           0.2,      0.16,      0.24,     -0.0125,    -0.015,       -0.01,     43.2753,       8.69027
    140,         4,         8,          0.28,      0.24,      0.32,     -0.0125,    -0.015,       -0.01,     14.8563,       2.50791
    141,         5,         8,          0.36,      0.32,       0.4,     -0.0125,    -0.015,       -0.01,     3.61053,      0.583838
    142,         6,         8,          0.44,       0.4,      0.48,     -0.0125,    -0.015,       -0.01,     1.17728,      0.319872
    143,         7,         8,          0.52,      0.48,      0.56,     -0.0125,    -0.015,       -0.01,    0.834998,       0.19282
    144,         8,         8,           0.6,      0.56,      0.64,     -0.0125,    -0.015,       -0.01,     1.04499,      0.204884
    145,         9,         8,          0.68,      0.64,      0.72,     -0.0125,    -0.015,       -0.01,     1.07993,      0.164422
    146,        10,         8,          0.76,      0.72,       0.8,     -0.0125,    -0.015,       -0.01,    0.818784,     0.0958301
    147,        11,         8,          0.84,       0.8,      0.88,     -0.0125,    -0.015,       -0.01,    0.143787,      0.025074
    148,        12,         8,          0.92,      0.88,      0.96,     -0.0125,    -0.015,       -0.01,  0.00490186,    0.00352902
    149,        13,         8,             1,      0.96,      1.04,     -0.0125,    -0.015,       -0.01,           0,             0
    150,        14,         8,          1.08,      1.04,      1.12,     -0.0125,    -0.015,       -0.01,           0,             0
    151,        15,         8,          1.16,      1.12,       1.2,     -0.0125,    -0.015,       -0.01,           0,             0
    154,         1,         9,          0.04,         0,      0.08,     -0.0075,     -0.01,      -0.005,           0,             0
    155,         2,         9,          0.12,      0.08,      0.16,     -0.0075,     -0.01,      -0.005,           0,             0
    156,         3,         9,           0.2,      0.16,      0.24,     -0.0075,     -0.01,      -0.005,     81.3874,       11.1189
    157,         4,         9,          0.28,      0.24,      0.32,     -0.0075,     -0.01,      -0.005,     40.0681,       3.81477
    158,         5,         9,          0.36,      0.32,       0.4,     -0.0075,     -0.01,      -0.005,     9.80268,       1.06866
    159,         6,         9,          0.44,       0.4,      0.48,     -0.0075,     -0.01,      -0.005,     5.54451,      0.702653
    160,         7,         9,          0.52,      0.48,      0.56,     -0.0075,     -0.01,      -0.005,     5.43524,      0.635485
    161,         8,         9,           0.6,      0.56,      0.64,     -0.0075,     -0.01,      -0.005,     4.48715,      0.473892
    162,         9,         9,          0.68,      0.64,      0.72,     -0.0075,     -0.01,      -0.005,     4.40733,      0.351524
    163,        10,         9,          0.76,      0.72,       0.8,     -0.0075,     -0.01,      -0.005,     1.52263,      0.131277
    164,        11,         9,          0.84,       0.8,      0.88,     -0.0075,     -0.01,      -0.005,    0.202341,     0.0295345
    165,        12,         9,          0.92,      0.88,      0.96,     -0.0075,     -0.01,      -0.005,  0.00226101,    0.00226101
    166,        13,         9,             1,      0.96,      1.04,     -0.0075,     -0.01,      -0.005,           0,             0
    167,        14,         9,          1.08,      1.04,      1.12,     -0.0075,     -0.01,      -0.005,           0,             0
    168,        15,         9,          1.16,      1.12,       1.2,     -0.0075,     -0.01,      -0.005,           0,             0
    171,         1,        10,          0.04,         0,      0.08,     -0.0025,    -0.005,           0,           0,             0
    172,         2,        10,          0.12,      0.08,      0.16,     -0.0025,    -0.005,           0,     13.5752,       9.59977
    173,         3,        10,           0.2,      0.16,      0.24,     -0.0025,    -0.005,           0,     298.323,       25.3993
    174,         4,        10,          0.28,      0.24,      0.32,     -0.0025,    -0.005,           0,     141.127,       7.23916
    175,         5,        10,          0.36,      0.32,       0.4,     -0.0025,    -0.005,           0,     51.7513,        2.3997
    176,         6,        10,          0.44,       0.4,      0.48,     -0.0025,    -0.005,           0,     32.9815,       1.73105
    177,         7,        10,          0.52,      0.48,      0.56,     -0.0025,    -0.005,           0,     25.1476,       1.37104
    178,         8,        10,           0.6,      0.56,      0.64,     -0.0025,    -0.005,           0,     15.0767,      0.830868
    179,         9,        10,          0.68,      0.64,      0.72,     -0.0025,    -0.005,           0,     8.90945,      0.478212
    180,        10,        10,          0.76,      0.72,       0.8,     -0.0025,    -0.005,           0,     2.61363,      0.177986
    181,        11,        10,          0.84,       0.8,      0.88,     -0.0025,    -0.005,           0,    0.232173,     0.0304781
    182,        12,        10,          0.92,      0.88,      0.96,     -0.0025,    -0.005,           0,           0,             0
    183,        13,        10,             1,      0.96,      1.04,     -0.0025,    -0.005,           0,           0,             0
    184,        14,        10,          1.08,      1.04,      1.12,     -0.0025,    -0.005,           0,           0,             0
    185,        15,        10,          1.16,      1.12,       1.2,     -0.0025,    -0.005,           0,           0,             0
    188,         1,        11,          0.04,         0,      0.08,      0.0025,         0,       0.005,           0,             0
    189,         2,        11,          0.12,      0.08,      0.16,      0.0025,         0,       0.005,           0,             0
    190,         3,        11,           0.2,      0.16,      0.24,      0.0025,         0,       0.005,     724.736,       39.5898
    191,         4,        11,          0.28,      0.24,      0.32,      0.0025,         0,       0.005,     610.424,       15.2956
    192,         5,        11,          0.36,      0.32,       0.4,      0.0025,         0,       0.005,     217.513,       5.16267
    193,         6,        11,          0.44,       0.4,      0.48,      0.0025,         0,       0.005,     105.152,        3.1592
    194,         7,        11,          0.52,      0.48,      0.56,      0.0025,         0,       0.005,     60.3964,        2.0883
    195,         8,        11,           0.6,      0.56,      0.64,      0.0025,         0,       0.005,     32.1696,       1.22616
    196,         9,        11,          0.68,      0.64,      0.72,      0.0025,         0,       0.005,     13.3691,      0.580182
    197,        10,        11,          0.76,      0.72,       0.8,      0.0025,         0,       0.005,     3.37516,      0.196882
    198,        11,        11,          0.84,       0.8,      0.88,      0.0025,         0,       0.005,    0.255116,     0.0318937
    199,        12,        11,          0.92,      0.88,      0.96,      0.0025,         0,       0.005,  0.00543042,     0.0031748
    200,        13,        11,             1,      0.96,      1.04,      0.0025,         0,       0.005,           0,             0
    201,        14,        11,          1.08,      1.04,      1.12,      0.0025,         0,       0.005,           0,             0
    202,        15,        11,          1.16,      1.12,       1.2,      0.0025,         0,       0.005,           0,             0
    205,         1,        12,          0.04,         0,      0.08,      0.0075,     0.005,        0.01,           0,             0
    206,         2,        12,          0.12,      0.08,      0.16,      0.0075,     0.005,        0.01,           0,             0
    207,         3,        12,           0.2,      0.16,      0.24,      0.0075,     0.005,        0.01,     974.755,       45.9183
    208,         4,        12,          0.28,      0.24,      0.32,      0.0075,     0.005,        0.01,     810.697,       17.8157
    209,         5,        12,          0.36,      0.32,       0.4,      0.0075,     0.005,        0.01,     275.743,       5.88526
    210,         6,        12,          0.44,       0.4,      0.48,      0.0075,     0.005,        0.01,     145.166,       3.73349
    211,         7,        12,          0.52,      0.48,      0.56,      0.0075,     0.005,        0.01,     75.7368,       2.33018
    212,         8,        12,           0.6,      0.56,      0.64,      0.0075,     0.005,        0.01,     38.9858,       1.32035
    213,         9,        12,          0.68,      0.64,      0.72,      0.0075,     0.005,        0.01,     14.5514,      0.586244
    214,        10,        12,          0.76,      0.72,       0.8,      0.0075,     0.005,        0.01,     3.10176,      0.186293
    215,        11,        12,          0.84,       0.8,      0.88,      0.0075,     0.005,        0.01,     0.19553,     0.0261228
    216,        12,        12,          0.92,      0.88,      0.96,      0.0075,     0.005,        0.01,  0.00152254,    0.00152254
    217,        13,        12,             1,      0.96,      1.04,      0.0075,     0.005,        0.01,           0,             0
    218,        14,        12,          1.08,      1.04,      1.12,      0.0075,     0.005,        0.01,           0,             0
    219,        15,        12,          1.16,      1.12,       1.2,      0.0075,     0.005,        0.01,           0,             0
    222,         1,        13,          0.04,         0,      0.08,      0.0125,      0.01,       0.015,           0,             0
    223,         2,        13,          0.12,      0.08,      0.16,      0.0125,      0.01,       0.015,           0,             0
    224,         3,        13,           0.2,      0.16,      0.24,      0.0125,      0.01,       0.015,     606.281,       36.3728
    225,         4,        13,          0.28,      0.24,      0.32,      0.0125,      0.01,       0.015,     463.458,       14.1514
    226,         5,        13,          0.36,      0.32,       0.4,      0.0125,      0.01,       0.015,     135.964,       4.16667
    227,         6,        13,          0.44,       0.4,      0.48,      0.0125,      0.01,       0.015,     74.2046,       2.67471
    228,         7,        13,          0.52,      0.48,      0.56,      0.0125,      0.01,       0.015,       48.08,       1.80626
    229,         8,        13,           0.6,      0.56,      0.64,      0.0125,      0.01,       0.015,     25.1705,       1.04227
    230,         9,        13,          0.68,      0.64,      0.72,      0.0125,      0.01,       0.015,     9.77183,      0.471942
    231,        10,        13,          0.76,      0.72,       0.8,      0.0125,      0.01,       0.015,     2.26698,      0.162529
    232,        11,        13,          0.84,       0.8,      0.88,      0.0125,      0.01,       0.015,     0.13229,     0.0227078
    233,        12,        13,          0.92,      0.88,      0.96,      0.0125,      0.01,       0.015,  0.00158137,    0.00158137
    234,        13,        13,             1,      0.96,      1.04,      0.0125,      0.01,       0.015,           0,             0
    235,        14,        13,          1.08,      1.04,      1.12,      0.0125,      0.01,       0.015,           0,             0
    236,        15,        13,          1.16,      1.12,       1.2,      0.0125,      0.01,       0.015,           0,             0
    239,         1,        14,          0.04,         0,      0.08,      0.0175,     0.015,        0.02,           0,             0
    240,         2,        14,          0.12,      0.08,      0.16,      0.0175,     0.015,        0.02,           0,             0
    241,         3,        14,           0.2,      0.16,      0.24,      0.0175,     0.015,        0.02,     280.277,       26.1986
    242,         4,        14,          0.28,      0.24,      0.32,      0.0175,     0.015,        0.02,     231.996,       10.5466
    243,         5,        14,          0.36,      0.32,       0.4,      0.0175,     0.015,        0.02,     64.1573,       2.81309
    244,         6,        14,          0.44,       0.4,      0.48,      0.0175,     0.015,        0.02,     29.0661,        1.6892
    245,         7,        14,          0.52,      0.48,      0.56,      0.0175,     0.015,        0.02,     19.9069,       1.21186
    246,         8,        14,           0.6,      0.56,      0.64,      0.0175,     0.015,        0.02,     12.8778,      0.738659
    247,         9,        14,          0.68,      0.64,      0.72,      0.0175,     0.015,        0.02,     4.75254,      0.318973
    248,        10,        14,          0.76,      0.72,       0.8,      0.0175,     0.015,        0.02,     1.11617,      0.105892
    249,        11,        14,          0.84,       0.8,      0.88,      0.0175,     0.015,        0.02,    0.113953,     0.0225391
    250,        12,        14,          0.92,      0.88,      0.96,      0.0175,     0.015,        0.02,           0,             0
    251,        13,        14,             1,      0.96,      1.04,      0.0175,     0.015,        0.02,           0,             0
    252,        14,        14,          1.08,      1.04,      1.12,      0.0175,     0.015,        0.02,           0,             0
    253,        15,        14,          1.16,      1.12,       1.2,      0.0175,     0.015,        0.02,           0,             0
    256,         1,        15,          0.04,         0,      0.08,      0.0225,      0.02,       0.025,           0,             0
    257,         2,        15,          0.12,      0.08,      0.16,      0.0225,      0.02,       0.025,           0,             0
    258,         3,        15,           0.2,      0.16,      0.24,      0.0225,      0.02,       0.025,     139.153,       18.8193
    259,         4,        15,          0.28,      0.24,      0.32,      0.0225,      0.02,       0.025,      155.77,       9.62086
    260,         5,        15,          0.36,      0.32,       0.4,      0.0225,      0.02,       0.025,      40.996,       2.26854
    261,         6,        15,          0.44,       0.4,      0.48,      0.0225,      0.02,       0.025,     16.5136,       1.28774
    262,         7,        15,          0.52,      0.48,      0.56,      0.0225,      0.02,       0.025,     10.4595,      0.842117
    263,         8,        15,           0.6,      0.56,      0.64,      0.0225,      0.02,       0.025,     5.94511,      0.526837
    264,         9,        15,          0.68,      0.64,      0.72,      0.0225,      0.02,       0.025,       2.867,      0.269294
    265,        10,        15,          0.76,      0.72,       0.8,      0.0225,      0.02,       0.025,    0.835504,       0.10013
    266,        11,        15,          0.84,       0.8,      0.88,      0.0225,      0.02,       0.025,   0.0516208,     0.0136876
    267,        12,        15,          0.92,      0.88,      0.96,      0.0225,      0.02,       0.025,           0,             0
    268,        13,        15,             1,      0.96,      1.04,      0.0225,      0.02,       0.025,           0,             0
    269,        14,        15,          1.08,      1.04,      1.12,      0.0225,      0.02,       0.025,           0,             0
    270,        15,        15,          1.16,      1.12,       1.2,      0.0225,      0.02,       0.025,           0,             0
    273,         1,        16,          0.04,         0,      0.08,      0.0275,     0.025,        0.03,           0,             0
    274,         2,        16,          0.12,      0.08,      0.16,      0.0275,     0.025,        0.03,           0,             0
    275,         3,        16,           0.2,      0.16,      0.24,      0.0275,     0.025,        0.03,     73.5324,       14.6404
    276,         4,        16,          0.28,      0.24,      0.32,      0.0275,     0.025,        0.03,     133.786,        9.7365
    277,         5,        16,          0.36,      0.32,       0.4,      0.0275,     0.025,        0.03,     34.6146,       2.22108
    278,         6,        16,          0.44,       0.4,      0.48,      0.0275,     0.025,        0.03,     14.4598,       1.20502
    279,         7,        16,          0.52,      0.48,      0.56,      0.0275,     0.025,        0.03,     6.35583,      0.667225
    280,         8,        16,           0.6,      0.56,      0.64,      0.0275,     0.025,        0.03,     4.52836,       0.48467
    281,         9,        16,          0.68,      0.64,      0.72,      0.0275,     0.025,        0.03,     1.62328,      0.191976
    282,        10,        16,          0.76,      0.72,       0.8,      0.0275,     0.025,        0.03,    0.459724,     0.0713772
    283,        11,        16,          0.84,       0.8,      0.88,      0.0275,     0.025,        0.03,   0.0565135,     0.0178991
    284,        12,        16,          0.92,      0.88,      0.96,      0.0275,     0.025,        0.03,           0,             0
    285,        13,        16,             1,      0.96,      1.04,      0.0275,     0.025,        0.03,           0,             0
    286,        14,        16,          1.08,      1.04,      1.12,      0.0275,     0.025,        0.03,           0,             0
    287,        15,        16,          1.16,      1.12,       1.2,      0.0275,     0.025,        0.03,           0,             0
    290,         1,        17,          0.04,         0,      0.08,      0.0325,      0.03,       0.035,           0,             0
    291,         2,        17,          0.12,      0.08,      0.16,      0.0325,      0.03,       0.035,           0,             0
    292,         3,        17,           0.2,      0.16,      0.24,      0.0325,      0.03,       0.035,     37.2669,       10.2734
    293,         4,        17,          0.28,      0.24,      0.32,      0.0325,      0.03,       0.035,     73.6654,       7.39481
    294,         5,        17,          0.36,      0.32,       0.4,      0.0325,      0.03,       0.035,     28.9314,       2.17392
    295,         6,        17,          0.44,       0.4,      0.48,      0.0325,      0.03,       0.035,     8.69281,      0.841219
    296,         7,        17,          0.52,      0.48,      0.56,      0.0325,      0.03,       0.035,     6.92556,      0.764877
    297,         8,        17,           0.6,      0.56,      0.64,      0.0325,      0.03,       0.035,     3.04059,      0.368732
    298,         9,        17,          0.68,      0.64,      0.72,      0.0325,      0.03,       0.035,     1.25739,      0.185783
    299,        10,        17,          0.76,      0.72,       0.8,      0.0325,      0.03,       0.035,    0.472807,     0.0855531
    300,        11,        17,          0.84,       0.8,      0.88,      0.0325,      0.03,       0.035,   0.0763722,     0.0189054
    301,        12,        17,          0.92,      0.88,      0.96,      0.0325,      0.03,       0.035,  0.00213124,    0.00213124
    302,        13,        17,             1,      0.96,      1.04,      0.0325,      0.03,       0.035,           0,             0
    303,        14,        17,          1.08,      1.04,      1.12,      0.0325,      0.03,       0.035,           0,             0
    304,        15,        17,          1.16,      1.12,       1.2,      0.0325,      0.03,       0.035,           0,             0
    307,         1,        18,          0.04,         0,      0.08,      0.0375,     0.035,        0.04,           0,             0
    308,         2,        18,          0.12,      0.08,      0.16,      0.0375,     0.035,        0.04,           0,             0
    309,         3,        18,           0.2,      0.16,      0.24,      0.0375,     0.035,        0.04,     30.3846,       10.0892
    310,         4,        18,          0.28,      0.24,      0.32,      0.0375,     0.035,        0.04,     80.7177,       8.56394
    311,         5,        18,          0.36,      0.32,       0.4,      0.0375,     0.035,        0.04,     27.3298,       2.14788
    312,         6,        18,          0.44,       0.4,      0.48,      0.0375,     0.035,        0.04,     8.81674,      0.914469
    313,         7,        18,          0.52,      0.48,      0.56,      0.0375,     0.035,        0.04,      5.2653,      0.636108
    314,         8,        18,           0.6,      0.56,      0.64,      0.0375,     0.035,        0.04,     2.65737,      0.357509
    315,         9,        18,          0.68,      0.64,      0.72,      0.0375,     0.035,        0.04,      1.0985,      0.167098
    316,        10,        18,          0.76,      0.72,       0.8,      0.0375,     0.035,        0.04,    0.321472,     0.0692538
    317,        11,        18,          0.84,       0.8,      0.88,      0.0375,     0.035,        0.04,   0.0651689,     0.0217742
    318,        12,        18,          0.92,      0.88,      0.96,      0.0375,     0.035,        0.04,           0,             0
    319,        13,        18,             1,      0.96,      1.04,      0.0375,     0.035,        0.04,           0,             0
    320,        14,        18,          1.08,      1.04,      1.12,      0.0375,     0.035,        0.04,           0,             0
    321,        15,        18,          1.16,      1.12,       1.2,      0.0375,     0.035,        0.04,           0,             0
    324,         1,        19,          0.04,         0,      0.08,      0.0425,      0.04,       0.045,           0,             0
    325,         2,        19,          0.12,      0.08,      0.16,      0.0425,      0.04,       0.045,           0,             0
    326,         3,        19,           0.2,      0.16,      0.24,      0.0425,      0.04,       0.045,           0,             0
    327,         4,        19,          0.28,      0.24,      0.32,      0.0425,      0.04,       0.045,           0,             0
    328,         5,        19,          0.36,      0.32,       0.4,      0.0425,      0.04,       0.045,           0,             0
    329,         6,        19,          0.44,       0.4,      0.48,      0.0425,      0.04,       0.045,           0,             0
    330,         7,        19,          0.52,      0.48,      0.56,      0.0425,      0.04,       0.045,           0,             0
    331,         8,        19,           0.6,      0.56,      0.64,      0.0425,      0.04,       0.045,           0,             0
    332,         9,        19,          0.68,      0.64,      0.72,      0.0425,      0.04,       0.045,           0,             0
    333,        10,        19,          0.76,      0.72,       0.8,      0.0425,      0.04,       0.045,           0,             0
    334,        11,        19,          0.84,       0.8,      0.88,      0.0425,      0.04,       0.045,           0,             0
    335,        12,        19,          0.92,      0.88,      0.96,      0.0425,      0.04,       0.045,           0,             0
    336,        13,        19,             1,      0.96,      1.04,      0.0425,      0.04,       0.045,           0,             0
    337,        14,        19,          1.08,      1.04,      1.12,      0.0425,      0.04,       0.045,           0,             0
    338,        15,        19,          1.16,      1.12,       1.2,      0.0425,      0.04,       0.045,           0,             0
    341,         1,        20,          0.04,         0,      0.08,      0.0475,     0.045,        0.05,           0,             0
    342,         2,        20,          0.12,      0.08,      0.16,      0.0475,     0.045,        0.05,           0,             0
    343,         3,        20,           0.2,      0.16,      0.24,      0.0475,     0.045,        0.05,           0,             0
    344,         4,        20,          0.28,      0.24,      0.32,      0.0475,     0.045,        0.05,           0,             0
    345,         5,        20,          0.36,      0.32,       0.4,      0.0475,     0.045,        0.05,           0,             0
    346,         6,        20,          0.44,       0.4,      0.48,      0.0475,     0.045,        0.05,           0,             0
    347,         7,        20,          0.52,      0.48,      0.56,      0.0475,     0.045,        0.05,           0,             0
    348,         8,        20,           0.6,      0.56,      0.64,      0.0475,     0.045,        0.05,           0,             0
    349,         9,        20,          0.68,      0.64,      0.72,      0.0475,     0.045,        0.05,           0,             0
    350,        10,        20,          0.76,      0.72,       0.8,      0.0475,     0.045,        0.05,           0,             0
    351,        11,        20,          0.84,       0.8,      0.88,      0.0475,     0.045,        0.05,           0,             0
    352,        12,        20,          0.92,      0.88,      0.96,      0.0475,     0.045,        0.05,           0,             0
    353,        13,        20,             1,      0.96,      1.04,      0.0475,     0.045,        0.05,           0,             0
    354,        14,        20,          1.08,      1.04,      1.12,      0.0475,     0.045,        0.05,           0,             0
    355,        15,        20,          1.16,      1.12,       1.2,      0.0475,     0.045,        0.05,           0,             0
    358,         1,        21,          0.04,         0,      0.08,      0.0525,      0.05,       0.055,           0,             0
    359,         2,        21,          0.12,      0.08,      0.16,      0.0525,      0.05,       0.055,           0,             0
    360,         3,        21,           0.2,      0.16,      0.24,      0.0525,      0.05,       0.055,           0,             0
    361,         4,        21,          0.28,      0.24,      0.32,      0.0525,      0.05,       0.055,           0,             0
    362,         5,        21,          0.36,      0.32,       0.4,      0.0525,      0.05,       0.055,           0,             0
    363,         6,        21,          0.44,       0.4,      0.48,      0.0525,      0.05,       0.055,           0,             0
    364,         7,        21,          0.52,      0.48,      0.56,      0.0525,      0.05,       0.055,           0,             0
    365,         8,        21,           0.6,      0.56,      0.64,      0.0525,      0.05,       0.055,           0,             0
    366,         9,        21,          0.68,      0.64,      0.72,      0.0525,      0.05,       0.055,           0,             0
    367,        10,        21,          0.76,      0.72,       0.8,      0.0525,      0.05,       0.055,           0,             0
    368,        11,        21,          0.84,       0.8,      0.88,      0.0525,      0.05,       0.055,           0,             0
    369,        12,        21,          0.92,      0.88,      0.96,      0.0525,      0.05,       0.055,           0,             0
    370,        13,        21,             1,      0.96,      1.04,      0.0525,      0.05,       0.055,           0,             0
    371,        14,        21,          1.08,      1.04,      1.12,      0.0525,      0.05,       0.055,           0,             0
    372,        15,        21,          1.16,      1.12,       1.2,      0.0525,      0.05,       0.055,           0,             0
    375,         1,        22,          0.04,         0,      0.08,      0.0575,     0.055,        0.06,           0,             0
    376,         2,        22,          0.12,      0.08,      0.16,      0.0575,     0.055,        0.06,           0,             0
    377,         3,        22,           0.2,      0.16,      0.24,      0.0575,     0.055,        0.06,           0,             0
    378,         4,        22,          0.28,      0.24,      0.32,      0.0575,     0.055,        0.06,           0,             0
    379,         5,        22,          0.36,      0.32,       0.4,      0.0575,     0.055,        0.06,           0,             0
    380,         6,        22,          0.44,       0.4,      0.48,      0.0575,     0.055,        0.06,           0,             0
    381,         7,        22,          0.52,      0.48,      0.56,      0.0575,     0.055,        0.06,           0,             0
    382,         8,        22,           0.6,      0.56,      0.64,      0.0575,     0.055,        0.06,           0,             0
    383,         9,        22,          0.68,      0.64,      0.72,      0.0575,     0.055,        0.06,           0,             0
    384,        10,        22,          0.76,      0.72,       0.8,      0.0575,     0.055,        0.06,           0,             0
    385,        11,        22,          0.84,       0.8,      0.88,      0.0575,     0.055,        0.06,           0,             0
    386,        12,        22,          0.92,      0.88,      0.96,      0.0575,     0.055,        0.06,           0,             0
    387,        13,        22,             1,      0.96,      1.04,      0.0575,     0.055,        0.06,           0,             0
    388,        14,        22,          1.08,      1.04,      1.12,      0.0575,     0.055,        0.06,           0,             0
    389,        15,        22,          1.16,      1.12,       1.2,      0.0575,     0.055,        0.06,           0,             0
    392,         1,        23,          0.04,         0,      0.08,      0.0625,      0.06,       0.065,           0,             0
    393,         2,        23,          0.12,      0.08,      0.16,      0.0625,      0.06,       0.065,           0,             0
    394,         3,        23,           0.2,      0.16,      0.24,      0.0625,      0.06,       0.065,           0,             0
    395,         4,        23,          0.28,      0.24,      0.32,      0.0625,      0.06,       0.065,           0,             0
    396,         5,        23,          0.36,      0.32,       0.4,      0.0625,      0.06,       0.065,           0,             0
    397,         6,        23,          0.44,       0.4,      0.48,      0.0625,      0.06,       0.065,           0,             0
    398,         7,        23,          0.52,      0.48,      0.56,      0.0625,      0.06,       0.065,           0,             0
    399,         8,        23,           0.6,      0.56,      0.64,      0.0625,      0.06,       0.065,           0,             0
    400,         9,        23,          0.68,      0.64,      0.72,      0.0625,      0.06,       0.065,           0,             0
    401,        10,        23,          0.76,      0.72,       0.8,      0.0625,      0.06,       0.065,           0,             0
    402,        11,        23,          0.84,       0.8,      0.88,      0.0625,      0.06,       0.065,           0,             0
    403,        12,        23,          0.92,      0.88,      0.96,      0.0625,      0.06,       0.065,           0,             0
    404,        13,        23,             1,      0.96,      1.04,      0.0625,      0.06,       0.065,           0,             0
    405,        14,        23,          1.08,      1.04,      1.12,      0.0625,      0.06,       0.065,           0,             0
    406,        15,        23,          1.16,      1.12,       1.2,      0.0625,      0.06,       0.065,           0,             0
    409,         1,        24,          0.04,         0,      0.08,      0.0675,     0.065,        0.07,           0,             0
    410,         2,        24,          0.12,      0.08,      0.16,      0.0675,     0.065,        0.07,           0,             0
    411,         3,        24,           0.2,      0.16,      0.24,      0.0675,     0.065,        0.07,           0,             0
    412,         4,        24,          0.28,      0.24,      0.32,      0.0675,     0.065,        0.07,           0,             0
    413,         5,        24,          0.36,      0.32,       0.4,      0.0675,     0.065,        0.07,           0,             0
    414,         6,        24,          0.44,       0.4,      0.48,      0.0675,     0.065,        0.07,           0,             0
    415,         7,        24,          0.52,      0.48,      0.56,      0.0675,     0.065,        0.07,           0,             0
    416,         8,        24,           0.6,      0.56,      0.64,      0.0675,     0.065,        0.07,           0,             0
    417,         9,        24,          0.68,      0.64,      0.72,      0.0675,     0.065,        0.07,           0,             0
    418,        10,        24,          0.76,      0.72,       0.8,      0.0675,     0.065,        0.07,           0,             0
    419,        11,        24,          0.84,       0.8,      0.88,      0.0675,     0.065,        0.07,           0,             0
    420,        12,        24,          0.92,      0.88,      0.96,      0.0675,     0.065,        0.07,           0,             0
    421,        13,        24,             1,      0.96,      1.04,      0.0675,     0.065,        0.07,           0,             0
    422,        14,        24,          1.08,      1.04,      1.12,      0.0675,     0.065,        0.07,           0,             0
    423,        15,        24,          1.16,      1.12,       1.2,      0.0675,     0.065,        0.07,           0,             0
    426,         1,        25,          0.04,         0,      0.08,      0.0725,      0.07,       0.075,           0,             0
    427,         2,        25,          0.12,      0.08,      0.16,      0.0725,      0.07,       0.075,           0,             0
    428,         3,        25,           0.2,      0.16,      0.24,      0.0725,      0.07,       0.075,           0,             0
    429,         4,        25,          0.28,      0.24,      0.32,      0.0725,      0.07,       0.075,           0,             0
    430,         5,        25,          0.36,      0.32,       0.4,      0.0725,      0.07,       0.075,           0,             0
    431,         6,        25,          0.44,       0.4,      0.48,      0.0725,      0.07,       0.075,           0,             0
    432,         7,        25,          0.52,      0.48,      0.56,      0.0725,      0.07,       0.075,           0,             0
    433,         8,        25,           0.6,      0.56,      0.64,      0.0725,      0.07,       0.075,           0,             0
    434,         9,        25,          0.68,      0.64,      0.72,      0.0725,      0.07,       0.075,           0,             0
    435,        10,        25,          0.76,      0.72,       0.8,      0.0725,      0.07,       0.075,           0,             0
    436,        11,        25,          0.84,       0.8,      0.88,      0.0725,      0.07,       0.075,           0,             0
    437,        12,        25,          0.92,      0.88,      0.96,      0.0725,      0.07,       0.075,           0,             0
    438,        13,        25,             1,      0.96,      1.04,      0.0725,      0.07,       0.075,           0,             0
    439,        14,        25,          1.08,      1.04,      1.12,      0.0725,      0.07,       0.075,           0,             0
    440,        15,        25,          1.16,      1.12,       1.2,      0.0725,      0.07,       0.075,           0,             0
    443,         1,        26,          0.04,         0,      0.08,      0.0775,     0.075,        0.08,           0,             0
    444,         2,        26,          0.12,      0.08,      0.16,      0.0775,     0.075,        0.08,           0,             0
    445,         3,        26,           0.2,      0.16,      0.24,      0.0775,     0.075,        0.08,           0,             0
    446,         4,        26,          0.28,      0.24,      0.32,      0.0775,     0.075,        0.08,           0,             0
    447,         5,        26,          0.36,      0.32,       0.4,      0.0775,     0.075,        0.08,           0,             0
    448,         6,        26,          0.44,       0.4,      0.48,      0.0775,     0.075,        0.08,           0,             0
    449,         7,        26,          0.52,      0.48,      0.56,      0.0775,     0.075,        0.08,           0,             0
    450,         8,        26,           0.6,      0.56,      0.64,      0.0775,     0.075,        0.08,           0,             0
    451,         9,        26,          0.68,      0.64,      0.72,      0.0775,     0.075,        0.08,           0,             0
    452,        10,        26,          0.76,      0.72,       0.8,      0.0775,     0.075,        0.08,           0,             0
    453,        11,        26,          0.84,       0.8,      0.88,      0.0775,     0.075,        0.08,           0,             0
    454,        12,        26,          0.92,      0.88,      0.96,      0.0775,     0.075,        0.08,           0,             0
    455,        13,        26,             1,      0.96,      1.04,      0.0775,     0.075,        0.08,           0,             0
    456,        14,        26,          1.08,      1.04,      1.12,      0.0775,     0.075,        0.08,           0,             0
    457,        15,        26,          1.16,      1.12,       1.2,      0.0775,     0.075,        0.08,           0,             0
    460,         1,        27,          0.04,         0,      0.08,      0.0825,      0.08,       0.085,           0,             0
    461,         2,        27,          0.12,      0.08,      0.16,      0.0825,      0.08,       0.085,           0,             0
    462,         3,        27,           0.2,      0.16,      0.24,      0.0825,      0.08,       0.085,           0,             0
    463,         4,        27,          0.28,      0.24,      0.32,      0.0825,      0.08,       0.085,           0,             0
    464,         5,        27,          0.36,      0.32,       0.4,      0.0825,      0.08,       0.085,           0,             0
    465,         6,        27,          0.44,       0.4,      0.48,      0.0825,      0.08,       0.085,           0,             0
    466,         7,        27,          0.52,      0.48,      0.56,      0.0825,      0.08,       0.085,           0,             0
    467,         8,        27,           0.6,      0.56,      0.64,      0.0825,      0.08,       0.085,           0,             0
    468,         9,        27,          0.68,      0.64,      0.72,      0.0825,      0.08,       0.085,           0,             0
    469,        10,        27,          0.76,      0.72,       0.8,      0.0825,      0.08,       0.085,           0,             0
    470,        11,        27,          0.84,       0.8,      0.88,      0.0825,      0.08,       0.085,           0,             0
    471,        12,        27,          0.92,      0.88,      0.96,      0.0825,      0.08,       0.085,           0,             0
    472,        13,        27,             1,      0.96,      1.04,      0.0825,      0.08,       0.085,           0,             0
    473,        14,        27,          1.08,      1.04,      1.12,      0.0825,      0.08,       0.085,           0,             0
    474,        15,        27,          1.16,      1.12,       1.2,      0.0825,      0.08,       0.085,           0,             0
    477,         1,        28,          0.04,         0,      0.08,      0.0875,     0.085,        0.09,           0,             0
    478,         2,        28,          0.12,      0.08,      0.16,      0.0875,     0.085,        0.09,           0,             0
    479,         3,        28,           0.2,      0.16,      0.24,      0.0875,     0.085,        0.09,           0,             0
    480,         4,        28,          0.28,      0.24,      0.32,      0.0875,     0.085,        0.09,           0,             0
    481,         5,        28,          0.36,      0.32,       0.4,      0.0875,     0.085,        0.09,           0,             0
    482,         6,        28,          0.44,       0.4,      0.48,      0.0875,     0.085,        0.09,           0,             0
    483,         7,        28,          0.52,      0.48,      0.56,      0.0875,     0.085,        0.09,           0,             0
    484,         8,        28,           0.6,      0.56,      0.64,      0.0875,     0.085,        0.09,           0,             0
    485,         9,        28,          0.68,      0.64,      0.72,      0.0875,     0.085,        0.09,           0,             0
    486,        10,        28,          0.76,      0.72,       0.8,      0.0875,     0.085,        0.09,           0,             0
    487,        11,        28,          0.84,       0.8,      0.88,      0.0875,     0.085,        0.09,           0,             0
    488,        12,        28,          0.92,      0.88,      0.96,      0.0875,     0.085,        0.09,           0,             0
    489,        13,        28,             1,      0.96,      1.04,      0.0875,     0.085,        0.09,           0,             0
    490,        14,        28,          1.08,      1.04,      1.12,      0.0875,     0.085,        0.09,           0,             0
    491,        15,        28,          1.16,      1.12,       1.2,      0.0875,     0.085,        0.09,           0,             0
    494,         1,        29,          0.04,         0,      0.08,      0.0925,      0.09,       0.095,           0,             0
    495,         2,        29,          0.12,      0.08,      0.16,      0.0925,      0.09,       0.095,           0,             0
    496,         3,        29,           0.2,      0.16,      0.24,      0.0925,      0.09,       0.095,           0,             0
    497,         4,        29,          0.28,      0.24,      0.32,      0.0925,      0.09,       0.095,           0,             0
    498,         5,        29,          0.36,      0.32,       0.4,      0.0925,      0.09,       0.095,           0,             0
    499,         6,        29,          0.44,       0.4,      0.48,      0.0925,      0.09,       0.095,           0,             0
    500,         7,        29,          0.52,      0.48,      0.56,      0.0925,      0.09,       0.095,           0,             0
    501,         8,        29,           0.6,      0.56,      0.64,      0.0925,      0.09,       0.095,           0,             0
    502,         9,        29,          0.68,      0.64,      0.72,      0.0925,      0.09,       0.095,           0,             0
    503,        10,        29,          0.76,      0.72,       0.8,      0.0925,      0.09,       0.095,           0,             0
    504,        11,        29,          0.84,       0.8,      0.88,      0.0925,      0.09,       0.095,           0,             0
    505,        12,        29,          0.92,      0.88,      0.96,      0.0925,      0.09,       0.095,           0,             0
    506,        13,        29,             1,      0.96,      1.04,      0.0925,      0.09,       0.095,           0,             0
    507,        14,        29,          1.08,      1.04,      1.12,      0.0925,      0.09,       0.095,           0,             0
    508,        15,        29,          1.16,      1.12,       1.2,      0.0925,      0.09,       0.095,           0,             0
    511,         1,        30,          0.04,         0,      0.08,      0.0975,     0.095,         0.1,           0,             0
    512,         2,        30,          0.12,      0.08,      0.16,      0.0975,     0.095,         0.1,           0,             0
    513,         3,        30,           0.2,      0.16,      0.24,      0.0975,     0.095,         0.1,           0,             0
    514,         4,        30,          0.28,      0.24,      0.32,      0.0975,     0.095,         0.1,           0,             0
    515,         5,        30,          0.36,      0.32,       0.4,      0.0975,     0.095,         0.1,           0,             0
    516,         6,        30,          0.44,       0.4,      0.48,      0.0975,     0.095,         0.1,           0,             0
    517,         7,        30,          0.52,      0.48,      0.56,      0.0975,     0.095,         0.1,           0,             0
    518,         8,        30,           0.6,      0.56,      0.64,      0.0975,     0.095,         0.1,           0,             0
    519,         9,        30,          0.68,      0.64,      0.72,      0.0975,     0.095,         0.1,           0,             0
    520,        10,        30,          0.76,      0.72,       0.8,      0.0975,     0.095,         0.1,           0,             0
    521,        11,        30,          0.84,       0.8,      0.88,      0.0975,     0.095,         0.1,           0,             0
    522,        12,        30,          0.92,      0.88,      0.96,      0.0975,     0.095,         0.1,           0,             0
    523,        13,        30,             1,      0.96,      1.04,      0.0975,     0.095,         0.1,           0,             0
    524,        14,        30,          1.08,      1.04,      1.12,      0.0975,     0.095,         0.1,           0,             0
    525,        15,        30,          1.16,      1.12,       1.2,      0.0975,     0.095,         0.1,           0,             0
    528,         1,        31,          0.04,         0,      0.08,      0.1025,       0.1,       0.105,           0,             0
    529,         2,        31,          0.12,      0.08,      0.16,      0.1025,       0.1,       0.105,           0,             0
    530,         3,        31,           0.2,      0.16,      0.24,      0.1025,       0.1,       0.105,           0,             0
    531,         4,        31,          0.28,      0.24,      0.32,      0.1025,       0.1,       0.105,           0,             0
    532,         5,        31,          0.36,      0.32,       0.4,      0.1025,       0.1,       0.105,           0,             0
    533,         6,        31,          0.44,       0.4,      0.48,      0.1025,       0.1,       0.105,           0,             0
    534,         7,        31,          0.52,      0.48,      0.56,      0.1025,       0.1,       0.105,           0,             0
    535,         8,        31,           0.6,      0.56,      0.64,      0.1025,       0.1,       0.105,           0,             0
    536,         9,        31,          0.68,      0.64,      0.72,      0.1025,       0.1,       0.105,           0,             0
    537,        10,        31,          0.76,      0.72,       0.8,      0.1025,       0.1,       0.105,           0,             0
    538,        11,        31,          0.84,       0.8,      0.88,      0.1025,       0.1,       0.105,           0,             0
    539,        12,        31,          0.92,      0.88,      0.96,      0.1025,       0.1,       0.105,           0,             0
    540,        13,        31,             1,      0.96,      1.04,      0.1025,       0.1,       0.105,           0,             0
    541,        14,        31,          1.08,      1.04,      1.12,      0.1025,       0.1,       0.105,           0,             0
    542,        15,        31,          1.16,      1.12,       1.2,      0.1025,       0.1,       0.105,           0,             0
    545,         1,        32,          0.04,         0,      0.08,      0.1075,     0.105,        0.11,           0,             0
    546,         2,        32,          0.12,      0.08,      0.16,      0.1075,     0.105,        0.11,           0,             0
    547,         3,        32,           0.2,      0.16,      0.24,      0.1075,     0.105,        0.11,           0,             0
    548,         4,        32,          0.28,      0.24,      0.32,      0.1075,     0.105,        0.11,           0,             0
    549,         5,        32,          0.36,      0.32,       0.4,      0.1075,     0.105,        0.11,           0,             0
    550,         6,        32,          0.44,       0.4,      0.48,      0.1075,     0.105,        0.11,           0,             0
    551,         7,        32,          0.52,      0.48,      0.56,      0.1075,     0.105,        0.11,           0,             0
    552,         8,        32,           0.6,      0.56,      0.64,      0.1075,     0.105,        0.11,           0,             0
    553,         9,        32,          0.68,      0.64,      0.72,      0.1075,     0.105,        0.11,           0,             0
    554,        10,        32,          0.76,      0.72,       0.8,      0.1075,     0.105,        0.11,           0,             0
    555,        11,        32,          0.84,       0.8,      0.88,      0.1075,     0.105,        0.11,           0,             0
    556,        12,        32,          0.92,      0.88,      0.96,      0.1075,     0.105,        0.11,           0,             0
    557,        13,        32,             1,      0.96,      1.04,      0.1075,     0.105,        0.11,           0,             0
    558,        14,        32,          1.08,      1.04,      1.12,      0.1075,     0.105,        0.11,           0,             0
    559,        15,        32,          1.16,      1.12,       1.2,      0.1075,     0.105,        0.11,           0,             0
    562,         1,        33,          0.04,         0,      0.08,      0.1125,      0.11,       0.115,           0,             0
    563,         2,        33,          0.12,      0.08,      0.16,      0.1125,      0.11,       0.115,           0,             0
    564,         3,        33,           0.2,      0.16,      0.24,      0.1125,      0.11,       0.115,           0,             0
    565,         4,        33,          0.28,      0.24,      0.32,      0.1125,      0.11,       0.115,           0,             0
    566,         5,        33,          0.36,      0.32,       0.4,      0.1125,      0.11,       0.115,           0,             0
    567,         6,        33,          0.44,       0.4,      0.48,      0.1125,      0.11,       0.115,           0,             0
    568,         7,        33,          0.52,      0.48,      0.56,      0.1125,      0.11,       0.115,           0,             0
    569,         8,        33,           0.6,      0.56,      0.64,      0.1125,      0.11,       0.115,           0,             0
    570,         9,        33,          0.68,      0.64,      0.72,      0.1125,      0.11,       0.115,           0,             0
    571,        10,        33,          0.76,      0.72,       0.8,      0.1125,      0.11,       0.115,           0,             0
    572,        11,        33,          0.84,       0.8,      0.88,      0.1125,      0.11,       0.115,           0,             0
    573,        12,        33,          0.92,      0.88,      0.96,      0.1125,      0.11,       0.115,           0,             0
    574,        13,        33,             1,      0.96,      1.04,      0.1125,      0.11,       0.115,           0,             0
    575,        14,        33,          1.08,      1.04,      1.12,      0.1125,      0.11,       0.115,           0,             0
    576,        15,        33,          1.16,      1.12,       1.2,      0.1125,      0.11,       0.115,           0,             0
    579,         1,        34,          0.04,         0,      0.08,      0.1175,     0.115,        0.12,           0,             0
    580,         2,        34,          0.12,      0.08,      0.16,      0.1175,     0.115,        0.12,           0,             0
    581,         3,        34,           0.2,      0.16,      0.24,      0.1175,     0.115,        0.12,           0,             0
    582,         4,        34,          0.28,      0.24,      0.32,      0.1175,     0.115,        0.12,           0,             0
    583,         5,        34,          0.36,      0.32,       0.4,      0.1175,     0.115,        0.12,           0,             0
    584,         6,        34,          0.44,       0.4,      0.48,      0.1175,     0.115,        0.12,           0,             0
    585,         7,        34,          0.52,      0.48,      0.56,      0.1175,     0.115,        0.12,           0,             0
    586,         8,        34,           0.6,      0.56,      0.64,      0.1175,     0.115,        0.12,           0,             0
    587,         9,        34,          0.68,      0.64,      0.72,      0.1175,     0.115,        0.12,           0,             0
    588,        10,        34,          0.76,      0.72,       0.8,      0.1175,     0.115,        0.12,           0,             0
    589,        11,        34,          0.84,       0.8,      0.88,      0.1175,     0.115,        0.12,           0,             0
    590,        12,        34,          0.92,      0.88,      0.96,      0.1175,     0.115,        0.12,           0,             0
    591,        13,        34,             1,      0.96,      1.04,      0.1175,     0.115,        0.12,           0,             0
    592,        14,        34,          1.08,      1.04,      1.12,      0.1175,     0.115,        0.12,           0,             0
    593,        15,        34,          1.16,      1.12,       1.2,      0.1175,     0.115,        0.12,           0,             0
    596,         1,        35,          0.04,         0,      0.08,      0.1225,      0.12,       0.125,           0,             0
    597,         2,        35,          0.12,      0.08,      0.16,      0.1225,      0.12,       0.125,           0,             0
    598,         3,        35,           0.2,      0.16,      0.24,      0.1225,      0.12,       0.125,           0,             0
    599,         4,        35,          0.28,      0.24,      0.32,      0.1225,      0.12,       0.125,           0,             0
    600,         5,        35,          0.36,      0.32,       0.4,      0.1225,      0.12,       0.125,           0,             0
    601,         6,        35,          0.44,       0.4,      0.48,      0.1225,      0.12,       0.125,           0,             0
    602,         7,        35,          0.52,      0.48,      0.56,      0.1225,      0.12,       0.125,           0,             0
    603,         8,        35,           0.6,      0.56,      0.64,      0.1225,      0.12,       0.125,           0,             0
    604,         9,        35,          0.68,      0.64,      0.72,      0.1225,      0.12,       0.125,           0,             0
    605,        10,        35,          0.76,      0.72,       0.8,      0.1225,      0.12,       0.125,           0,             0
    606,        11,        35,          0.84,       0.8,      0.88,      0.1225,      0.12,       0.125,           0,             0
    607,        12,        35,          0.92,      0.88,      0.96,      0.1225,      0.12,       0.125,           0,             0
    608,        13,        35,             1,      0.96,      1.04,      0.1225,      0.12,       0.125,           0,             0
    609,        14,        35,          1.08,      1.04,      1.12,      0.1225,      0.12,       0.125,           0,             0
    610,        15,        35,          1.16,      1.12,       1.2,      0.1225,      0.12,       0.125,           0,             0
    613,         1,        36,          0.04,         0,      0.08,      0.1275,     0.125,        0.13,           0,             0
    614,         2,        36,          0.12,      0.08,      0.16,      0.1275,     0.125,        0.13,           0,             0
    615,         3,        36,           0.2,      0.16,      0.24,      0.1275,     0.125,        0.13,           0,             0
    616,         4,        36,          0.28,      0.24,      0.32,      0.1275,     0.125,        0.13,           0,             0
    617,         5,        36,          0.36,      0.32,       0.4,      0.1275,     0.125,        0.13,           0,             0
    618,         6,        36,          0.44,       0.4,      0.48,      0.1275,     0.125,        0.13,           0,             0
    619,         7,        36,          0.52,      0.48,      0.56,      0.1275,     0.125,        0.13,           0,             0
    620,         8,        36,           0.6,      0.56,      0.64,      0.1275,     0.125,        0.13,           0,             0
    621,         9,        36,          0.68,      0.64,      0.72,      0.1275,     0.125,        0.13,           0,             0
    622,        10,        36,          0.76,      0.72,       0.8,      0.1275,     0.125,        0.13,           0,             0
    623,        11,        36,          0.84,       0.8,      0.88,      0.1275,     0.125,        0.13,           0,             0
    624,        12,        36,          0.92,      0.88,      0.96,      0.1275,     0.125,        0.13,           0,             0
    625,        13,        36,             1,      0.96,      1.04,      0.1275,     0.125,        0.13,           0,             0
    626,        14,        36,          1.08,      1.04,      1.12,      0.1275,     0.125,        0.13,           0,             0
    627,        15,        36,          1.16,      1.12,       1.2,      0.1275,     0.125,        0.13,           0,             0
    630,         1,        37,          0.04,         0,      0.08,      0.1325,      0.13,       0.135,           0,             0
    631,         2,        37,          0.12,      0.08,      0.16,      0.1325,      0.13,       0.135,           0,             0
    632,         3,        37,           0.2,      0.16,      0.24,      0.1325,      0.13,       0.135,           0,             0
    633,         4,        37,          0.28,      0.24,      0.32,      0.1325,      0.13,       0.135,           0,             0
    634,         5,        37,          0.36,      0.32,       0.4,      0.1325,      0.13,       0.135,           0,             0
    635,         6,        37,          0.44,       0.4,      0.48,      0.1325,      0.13,       0.135,           0,             0
    636,         7,        37,          0.52,      0.48,      0.56,      0.1325,      0.13,       0.135,           0,             0
    637,         8,        37,           0.6,      0.56,      0.64,      0.1325,      0.13,       0.135,           0,             0
    638,         9,        37,          0.68,      0.64,      0.72,      0.1325,      0.13,       0.135,           0,             0
    639,        10,        37,          0.76,      0.72,       0.8,      0.1325,      0.13,       0.135,           0,             0
    640,        11,        37,          0.84,       0.8,      0.88,      0.1325,      0.13,       0.135,           0,             0
    641,        12,        37,          0.92,      0.88,      0.96,      0.1325,      0.13,       0.135,           0,             0
    642,        13,        37,             1,      0.96,      1.04,      0.1325,      0.13,       0.135,           0,             0
    643,        14,        37,          1.08,      1.04,      1.12,      0.1325,      0.13,       0.135,           0,             0
    644,        15,        37,          1.16,      1.12,       1.2,      0.1325,      0.13,       0.135,           0,             0
    647,         1,        38,          0.04,         0,      0.08,      0.1375,     0.135,        0.14,           0,             0
    648,         2,        38,          0.12,      0.08,      0.16,      0.1375,     0.135,        0.14,           0,             0
    649,         3,        38,           0.2,      0.16,      0.24,      0.1375,     0.135,        0.14,           0,             0
    650,         4,        38,          0.28,      0.24,      0.32,      0.1375,     0.135,        0.14,           0,             0
    651,         5,        38,          0.36,      0.32,       0.4,      0.1375,     0.135,        0.14,           0,             0
    652,         6,        38,          0.44,       0.4,      0.48,      0.1375,     0.135,        0.14,           0,             0
    653,         7,        38,          0.52,      0.48,      0.56,      0.1375,     0.135,        0.14,           0,             0
    654,         8,        38,           0.6,      0.56,      0.64,      0.1375,     0.135,        0.14,           0,             0
    655,         9,        38,          0.68,      0.64,      0.72,      0.1375,     0.135,        0.14,           0,             0
    656,        10,        38,          0.76,      0.72,       0.8,      0.1375,     0.135,        0.14,           0,             0
    657,        11,        38,          0.84,       0.8,      0.88,      0.1375,     0.135,        0.14,           0,             0
    658,        12,        38,          0.92,      0.88,      0.96,      0.1375,     0.135,        0.14,           0,             0
    659,        13,        38,             1,      0.96,      1.04,      0.1375,     0.135,        0.14,           0,             0
    660,        14,        38,          1.08,      1.04,      1.12,      0.1375,     0.135,        0.14,           0,             0
    661,        15,        38,          1.16,      1.12,       1.2,      0.1375,     0.135,        0.14,           0,             0
    664,         1,        39,          0.04,         0,      0.08,      0.1425,      0.14,       0.145,           0,             0
    665,         2,        39,          0.12,      0.08,      0.16,      0.1425,      0.14,       0.145,           0,             0
    666,         3,        39,           0.2,      0.16,      0.24,      0.1425,      0.14,       0.145,           0,             0
    667,         4,        39,          0.28,      0.24,      0.32,      0.1425,      0.14,       0.145,           0,             0
    668,         5,        39,          0.36,      0.32,       0.4,      0.1425,      0.14,       0.145,           0,             0
    669,         6,        39,          0.44,       0.4,      0.48,      0.1425,      0.14,       0.145,           0,             0
    670,         7,        39,          0.52,      0.48,      0.56,      0.1425,      0.14,       0.145,           0,             0
    671,         8,        39,           0.6,      0.56,      0.64,      0.1425,      0.14,       0.145,           0,             0
    672,         9,        39,          0.68,      0.64,      0.72,      0.1425,      0.14,       0.145,           0,             0
    673,        10,        39,          0.76,      0.72,       0.8,      0.1425,      0.14,       0.145,           0,             0
    674,        11,        39,          0.84,       0.8,      0.88,      0.1425,      0.14,       0.145,           0,             0
    675,        12,        39,          0.92,      0.88,      0.96,      0.1425,      0.14,       0.145,           0,             0
    676,        13,        39,             1,      0.96,      1.04,      0.1425,      0.14,       0.145,           0,             0
    677,        14,        39,          1.08,      1.04,      1.12,      0.1425,      0.14,       0.145,           0,             0
    678,        15,        39,          1.16,      1.12,       1.2,      0.1425,      0.14,       0.145,           0,             0
    681,         1,        40,          0.04,         0,      0.08,      0.1475,     0.145,        0.15,           0,             0
    682,         2,        40,          0.12,      0.08,      0.16,      0.1475,     0.145,        0.15,           0,             0
    683,         3,        40,           0.2,      0.16,      0.24,      0.1475,     0.145,        0.15,           0,             0
    684,         4,        40,          0.28,      0.24,      0.32,      0.1475,     0.145,        0.15,           0,             0
    685,         5,        40,          0.36,      0.32,       0.4,      0.1475,     0.145,        0.15,           0,             0
    686,         6,        40,          0.44,       0.4,      0.48,      0.1475,     0.145,        0.15,           0,             0
    687,         7,        40,          0.52,      0.48,      0.56,      0.1475,     0.145,        0.15,           0,             0
    688,         8,        40,           0.6,      0.56,      0.64,      0.1475,     0.145,        0.15,           0,             0
    689,         9,        40,          0.68,      0.64,      0.72,      0.1475,     0.145,        0.15,           0,             0
    690,        10,        40,          0.76,      0.72,       0.8,      0.1475,     0.145,        0.15,           0,             0
    691,        11,        40,          0.84,       0.8,      0.88,      0.1475,     0.145,        0.15,           0,             0
    692,        12,        40,          0.92,      0.88,      0.96,      0.1475,     0.145,        0.15,           0,             0
    693,        13,        40,             1,      0.96,      1.04,      0.1475,     0.145,        0.15,           0,             0
    694,        14,        40,          1.08,      1.04,      1.12,      0.1475,     0.145,        0.15,           0,             0
    695,        15,        40,          1.16,      1.12,       1.2,      0.1475,     0.145,        0.15,           0,             0
    698,         1,        41,          0.04,         0,      0.08,      0.1525,      0.15,       0.155,           0,             0
    699,         2,        41,          0.12,      0.08,      0.16,      0.1525,      0.15,       0.155,           0,             0
    700,         3,        41,           0.2,      0.16,      0.24,      0.1525,      0.15,       0.155,           0,             0
    701,         4,        41,          0.28,      0.24,      0.32,      0.1525,      0.15,       0.155,           0,             0
    702,         5,        41,          0.36,      0.32,       0.4,      0.1525,      0.15,       0.155,           0,             0
    703,         6,        41,          0.44,       0.4,      0.48,      0.1525,      0.15,       0.155,           0,             0
    704,         7,        41,          0.52,      0.48,      0.56,      0.1525,      0.15,       0.155,           0,             0
    705,         8,        41,           0.6,      0.56,      0.64,      0.1525,      0.15,       0.155,           0,             0
    706,         9,        41,          0.68,      0.64,      0.72,      0.1525,      0.15,       0.155,           0,             0
    707,        10,        41,          0.76,      0.72,       0.8,      0.1525,      0.15,       0.155,           0,             0
    708,        11,        41,          0.84,       0.8,      0.88,      0.1525,      0.15,       0.155,           0,             0
    709,        12,        41,          0.92,      0.88,      0.96,      0.1525,      0.15,       0.155,           0,             0
    710,        13,        41,             1,      0.96,      1.04,      0.1525,      0.15,       0.155,           0,             0
    711,        14,        41,          1.08,      1.04,      1.12,      0.1525,      0.15,       0.155,           0,             0
    712,        15,        41,          1.16,      1.12,       1.2,      0.1525,      0.15,       0.155,           0,             0
    715,         1,        42,          0.04,         0,      0.08,      0.1575,     0.155,        0.16,           0,             0
    716,         2,        42,          0.12,      0.08,      0.16,      0.1575,     0.155,        0.16,           0,             0
    717,         3,        42,           0.2,      0.16,      0.24,      0.1575,     0.155,        0.16,           0,             0
    718,         4,        42,          0.28,      0.24,      0.32,      0.1575,     0.155,        0.16,           0,             0
    719,         5,        42,          0.36,      0.32,       0.4,      0.1575,     0.155,        0.16,           0,             0
    720,         6,        42,          0.44,       0.4,      0.48,      0.1575,     0.155,        0.16,           0,             0
    721,         7,        42,          0.52,      0.48,      0.56,      0.1575,     0.155,        0.16,           0,             0
    722,         8,        42,           0.6,      0.56,      0.64,      0.1575,     0.155,        0.16,           0,             0
    723,         9,        42,          0.68,      0.64,      0.72,      0.1575,     0.155,        0.16,           0,             0
    724,        10,        42,          0.76,      0.72,       0.8,      0.1575,     0.155,        0.16,           0,             0
    725,        11,        42,          0.84,       0.8,      0.88,      0.1575,     0.155,        0.16,           0,             0
    726,        12,        42,          0.92,      0.88,      0.96,      0.1575,     0.155,        0.16,           0,             0
    727,        13,        42,             1,      0.96,      1.04,      0.1575,     0.155,        0.16,           0,             0
    728,        14,        42,          1.08,      1.04,      1.12,      0.1575,     0.155,        0.16,           0,             0
    729,        15,        42,          1.16,      1.12,       1.2,      0.1575,     0.155,        0.16,           0,             0
    732,         1,        43,          0.04,         0,      0.08,      0.1625,      0.16,       0.165,           0,             0
    733,         2,        43,          0.12,      0.08,      0.16,      0.1625,      0.16,       0.165,           0,             0
    734,         3,        43,           0.2,      0.16,      0.24,      0.1625,      0.16,       0.165,           0,             0
    735,         4,        43,          0.28,      0.24,      0.32,      0.1625,      0.16,       0.165,           0,             0
    736,         5,        43,          0.36,      0.32,       0.4,      0.1625,      0.16,       0.165,           0,             0
    737,         6,        43,          0.44,       0.4,      0.48,      0.1625,      0.16,       0.165,           0,             0
    738,         7,        43,          0.52,      0.48,      0.56,      0.1625,      0.16,       0.165,           0,             0
    739,         8,        43,           0.6,      0.56,      0.64,      0.1625,      0.16,       0.165,           0,             0
    740,         9,        43,          0.68,      0.64,      0.72,      0.1625,      0.16,       0.165,           0,             0
    741,        10,        43,          0.76,      0.72,       0.8,      0.1625,      0.16,       0.165,           0,             0
    742,        11,        43,          0.84,       0.8,      0.88,      0.1625,      0.16,       0.165,           0,             0
    743,        12,        43,          0.92,      0.88,      0.96,      0.1625,      0.16,       0.165,           0,             0
    744,        13,        43,             1,      0.96,      1.04,      0.1625,      0.16,       0.165,           0,             0
    745,        14,        43,          1.08,      1.04,      1.12,      0.1625,      0.16,       0.165,           0,             0
    746,        15,        43,          1.16,      1.12,       1.2,      0.1625,      0.16,       0.165,           0,             0
    749,         1,        44,          0.04,         0,      0.08,      0.1675,     0.165,        0.17,           0,             0
    750,         2,        44,          0.12,      0.08,      0.16,      0.1675,     0.165,        0.17,           0,             0
    751,         3,        44,           0.2,      0.16,      0.24,      0.1675,     0.165,        0.17,           0,             0
    752,         4,        44,          0.28,      0.24,      0.32,      0.1675,     0.165,        0.17,           0,             0
    753,         5,        44,          0.36,      0.32,       0.4,      0.1675,     0.165,        0.17,           0,             0
    754,         6,        44,          0.44,       0.4,      0.48,      0.1675,     0.165,        0.17,           0,             0
    755,         7,        44,          0.52,      0.48,      0.56,      0.1675,     0.165,        0.17,           0,             0
    756,         8,        44,           0.6,      0.56,      0.64,      0.1675,     0.165,        0.17,           0,             0
    757,         9,        44,          0.68,      0.64,      0.72,      0.1675,     0.165,        0.17,           0,             0
    758,        10,        44,          0.76,      0.72,       0.8,      0.1675,     0.165,        0.17,           0,             0
    759,        11,        44,          0.84,       0.8,      0.88,      0.1675,     0.165,        0.17,           0,             0
    760,        12,        44,          0.92,      0.88,      0.96,      0.1675,     0.165,        0.17,           0,             0
    761,        13,        44,             1,      0.96,      1.04,      0.1675,     0.165,        0.17,           0,             0
    762,        14,        44,          1.08,      1.04,      1.12,      0.1675,     0.165,        0.17,           0,             0
    763,        15,        44,          1.16,      1.12,       1.2,      0.1675,     0.165,        0.17,           0,             0
    766,         1,        45,          0.04,         0,      0.08,      0.1725,      0.17,       0.175,           0,             0
    767,         2,        45,          0.12,      0.08,      0.16,      0.1725,      0.17,       0.175,           0,             0
    768,         3,        45,           0.2,      0.16,      0.24,      0.1725,      0.17,       0.175,           0,             0
    769,         4,        45,          0.28,      0.24,      0.32,      0.1725,      0.17,       0.175,           0,             0
    770,         5,        45,          0.36,      0.32,       0.4,      0.1725,      0.17,       0.175,           0,             0
    771,         6,        45,          0.44,       0.4,      0.48,      0.1725,      0.17,       0.175,           0,             0
    772,         7,        45,          0.52,      0.48,      0.56,      0.1725,      0.17,       0.175,           0,             0
    773,         8,        45,           0.6,      0.56,      0.64,      0.1725,      0.17,       0.175,           0,             0
    774,         9,        45,          0.68,      0.64,      0.72,      0.1725,      0.17,       0.175,           0,             0
    775,        10,        45,          0.76,      0.72,       0.8,      0.1725,      0.17,       0.175,           0,             0
    776,        11,        45,          0.84,       0.8,      0.88,      0.1725,      0.17,       0.175,           0,             0
    777,        12,        45,          0.92,      0.88,      0.96,      0.1725,      0.17,       0.175,           0,             0
    778,        13,        45,             1,      0.96,      1.04,      0.1725,      0.17,       0.175,           0,             0
    779,        14,        45,          1.08,      1.04,      1.12,      0.1725,      0.17,       0.175,           0,             0
    780,        15,        45,          1.16,      1.12,       1.2,      0.1725,      0.17,       0.175,           0,             0
    783,         1,        46,          0.04,         0,      0.08,      0.1775,     0.175,        0.18,           0,             0
    784,         2,        46,          0.12,      0.08,      0.16,      0.1775,     0.175,        0.18,           0,             0
    785,         3,        46,           0.2,      0.16,      0.24,      0.1775,     0.175,        0.18,           0,             0
    786,         4,        46,          0.28,      0.24,      0.32,      0.1775,     0.175,        0.18,           0,             0
    787,         5,        46,          0.36,      0.32,       0.4,      0.1775,     0.175,        0.18,           0,             0
    788,         6,        46,          0.44,       0.4,      0.48,      0.1775,     0.175,        0.18,           0,             0
    789,         7,        46,          0.52,      0.48,      0.56,      0.1775,     0.175,        0.18,           0,             0
    790,         8,        46,           0.6,      0.56,      0.64,      0.1775,     0.175,        0.18,           0,             0
    791,         9,        46,          0.68,      0.64,      0.72,      0.1775,     0.175,        0.18,           0,             0
    792,        10,        46,          0.76,      0.72,       0.8,      0.1775,     0.175,        0.18,           0,             0
    793,        11,        46,          0.84,       0.8,      0.88,      0.1775,     0.175,        0.18,           0,             0
    794,        12,        46,          0.92,      0.88,      0.96,      0.1775,     0.175,        0.18,           0,             0
    795,        13,        46,             1,      0.96,      1.04,      0.1775,     0.175,        0.18,           0,             0
    796,        14,        46,          1.08,      1.04,      1.12,      0.1775,     0.175,        0.18,           0,             0
    797,        15,        46,          1.16,      1.12,       1.2,      0.1775,     0.175,        0.18,           0,             0
    800,         1,        47,          0.04,         0,      0.08,      0.1825,      0.18,       0.185,           0,             0
    801,         2,        47,          0.12,      0.08,      0.16,      0.1825,      0.18,       0.185,           0,             0
    802,         3,        47,           0.2,      0.16,      0.24,      0.1825,      0.18,       0.185,           0,             0
    803,         4,        47,          0.28,      0.24,      0.32,      0.1825,      0.18,       0.185,           0,             0
    804,         5,        47,          0.36,      0.32,       0.4,      0.1825,      0.18,       0.185,           0,             0
    805,         6,        47,          0.44,       0.4,      0.48,      0.1825,      0.18,       0.185,           0,             0
    806,         7,        47,          0.52,      0.48,      0.56,      0.1825,      0.18,       0.185,           0,             0
    807,         8,        47,           0.6,      0.56,      0.64,      0.1825,      0.18,       0.185,           0,             0
    808,         9,        47,          0.68,      0.64,      0.72,      0.1825,      0.18,       0.185,           0,             0
    809,        10,        47,          0.76,      0.72,       0.8,      0.1825,      0.18,       0.185,           0,             0
    810,        11,        47,          0.84,       0.8,      0.88,      0.1825,      0.18,       0.185,           0,             0
    811,        12,        47,          0.92,      0.88,      0.96,      0.1825,      0.18,       0.185,           0,             0
    812,        13,        47,             1,      0.96,      1.04,      0.1825,      0.18,       0.185,           0,             0
    813,        14,        47,          1.08,      1.04,      1.12,      0.1825,      0.18,       0.185,           0,             0
    814,        15,        47,          1.16,      1.12,       1.2,      0.1825,      0.18,       0.185,           0,             0
    817,         1,        48,          0.04,         0,      0.08,      0.1875,     0.185,        0.19,           0,             0
    818,         2,        48,          0.12,      0.08,      0.16,      0.1875,     0.185,        0.19,           0,             0
    819,         3,        48,           0.2,      0.16,      0.24,      0.1875,     0.185,        0.19,           0,             0
    820,         4,        48,          0.28,      0.24,      0.32,      0.1875,     0.185,        0.19,           0,             0
    821,         5,        48,          0.36,      0.32,       0.4,      0.1875,     0.185,        0.19,           0,             0
    822,         6,        48,          0.44,       0.4,      0.48,      0.1875,     0.185,        0.19,           0,             0
    823,         7,        48,          0.52,      0.48,      0.56,      0.1875,     0.185,        0.19,           0,             0
    824,         8,        48,           0.6,      0.56,      0.64,      0.1875,     0.185,        0.19,           0,             0
    825,         9,        48,          0.68,      0.64,      0.72,      0.1875,     0.185,        0.19,           0,             0
    826,        10,        48,          0.76,      0.72,       0.8,      0.1875,     0.185,        0.19,           0,             0
    827,        11,        48,          0.84,       0.8,      0.88,      0.1875,     0.185,        0.19,           0,             0
    828,        12,        48,          0.92,      0.88,      0.96,      0.1875,     0.185,        0.19,           0,             0
    829,        13,        48,             1,      0.96,      1.04,      0.1875,     0.185,        0.19,           0,             0
    830,        14,        48,          1.08,      1.04,      1.12,      0.1875,     0.185,        0.19,           0,             0
    831,        15,        48,          1.16,      1.12,       1.2,      0.1875,     0.185,        0.19,           0,             0
    834,         1,        49,          0.04,         0,      0.08,      0.1925,      0.19,       0.195,           0,             0
    835,         2,        49,          0.12,      0.08,      0.16,      0.1925,      0.19,       0.195,           0,             0
    836,         3,        49,           0.2,      0.16,      0.24,      0.1925,      0.19,       0.195,           0,             0
    837,         4,        49,          0.28,      0.24,      0.32,      0.1925,      0.19,       0.195,           0,             0
    838,         5,        49,          0.36,      0.32,       0.4,      0.1925,      0.19,       0.195,           0,             0
    839,         6,        49,          0.44,       0.4,      0.48,      0.1925,      0.19,       0.195,           0,             0
    840,         7,        49,          0.52,      0.48,      0.56,      0.1925,      0.19,       0.195,           0,             0
    841,         8,        49,           0.6,      0.56,      0.64,      0.1925,      0.19,       0.195,           0,             0
    842,         9,        49,          0.68,      0.64,      0.72,      0.1925,      0.19,       0.195,           0,             0
    843,        10,        49,          0.76,      0.72,       0.8,      0.1925,      0.19,       0.195,           0,             0
    844,        11,        49,          0.84,       0.8,      0.88,      0.1925,      0.19,       0.195,           0,             0
    845,        12,        49,          0.92,      0.88,      0.96,      0.1925,      0.19,       0.195,           0,             0
    846,        13,        49,             1,      0.96,      1.04,      0.1925,      0.19,       0.195,           0,             0
    847,        14,        49,          1.08,      1.04,      1.12,      0.1925,      0.19,       0.195,           0,             0
    848,        15,        49,          1.16,      1.12,       1.2,      0.1925,      0.19,       0.195,           0,             0
    851,         1,        50,          0.04,         0,      0.08,      0.1975,     0.195,         0.2,           0,             0
    852,         2,        50,          0.12,      0.08,      0.16,      0.1975,     0.195,         0.2,           0,             0
    853,         3,        50,           0.2,      0.16,      0.24,      0.1975,     0.195,         0.2,           0,             0
    854,         4,        50,          0.28,      0.24,      0.32,      0.1975,     0.195,         0.2,           0,             0
    855,         5,        50,          0.36,      0.32,       0.4,      0.1975,     0.195,         0.2,           0,             0
    856,         6,        50,          0.44,       0.4,      0.48,      0.1975,     0.195,         0.2,           0,             0
    857,         7,        50,          0.52,      0.48,      0.56,      0.1975,     0.195,         0.2,           0,             0
    858,         8,        50,           0.6,      0.56,      0.64,      0.1975,     0.195,         0.2,           0,             0
    859,         9,        50,          0.68,      0.64,      0.72,      0.1975,     0.195,         0.2,           0,             0
    860,        10,        50,          0.76,      0.72,       0.8,      0.1975,     0.195,         0.2,           0,             0
    861,        11,        50,          0.84,       0.8,      0.88,      0.1975,     0.195,         0.2,           0,             0
    862,        12,        50,          0.92,      0.88,      0.96,      0.1975,     0.195,         0.2,           0,             0
    863,        13,        50,             1,      0.96,      1.04,      0.1975,     0.195,         0.2,           0,             0
    864,        14,        50,          1.08,      1.04,      1.12,      0.1975,     0.195,         0.2,           0,             0
    865,        15,        50,          1.16,      1.12,       1.2,      0.1975,     0.195,         0.2,           0,             0
