# 2D Histogram Bin Extraction 
#                   
# histogram parameters:  
# title      : Em_nuc vs. Pm 
# ybins      : 50 
# ylabel     :  
# xbins      : 15 
# xlabel     :  
# ybin_width : 0.005 
# xbin_width : 0.080 
#                   
# header definitions:
# ib:         (x,y)  bin number 
# xb:         x-axis bin number 
# yb:         y-axis bin number 
# x0:         x-axis central bin value 
# xlow:       x-axis low-edge bin value 
# xup:        x-axis up-edge bin value 
# y0:         y-axis central bin value 
# ylow:       y-axis low-edge bin value 
# yup:        y-axis up-edge bin value 
# zcont:      bin content (z-axis) 
# zcont_err:  bin content error (z-axis) 
#                                        
ib,xb,yb,x0,xlow,xup,y0,ylow,yup,zcont,zcont_err
     18,         1,         1,          0.04,         0,      0.08,     -0.0475,     -0.05,      -0.045,           0,             0
     19,         2,         1,          0.12,      0.08,      0.16,     -0.0475,     -0.05,      -0.045,           0,             0
     20,         3,         1,           0.2,      0.16,      0.24,     -0.0475,     -0.05,      -0.045,           0,             0
     21,         4,         1,          0.28,      0.24,      0.32,     -0.0475,     -0.05,      -0.045,           0,             0
     22,         5,         1,          0.36,      0.32,       0.4,     -0.0475,     -0.05,      -0.045,           0,             0
     23,         6,         1,          0.44,       0.4,      0.48,     -0.0475,     -0.05,      -0.045,           0,             0
     24,         7,         1,          0.52,      0.48,      0.56,     -0.0475,     -0.05,      -0.045,           0,             0
     25,         8,         1,           0.6,      0.56,      0.64,     -0.0475,     -0.05,      -0.045,           0,             0
     26,         9,         1,          0.68,      0.64,      0.72,     -0.0475,     -0.05,      -0.045,           0,             0
     27,        10,         1,          0.76,      0.72,       0.8,     -0.0475,     -0.05,      -0.045,           0,             0
     28,        11,         1,          0.84,       0.8,      0.88,     -0.0475,     -0.05,      -0.045,  0.00177438,    0.00177438
     29,        12,         1,          0.92,      0.88,      0.96,     -0.0475,     -0.05,      -0.045,           0,             0
     30,        13,         1,             1,      0.96,      1.04,     -0.0475,     -0.05,      -0.045,           0,             0
     31,        14,         1,          1.08,      1.04,      1.12,     -0.0475,     -0.05,      -0.045,           0,             0
     32,        15,         1,          1.16,      1.12,       1.2,     -0.0475,     -0.05,      -0.045,           0,             0
     35,         1,         2,          0.04,         0,      0.08,     -0.0425,    -0.045,       -0.04,           0,             0
     36,         2,         2,          0.12,      0.08,      0.16,     -0.0425,    -0.045,       -0.04,           0,             0
     37,         3,         2,           0.2,      0.16,      0.24,     -0.0425,    -0.045,       -0.04,           0,             0
     38,         4,         2,          0.28,      0.24,      0.32,     -0.0425,    -0.045,       -0.04,    0.100509,      0.100509
     39,         5,         2,          0.36,      0.32,       0.4,     -0.0425,    -0.045,       -0.04,           0,             0
     40,         6,         2,          0.44,       0.4,      0.48,     -0.0425,    -0.045,       -0.04,           0,             0
     41,         7,         2,          0.52,      0.48,      0.56,     -0.0425,    -0.045,       -0.04,           0,             0
     42,         8,         2,           0.6,      0.56,      0.64,     -0.0425,    -0.045,       -0.04,  0.00682838,    0.00682838
     43,         9,         2,          0.68,      0.64,      0.72,     -0.0425,    -0.045,       -0.04,           0,             0
     44,        10,         2,          0.76,      0.72,       0.8,     -0.0425,    -0.045,       -0.04,  0.00108014,    0.00108014
     45,        11,         2,          0.84,       0.8,      0.88,     -0.0425,    -0.045,       -0.04,  0.00234678,    0.00234678
     46,        12,         2,          0.92,      0.88,      0.96,     -0.0425,    -0.045,       -0.04,           0,             0
     47,        13,         2,             1,      0.96,      1.04,     -0.0425,    -0.045,       -0.04,           0,             0
     48,        14,         2,          1.08,      1.04,      1.12,     -0.0425,    -0.045,       -0.04,           0,             0
     49,        15,         2,          1.16,      1.12,       1.2,     -0.0425,    -0.045,       -0.04,           0,             0
     52,         1,         3,          0.04,         0,      0.08,     -0.0375,     -0.04,      -0.035,           0,             0
     53,         2,         3,          0.12,      0.08,      0.16,     -0.0375,     -0.04,      -0.035,           0,             0
     54,         3,         3,           0.2,      0.16,      0.24,     -0.0375,     -0.04,      -0.035,    0.260655,      0.260655
     55,         4,         3,          0.28,      0.24,      0.32,     -0.0375,     -0.04,      -0.035,           0,             0
     56,         5,         3,          0.36,      0.32,       0.4,     -0.0375,     -0.04,      -0.035,           0,             0
     57,         6,         3,          0.44,       0.4,      0.48,     -0.0375,     -0.04,      -0.035,   0.0204165,     0.0204165
     58,         7,         3,          0.52,      0.48,      0.56,     -0.0375,     -0.04,      -0.035,   0.0635911,     0.0635911
     59,         8,         3,           0.6,      0.56,      0.64,     -0.0375,     -0.04,      -0.035,           0,             0
     60,         9,         3,          0.68,      0.64,      0.72,     -0.0375,     -0.04,      -0.035,   0.0332389,     0.0258865
     61,        10,         3,          0.76,      0.72,       0.8,     -0.0375,     -0.04,      -0.035,   0.0058367,    0.00458506
     62,        11,         3,          0.84,       0.8,      0.88,     -0.0375,     -0.04,      -0.035,           0,             0
     63,        12,         3,          0.92,      0.88,      0.96,     -0.0375,     -0.04,      -0.035,           0,             0
     64,        13,         3,             1,      0.96,      1.04,     -0.0375,     -0.04,      -0.035,           0,             0
     65,        14,         3,          1.08,      1.04,      1.12,     -0.0375,     -0.04,      -0.035,           0,             0
     66,        15,         3,          1.16,      1.12,       1.2,     -0.0375,     -0.04,      -0.035,           0,             0
     69,         1,         4,          0.04,         0,      0.08,     -0.0325,    -0.035,       -0.03,           0,             0
     70,         2,         4,          0.12,      0.08,      0.16,     -0.0325,    -0.035,       -0.03,           0,             0
     71,         3,         4,           0.2,      0.16,      0.24,     -0.0325,    -0.035,       -0.03,    0.495338,      0.354714
     72,         4,         4,          0.28,      0.24,      0.32,     -0.0325,    -0.035,       -0.03,    0.361209,      0.184963
     73,         5,         4,          0.36,      0.32,       0.4,     -0.0325,    -0.035,       -0.03,    0.158736,      0.114623
     74,         6,         4,          0.44,       0.4,      0.48,     -0.0325,    -0.035,       -0.03,   0.0681027,     0.0681027
     75,         7,         4,          0.52,      0.48,      0.56,     -0.0325,    -0.035,       -0.03,   0.0889632,     0.0889632
     76,         8,         4,           0.6,      0.56,      0.64,     -0.0325,    -0.035,       -0.03,   0.0530447,     0.0478251
     77,         9,         4,          0.68,      0.64,      0.72,     -0.0325,    -0.035,       -0.03,   0.0187715,     0.0187715
     78,        10,         4,          0.76,      0.72,       0.8,     -0.0325,    -0.035,       -0.03,   0.0323745,     0.0296474
     79,        11,         4,          0.84,       0.8,      0.88,     -0.0325,    -0.035,       -0.03,  0.00488557,    0.00351331
     80,        12,         4,          0.92,      0.88,      0.96,     -0.0325,    -0.035,       -0.03,           0,             0
     81,        13,         4,             1,      0.96,      1.04,     -0.0325,    -0.035,       -0.03,           0,             0
     82,        14,         4,          1.08,      1.04,      1.12,     -0.0325,    -0.035,       -0.03,           0,             0
     83,        15,         4,          1.16,      1.12,       1.2,     -0.0325,    -0.035,       -0.03,           0,             0
     86,         1,         5,          0.04,         0,      0.08,     -0.0275,     -0.03,      -0.025,           0,             0
     87,         2,         5,          0.12,      0.08,      0.16,     -0.0275,     -0.03,      -0.025,           0,             0
     88,         3,         5,           0.2,      0.16,      0.24,     -0.0275,     -0.03,      -0.025,           0,             0
     89,         4,         5,          0.28,      0.24,      0.32,     -0.0275,     -0.03,      -0.025,     1.13718,      0.499781
     90,         5,         5,          0.36,      0.32,       0.4,     -0.0275,     -0.03,      -0.025,    0.496462,      0.321212
     91,         6,         5,          0.44,       0.4,      0.48,     -0.0275,     -0.03,      -0.025,   0.0727237,     0.0727237
     92,         7,         5,          0.52,      0.48,      0.56,     -0.0275,     -0.03,      -0.025,   0.0953115,     0.0714922
     93,         8,         5,           0.6,      0.56,      0.64,     -0.0275,     -0.03,      -0.025,   0.0240779,     0.0240779
     94,         9,         5,          0.68,      0.64,      0.72,     -0.0275,     -0.03,      -0.025,   0.0416122,     0.0376387
     95,        10,         5,          0.76,      0.72,       0.8,     -0.0275,     -0.03,      -0.025,   0.0056632,    0.00385343
     96,        11,         5,          0.84,       0.8,      0.88,     -0.0275,     -0.03,      -0.025,  0.00512899,    0.00365156
     97,        12,         5,          0.92,      0.88,      0.96,     -0.0275,     -0.03,      -0.025,           0,             0
     98,        13,         5,             1,      0.96,      1.04,     -0.0275,     -0.03,      -0.025,           0,             0
     99,        14,         5,          1.08,      1.04,      1.12,     -0.0275,     -0.03,      -0.025,           0,             0
    100,        15,         5,          1.16,      1.12,       1.2,     -0.0275,     -0.03,      -0.025,           0,             0
    103,         1,         6,          0.04,         0,      0.08,     -0.0225,    -0.025,       -0.02,           0,             0
    104,         2,         6,          0.12,      0.08,      0.16,     -0.0225,    -0.025,       -0.02,           0,             0
    105,         3,         6,           0.2,      0.16,      0.24,     -0.0225,    -0.025,       -0.02,     2.62807,       1.23949
    106,         4,         6,          0.28,      0.24,      0.32,     -0.0225,    -0.025,       -0.02,     2.98268,       1.09975
    107,         5,         6,          0.36,      0.32,       0.4,     -0.0225,    -0.025,       -0.02,    0.362316,      0.151073
    108,         6,         6,          0.44,       0.4,      0.48,     -0.0225,    -0.025,       -0.02,    0.142541,      0.100828
    109,         7,         6,          0.52,      0.48,      0.56,     -0.0225,    -0.025,       -0.02,    0.104261,     0.0711168
    110,         8,         6,           0.6,      0.56,      0.64,     -0.0225,    -0.025,       -0.02,    0.203736,      0.111601
    111,         9,         6,          0.68,      0.64,      0.72,     -0.0225,    -0.025,       -0.02,   0.0983144,     0.0549447
    112,        10,         6,          0.76,      0.72,       0.8,     -0.0225,    -0.025,       -0.02,   0.0367347,     0.0162349
    113,        11,         6,          0.84,       0.8,      0.88,     -0.0225,    -0.025,       -0.02,   0.0184225,    0.00998246
    114,        12,         6,          0.92,      0.88,      0.96,     -0.0225,    -0.025,       -0.02,           0,             0
    115,        13,         6,             1,      0.96,      1.04,     -0.0225,    -0.025,       -0.02,           0,             0
    116,        14,         6,          1.08,      1.04,      1.12,     -0.0225,    -0.025,       -0.02,           0,             0
    117,        15,         6,          1.16,      1.12,       1.2,     -0.0225,    -0.025,       -0.02,           0,             0
    120,         1,         7,          0.04,         0,      0.08,     -0.0175,     -0.02,      -0.015,           0,             0
    121,         2,         7,          0.12,      0.08,      0.16,     -0.0175,     -0.02,      -0.015,           0,             0
    122,         3,         7,           0.2,      0.16,      0.24,     -0.0175,     -0.02,      -0.015,      7.8093,       3.60169
    123,         4,         7,          0.28,      0.24,      0.32,     -0.0175,     -0.02,      -0.015,     4.29723,       1.06068
    124,         5,         7,          0.36,      0.32,       0.4,     -0.0175,     -0.02,      -0.015,     1.55952,      0.400194
    125,         6,         7,          0.44,       0.4,      0.48,     -0.0175,     -0.02,      -0.015,    0.178569,     0.0963493
    126,         7,         7,          0.52,      0.48,      0.56,     -0.0175,     -0.02,      -0.015,    0.202067,     0.0786922
    127,         8,         7,           0.6,      0.56,      0.64,     -0.0175,     -0.02,      -0.015,    0.587745,      0.183939
    128,         9,         7,          0.68,      0.64,      0.72,     -0.0175,     -0.02,      -0.015,    0.238704,     0.0769505
    129,        10,         7,          0.76,      0.72,       0.8,     -0.0175,     -0.02,      -0.015,    0.182514,     0.0436441
    130,        11,         7,          0.84,       0.8,      0.88,     -0.0175,     -0.02,      -0.015,     0.10784,     0.0233311
    131,        12,         7,          0.92,      0.88,      0.96,     -0.0175,     -0.02,      -0.015,           0,             0
    132,        13,         7,             1,      0.96,      1.04,     -0.0175,     -0.02,      -0.015,           0,             0
    133,        14,         7,          1.08,      1.04,      1.12,     -0.0175,     -0.02,      -0.015,           0,             0
    134,        15,         7,          1.16,      1.12,       1.2,     -0.0175,     -0.02,      -0.015,           0,             0
    137,         1,         8,          0.04,         0,      0.08,     -0.0125,    -0.015,       -0.01,           0,             0
    138,         2,         8,          0.12,      0.08,      0.16,     -0.0125,    -0.015,       -0.01,           0,             0
    139,         3,         8,           0.2,      0.16,      0.24,     -0.0125,    -0.015,       -0.01,     43.2753,       8.69027
    140,         4,         8,          0.28,      0.24,      0.32,     -0.0125,    -0.015,       -0.01,     14.8563,       2.50791
    141,         5,         8,          0.36,      0.32,       0.4,     -0.0125,    -0.015,       -0.01,     3.61053,      0.583838
    142,         6,         8,          0.44,       0.4,      0.48,     -0.0125,    -0.015,       -0.01,     1.17728,      0.319872
    143,         7,         8,          0.52,      0.48,      0.56,     -0.0125,    -0.015,       -0.01,    0.834998,       0.19282
    144,         8,         8,           0.6,      0.56,      0.64,     -0.0125,    -0.015,       -0.01,     1.04499,      0.204884
    145,         9,         8,          0.68,      0.64,      0.72,     -0.0125,    -0.015,       -0.01,     1.07993,      0.164422
    146,        10,         8,          0.76,      0.72,       0.8,     -0.0125,    -0.015,       -0.01,    0.818784,     0.0958301
    147,        11,         8,          0.84,       0.8,      0.88,     -0.0125,    -0.015,       -0.01,    0.143787,      0.025074
    148,        12,         8,          0.92,      0.88,      0.96,     -0.0125,    -0.015,       -0.01,  0.00490186,    0.00352902
    149,        13,         8,             1,      0.96,      1.04,     -0.0125,    -0.015,       -0.01,           0,             0
    150,        14,         8,          1.08,      1.04,      1.12,     -0.0125,    -0.015,       -0.01,           0,             0
    151,        15,         8,          1.16,      1.12,       1.2,     -0.0125,    -0.015,       -0.01,           0,             0
    154,         1,         9,          0.04,         0,      0.08,     -0.0075,     -0.01,      -0.005,           0,             0
    155,         2,         9,          0.12,      0.08,      0.16,     -0.0075,     -0.01,      -0.005,           0,             0
    156,         3,         9,           0.2,      0.16,      0.24,     -0.0075,     -0.01,      -0.005,     81.3874,       11.1189
    157,         4,         9,          0.28,      0.24,      0.32,     -0.0075,     -0.01,      -0.005,     40.0681,       3.81477
    158,         5,         9,          0.36,      0.32,       0.4,     -0.0075,     -0.01,      -0.005,     9.80268,       1.06866
    159,         6,         9,          0.44,       0.4,      0.48,     -0.0075,     -0.01,      -0.005,     5.54451,      0.702653
    160,         7,         9,          0.52,      0.48,      0.56,     -0.0075,     -0.01,      -0.005,     5.43524,      0.635485
    161,         8,         9,           0.6,      0.56,      0.64,     -0.0075,     -0.01,      -0.005,     4.48715,      0.473892
    162,         9,         9,          0.68,      0.64,      0.72,     -0.0075,     -0.01,      -0.005,     4.40733,      0.351524
    163,        10,         9,          0.76,      0.72,       0.8,     -0.0075,     -0.01,      -0.005,     1.52263,      0.131277
    164,        11,         9,          0.84,       0.8,      0.88,     -0.0075,     -0.01,      -0.005,    0.202341,     0.0295345
    165,        12,         9,          0.92,      0.88,      0.96,     -0.0075,     -0.01,      -0.005,  0.00226101,    0.00226101
    166,        13,         9,             1,      0.96,      1.04,     -0.0075,     -0.01,      -0.005,           0,             0
    167,        14,         9,          1.08,      1.04,      1.12,     -0.0075,     -0.01,      -0.005,           0,             0
    168,        15,         9,          1.16,      1.12,       1.2,     -0.0075,     -0.01,      -0.005,           0,             0
    171,         1,        10,          0.04,         0,      0.08,     -0.0025,    -0.005,           0,           0,             0
    172,         2,        10,          0.12,      0.08,      0.16,     -0.0025,    -0.005,           0,     13.5752,       9.59977
    173,         3,        10,           0.2,      0.16,      0.24,     -0.0025,    -0.005,           0,     298.323,       25.3993
    174,         4,        10,          0.28,      0.24,      0.32,     -0.0025,    -0.005,           0,     141.127,       7.23916
    175,         5,        10,          0.36,      0.32,       0.4,     -0.0025,    -0.005,           0,     51.7513,        2.3997
    176,         6,        10,          0.44,       0.4,      0.48,     -0.0025,    -0.005,           0,     32.9815,       1.73105
    177,         7,        10,          0.52,      0.48,      0.56,     -0.0025,    -0.005,           0,     25.1476,       1.37104
    178,         8,        10,           0.6,      0.56,      0.64,     -0.0025,    -0.005,           0,     15.0767,      0.830868
    179,         9,        10,          0.68,      0.64,      0.72,     -0.0025,    -0.005,           0,     8.90945,      0.478212
    180,        10,        10,          0.76,      0.72,       0.8,     -0.0025,    -0.005,           0,     2.61363,      0.177986
    181,        11,        10,          0.84,       0.8,      0.88,     -0.0025,    -0.005,           0,    0.232173,     0.0304781
    182,        12,        10,          0.92,      0.88,      0.96,     -0.0025,    -0.005,           0,           0,             0
    183,        13,        10,             1,      0.96,      1.04,     -0.0025,    -0.005,           0,           0,             0
    184,        14,        10,          1.08,      1.04,      1.12,     -0.0025,    -0.005,           0,           0,             0
    185,        15,        10,          1.16,      1.12,       1.2,     -0.0025,    -0.005,           0,           0,             0
    188,         1,        11,          0.04,         0,      0.08,      0.0025,         0,       0.005,           0,             0
    189,         2,        11,          0.12,      0.08,      0.16,      0.0025,         0,       0.005,           0,             0
    190,         3,        11,           0.2,      0.16,      0.24,      0.0025,         0,       0.005,     724.736,       39.5898
    191,         4,        11,          0.28,      0.24,      0.32,      0.0025,         0,       0.005,     610.424,       15.2956
    192,         5,        11,          0.36,      0.32,       0.4,      0.0025,         0,       0.005,     217.513,       5.16267
    193,         6,        11,          0.44,       0.4,      0.48,      0.0025,         0,       0.005,     105.152,        3.1592
    194,         7,        11,          0.52,      0.48,      0.56,      0.0025,         0,       0.005,     60.3964,        2.0883
    195,         8,        11,           0.6,      0.56,      0.64,      0.0025,         0,       0.005,     32.1696,       1.22616
    196,         9,        11,          0.68,      0.64,      0.72,      0.0025,         0,       0.005,     13.3691,      0.580182
    197,        10,        11,          0.76,      0.72,       0.8,      0.0025,         0,       0.005,     3.37516,      0.196882
    198,        11,        11,          0.84,       0.8,      0.88,      0.0025,         0,       0.005,    0.255116,     0.0318937
    199,        12,        11,          0.92,      0.88,      0.96,      0.0025,         0,       0.005,  0.00543042,     0.0031748
    200,        13,        11,             1,      0.96,      1.04,      0.0025,         0,       0.005,           0,             0
    201,        14,        11,          1.08,      1.04,      1.12,      0.0025,         0,       0.005,           0,             0
    202,        15,        11,          1.16,      1.12,       1.2,      0.0025,         0,       0.005,           0,             0
    205,         1,        12,          0.04,         0,      0.08,      0.0075,     0.005,        0.01,           0,             0
    206,         2,        12,          0.12,      0.08,      0.16,      0.0075,     0.005,        0.01,           0,             0
    207,         3,        12,           0.2,      0.16,      0.24,      0.0075,     0.005,        0.01,     974.755,       45.9183
    208,         4,        12,          0.28,      0.24,      0.32,      0.0075,     0.005,        0.01,     810.697,       17.8157
    209,         5,        12,          0.36,      0.32,       0.4,      0.0075,     0.005,        0.01,     275.743,       5.88526
    210,         6,        12,          0.44,       0.4,      0.48,      0.0075,     0.005,        0.01,     145.166,       3.73349
    211,         7,        12,          0.52,      0.48,      0.56,      0.0075,     0.005,        0.01,     75.7368,       2.33018
    212,         8,        12,           0.6,      0.56,      0.64,      0.0075,     0.005,        0.01,     38.9858,       1.32035
    213,         9,        12,          0.68,      0.64,      0.72,      0.0075,     0.005,        0.01,     14.5514,      0.586244
    214,        10,        12,          0.76,      0.72,       0.8,      0.0075,     0.005,        0.01,     3.10176,      0.186293
    215,        11,        12,          0.84,       0.8,      0.88,      0.0075,     0.005,        0.01,     0.19553,     0.0261228
    216,        12,        12,          0.92,      0.88,      0.96,      0.0075,     0.005,        0.01,  0.00152254,    0.00152254
    217,        13,        12,             1,      0.96,      1.04,      0.0075,     0.005,        0.01,           0,             0
    218,        14,        12,          1.08,      1.04,      1.12,      0.0075,     0.005,        0.01,           0,             0
    219,        15,        12,          1.16,      1.12,       1.2,      0.0075,     0.005,        0.01,           0,             0
    222,         1,        13,          0.04,         0,      0.08,      0.0125,      0.01,       0.015,           0,             0
    223,         2,        13,          0.12,      0.08,      0.16,      0.0125,      0.01,       0.015,           0,             0
    224,         3,        13,           0.2,      0.16,      0.24,      0.0125,      0.01,       0.015,     606.281,       36.3728
    225,         4,        13,          0.28,      0.24,      0.32,      0.0125,      0.01,       0.015,     463.458,       14.1514
    226,         5,        13,          0.36,      0.32,       0.4,      0.0125,      0.01,       0.015,     135.964,       4.16667
    227,         6,        13,          0.44,       0.4,      0.48,      0.0125,      0.01,       0.015,     74.2046,       2.67471
    228,         7,        13,          0.52,      0.48,      0.56,      0.0125,      0.01,       0.015,       48.08,       1.80626
    229,         8,        13,           0.6,      0.56,      0.64,      0.0125,      0.01,       0.015,     25.1705,       1.04227
    230,         9,        13,          0.68,      0.64,      0.72,      0.0125,      0.01,       0.015,     9.77183,      0.471942
    231,        10,        13,          0.76,      0.72,       0.8,      0.0125,      0.01,       0.015,     2.26698,      0.162529
    232,        11,        13,          0.84,       0.8,      0.88,      0.0125,      0.01,       0.015,     0.13229,     0.0227078
    233,        12,        13,          0.92,      0.88,      0.96,      0.0125,      0.01,       0.015,  0.00158137,    0.00158137
    234,        13,        13,             1,      0.96,      1.04,      0.0125,      0.01,       0.015,           0,             0
    235,        14,        13,          1.08,      1.04,      1.12,      0.0125,      0.01,       0.015,           0,             0
    236,        15,        13,          1.16,      1.12,       1.2,      0.0125,      0.01,       0.015,           0,             0
    239,         1,        14,          0.04,         0,      0.08,      0.0175,     0.015,        0.02,           0,             0
    240,         2,        14,          0.12,      0.08,      0.16,      0.0175,     0.015,        0.02,           0,             0
    241,         3,        14,           0.2,      0.16,      0.24,      0.0175,     0.015,        0.02,     280.277,       26.1986
    242,         4,        14,          0.28,      0.24,      0.32,      0.0175,     0.015,        0.02,     231.996,       10.5466
    243,         5,        14,          0.36,      0.32,       0.4,      0.0175,     0.015,        0.02,     64.1573,       2.81309
    244,         6,        14,          0.44,       0.4,      0.48,      0.0175,     0.015,        0.02,     29.0661,        1.6892
    245,         7,        14,          0.52,      0.48,      0.56,      0.0175,     0.015,        0.02,     19.9069,       1.21186
    246,         8,        14,           0.6,      0.56,      0.64,      0.0175,     0.015,        0.02,     12.8778,      0.738659
    247,         9,        14,          0.68,      0.64,      0.72,      0.0175,     0.015,        0.02,     4.75254,      0.318973
    248,        10,        14,          0.76,      0.72,       0.8,      0.0175,     0.015,        0.02,     1.11617,      0.105892
    249,        11,        14,          0.84,       0.8,      0.88,      0.0175,     0.015,        0.02,    0.113953,     0.0225391
    250,        12,        14,          0.92,      0.88,      0.96,      0.0175,     0.015,        0.02,           0,             0
    251,        13,        14,             1,      0.96,      1.04,      0.0175,     0.015,        0.02,           0,             0
    252,        14,        14,          1.08,      1.04,      1.12,      0.0175,     0.015,        0.02,           0,             0
    253,        15,        14,          1.16,      1.12,       1.2,      0.0175,     0.015,        0.02,           0,             0
    256,         1,        15,          0.04,         0,      0.08,      0.0225,      0.02,       0.025,           0,             0
    257,         2,        15,          0.12,      0.08,      0.16,      0.0225,      0.02,       0.025,           0,             0
    258,         3,        15,           0.2,      0.16,      0.24,      0.0225,      0.02,       0.025,     139.153,       18.8193
    259,         4,        15,          0.28,      0.24,      0.32,      0.0225,      0.02,       0.025,      155.77,       9.62086
    260,         5,        15,          0.36,      0.32,       0.4,      0.0225,      0.02,       0.025,      40.996,       2.26854
    261,         6,        15,          0.44,       0.4,      0.48,      0.0225,      0.02,       0.025,     16.5136,       1.28774
    262,         7,        15,          0.52,      0.48,      0.56,      0.0225,      0.02,       0.025,     10.4595,      0.842117
    263,         8,        15,           0.6,      0.56,      0.64,      0.0225,      0.02,       0.025,     5.94511,      0.526837
    264,         9,        15,          0.68,      0.64,      0.72,      0.0225,      0.02,       0.025,       2.867,      0.269294
    265,        10,        15,          0.76,      0.72,       0.8,      0.0225,      0.02,       0.025,    0.835504,       0.10013
    266,        11,        15,          0.84,       0.8,      0.88,      0.0225,      0.02,       0.025,   0.0516208,     0.0136876
    267,        12,        15,          0.92,      0.88,      0.96,      0.0225,      0.02,       0.025,           0,             0
    268,        13,        15,             1,      0.96,      1.04,      0.0225,      0.02,       0.025,           0,             0
    269,        14,        15,          1.08,      1.04,      1.12,      0.0225,      0.02,       0.025,           0,             0
    270,        15,        15,          1.16,      1.12,       1.2,      0.0225,      0.02,       0.025,           0,             0
    273,         1,        16,          0.04,         0,      0.08,      0.0275,     0.025,        0.03,           0,             0
    274,         2,        16,          0.12,      0.08,      0.16,      0.0275,     0.025,        0.03,           0,             0
    275,         3,        16,           0.2,      0.16,      0.24,      0.0275,     0.025,        0.03,     73.5324,       14.6404
    276,         4,        16,          0.28,      0.24,      0.32,      0.0275,     0.025,        0.03,     133.786,        9.7365
    277,         5,        16,          0.36,      0.32,       0.4,      0.0275,     0.025,        0.03,     34.6146,       2.22108
    278,         6,        16,          0.44,       0.4,      0.48,      0.0275,     0.025,        0.03,     14.4598,       1.20502
    279,         7,        16,          0.52,      0.48,      0.56,      0.0275,     0.025,        0.03,     6.35583,      0.667225
    280,         8,        16,           0.6,      0.56,      0.64,      0.0275,     0.025,        0.03,     4.52836,       0.48467
    281,         9,        16,          0.68,      0.64,      0.72,      0.0275,     0.025,        0.03,     1.62328,      0.191976
    282,        10,        16,          0.76,      0.72,       0.8,      0.0275,     0.025,        0.03,    0.459724,     0.0713772
    283,        11,        16,          0.84,       0.8,      0.88,      0.0275,     0.025,        0.03,   0.0565135,     0.0178991
    284,        12,        16,          0.92,      0.88,      0.96,      0.0275,     0.025,        0.03,           0,             0
    285,        13,        16,             1,      0.96,      1.04,      0.0275,     0.025,        0.03,           0,             0
    286,        14,        16,          1.08,      1.04,      1.12,      0.0275,     0.025,        0.03,           0,             0
    287,        15,        16,          1.16,      1.12,       1.2,      0.0275,     0.025,        0.03,           0,             0
    290,         1,        17,          0.04,         0,      0.08,      0.0325,      0.03,       0.035,           0,             0
    291,         2,        17,          0.12,      0.08,      0.16,      0.0325,      0.03,       0.035,           0,             0
    292,         3,        17,           0.2,      0.16,      0.24,      0.0325,      0.03,       0.035,     37.2669,       10.2734
    293,         4,        17,          0.28,      0.24,      0.32,      0.0325,      0.03,       0.035,     73.6654,       7.39481
    294,         5,        17,          0.36,      0.32,       0.4,      0.0325,      0.03,       0.035,     28.9314,       2.17392
    295,         6,        17,          0.44,       0.4,      0.48,      0.0325,      0.03,       0.035,     8.69281,      0.841219
    296,         7,        17,          0.52,      0.48,      0.56,      0.0325,      0.03,       0.035,     6.92556,      0.764877
    297,         8,        17,           0.6,      0.56,      0.64,      0.0325,      0.03,       0.035,     3.04059,      0.368732
    298,         9,        17,          0.68,      0.64,      0.72,      0.0325,      0.03,       0.035,     1.25739,      0.185783
    299,        10,        17,          0.76,      0.72,       0.8,      0.0325,      0.03,       0.035,    0.472807,     0.0855531
    300,        11,        17,          0.84,       0.8,      0.88,      0.0325,      0.03,       0.035,   0.0763722,     0.0189054
    301,        12,        17,          0.92,      0.88,      0.96,      0.0325,      0.03,       0.035,  0.00213124,    0.00213124
    302,        13,        17,             1,      0.96,      1.04,      0.0325,      0.03,       0.035,           0,             0
    303,        14,        17,          1.08,      1.04,      1.12,      0.0325,      0.03,       0.035,           0,             0
    304,        15,        17,          1.16,      1.12,       1.2,      0.0325,      0.03,       0.035,           0,             0
    307,         1,        18,          0.04,         0,      0.08,      0.0375,     0.035,        0.04,           0,             0
    308,         2,        18,          0.12,      0.08,      0.16,      0.0375,     0.035,        0.04,           0,             0
    309,         3,        18,           0.2,      0.16,      0.24,      0.0375,     0.035,        0.04,     30.3846,       10.0892
    310,         4,        18,          0.28,      0.24,      0.32,      0.0375,     0.035,        0.04,     80.7177,       8.56394
    311,         5,        18,          0.36,      0.32,       0.4,      0.0375,     0.035,        0.04,     27.3298,       2.14788
    312,         6,        18,          0.44,       0.4,      0.48,      0.0375,     0.035,        0.04,     8.81674,      0.914469
    313,         7,        18,          0.52,      0.48,      0.56,      0.0375,     0.035,        0.04,      5.2653,      0.636108
    314,         8,        18,           0.6,      0.56,      0.64,      0.0375,     0.035,        0.04,     2.65737,      0.357509
    315,         9,        18,          0.68,      0.64,      0.72,      0.0375,     0.035,        0.04,      1.0985,      0.167098
    316,        10,        18,          0.76,      0.72,       0.8,      0.0375,     0.035,        0.04,    0.321472,     0.0692538
    317,        11,        18,          0.84,       0.8,      0.88,      0.0375,     0.035,        0.04,   0.0651689,     0.0217742
    318,        12,        18,          0.92,      0.88,      0.96,      0.0375,     0.035,        0.04,           0,             0
    319,        13,        18,             1,      0.96,      1.04,      0.0375,     0.035,        0.04,           0,             0
    320,        14,        18,          1.08,      1.04,      1.12,      0.0375,     0.035,        0.04,           0,             0
    321,        15,        18,          1.16,      1.12,       1.2,      0.0375,     0.035,        0.04,           0,             0
    324,         1,        19,          0.04,         0,      0.08,      0.0425,      0.04,       0.045,           0,             0
    325,         2,        19,          0.12,      0.08,      0.16,      0.0425,      0.04,       0.045,           0,             0
    326,         3,        19,           0.2,      0.16,      0.24,      0.0425,      0.04,       0.045,      17.051,       6.60661
    327,         4,        19,          0.28,      0.24,      0.32,      0.0425,      0.04,       0.045,     68.9034,       8.52686
    328,         5,        19,          0.36,      0.32,       0.4,      0.0425,      0.04,       0.045,     25.3624,       2.09526
    329,         6,        19,          0.44,       0.4,      0.48,      0.0425,      0.04,       0.045,      9.9663,        1.0566
    330,         7,        19,          0.52,      0.48,      0.56,      0.0425,      0.04,       0.045,      3.3979,      0.475276
    331,         8,        19,           0.6,      0.56,      0.64,      0.0425,      0.04,       0.045,     3.13847,      0.422005
    332,         9,        19,          0.68,      0.64,      0.72,      0.0425,      0.04,       0.045,     1.15015,       0.17993
    333,        10,        19,          0.76,      0.72,       0.8,      0.0425,      0.04,       0.045,    0.384754,     0.0746771
    334,        11,        19,          0.84,       0.8,      0.88,      0.0425,      0.04,       0.045,   0.0709229,     0.0230098
    335,        12,        19,          0.92,      0.88,      0.96,      0.0425,      0.04,       0.045,           0,             0
    336,        13,        19,             1,      0.96,      1.04,      0.0425,      0.04,       0.045,           0,             0
    337,        14,        19,          1.08,      1.04,      1.12,      0.0425,      0.04,       0.045,           0,             0
    338,        15,        19,          1.16,      1.12,       1.2,      0.0425,      0.04,       0.045,           0,             0
    341,         1,        20,          0.04,         0,      0.08,      0.0475,     0.045,        0.05,           0,             0
    342,         2,        20,          0.12,      0.08,      0.16,      0.0475,     0.045,        0.05,           0,             0
    343,         3,        20,           0.2,      0.16,      0.24,      0.0475,     0.045,        0.05,     20.3576,       7.84021
    344,         4,        20,          0.28,      0.24,      0.32,      0.0475,     0.045,        0.05,     67.3268,       8.79106
    345,         5,        20,          0.36,      0.32,       0.4,      0.0475,     0.045,        0.05,     23.7291,       2.20591
    346,         6,        20,          0.44,       0.4,      0.48,      0.0475,     0.045,        0.05,      7.8842,      0.862522
    347,         7,        20,          0.52,      0.48,      0.56,      0.0475,     0.045,        0.05,     4.46542,      0.639865
    348,         8,        20,           0.6,      0.56,      0.64,      0.0475,     0.045,        0.05,     1.97939,      0.335771
    349,         9,        20,          0.68,      0.64,      0.72,      0.0475,     0.045,        0.05,     1.04771,      0.190072
    350,        10,        20,          0.76,      0.72,       0.8,      0.0475,     0.045,        0.05,    0.435943,     0.0919838
    351,        11,        20,          0.84,       0.8,      0.88,      0.0475,     0.045,        0.05,   0.0650796,     0.0245315
    352,        12,        20,          0.92,      0.88,      0.96,      0.0475,     0.045,        0.05,           0,             0
    353,        13,        20,             1,      0.96,      1.04,      0.0475,     0.045,        0.05,           0,             0
    354,        14,        20,          1.08,      1.04,      1.12,      0.0475,     0.045,        0.05,           0,             0
    355,        15,        20,          1.16,      1.12,       1.2,      0.0475,     0.045,        0.05,           0,             0
    358,         1,        21,          0.04,         0,      0.08,      0.0525,      0.05,       0.055,           0,             0
    359,         2,        21,          0.12,      0.08,      0.16,      0.0525,      0.05,       0.055,           0,             0
    360,         3,        21,           0.2,      0.16,      0.24,      0.0525,      0.05,       0.055,     10.5948,       6.55118
    361,         4,        21,          0.28,      0.24,      0.32,      0.0525,      0.05,       0.055,     56.2749,       7.88274
    362,         5,        21,          0.36,      0.32,       0.4,      0.0525,      0.05,       0.055,     18.1362,       2.00412
    363,         6,        21,          0.44,       0.4,      0.48,      0.0525,      0.05,       0.055,     9.79619,       1.02323
    364,         7,        21,          0.52,      0.48,      0.56,      0.0525,      0.05,       0.055,     3.74662,      0.567936
    365,         8,        21,           0.6,      0.56,      0.64,      0.0525,      0.05,       0.055,      2.3981,      0.375666
    366,         9,        21,          0.68,      0.64,      0.72,      0.0525,      0.05,       0.055,    0.865402,      0.156755
    367,        10,        21,          0.76,      0.72,       0.8,      0.0525,      0.05,       0.055,    0.284716,     0.0685779
    368,        11,        21,          0.84,       0.8,      0.88,      0.0525,      0.05,       0.055,   0.0737581,     0.0263346
    369,        12,        21,          0.92,      0.88,      0.96,      0.0525,      0.05,       0.055,  0.00782402,    0.00459561
    370,        13,        21,             1,      0.96,      1.04,      0.0525,      0.05,       0.055,           0,             0
    371,        14,        21,          1.08,      1.04,      1.12,      0.0525,      0.05,       0.055,           0,             0
    372,        15,        21,          1.16,      1.12,       1.2,      0.0525,      0.05,       0.055,           0,             0
    375,         1,        22,          0.04,         0,      0.08,      0.0575,     0.055,        0.06,           0,             0
    376,         2,        22,          0.12,      0.08,      0.16,      0.0575,     0.055,        0.06,           0,             0
    377,         3,        22,           0.2,      0.16,      0.24,      0.0575,     0.055,        0.06,     8.54944,       6.07477
    378,         4,        22,          0.28,      0.24,      0.32,      0.0575,     0.055,        0.06,     48.2342,       9.43708
    379,         5,        22,          0.36,      0.32,       0.4,      0.0575,     0.055,        0.06,     23.7393,       2.55169
    380,         6,        22,          0.44,       0.4,      0.48,      0.0575,     0.055,        0.06,     7.42984,      0.931095
    381,         7,        22,          0.52,      0.48,      0.56,      0.0575,     0.055,        0.06,     5.33119,      0.734245
    382,         8,        22,           0.6,      0.56,      0.64,      0.0575,     0.055,        0.06,     2.47884,      0.404309
    383,         9,        22,          0.68,      0.64,      0.72,      0.0575,     0.055,        0.06,     1.08805,      0.198315
    384,        10,        22,          0.76,      0.72,       0.8,      0.0575,     0.055,        0.06,    0.263633,     0.0595601
    385,        11,        22,          0.84,       0.8,      0.88,      0.0575,     0.055,        0.06,    0.047963,     0.0204309
    386,        12,        22,          0.92,      0.88,      0.96,      0.0575,     0.055,        0.06,  0.00257053,    0.00257053
    387,        13,        22,             1,      0.96,      1.04,      0.0575,     0.055,        0.06,           0,             0
    388,        14,        22,          1.08,      1.04,      1.12,      0.0575,     0.055,        0.06,           0,             0
    389,        15,        22,          1.16,      1.12,       1.2,      0.0575,     0.055,        0.06,           0,             0
    392,         1,        23,          0.04,         0,      0.08,      0.0625,      0.06,       0.065,           0,             0
    393,         2,        23,          0.12,      0.08,      0.16,      0.0625,      0.06,       0.065,           0,             0
    394,         3,        23,           0.2,      0.16,      0.24,      0.0625,      0.06,       0.065,           0,             0
    395,         4,        23,          0.28,      0.24,      0.32,      0.0625,      0.06,       0.065,     37.9085,       7.18358
    396,         5,        23,          0.36,      0.32,       0.4,      0.0625,      0.06,       0.065,     25.2359,       2.81216
    397,         6,        23,          0.44,       0.4,      0.48,      0.0625,      0.06,       0.065,     6.55234,      0.838669
    398,         7,        23,          0.52,      0.48,      0.56,      0.0625,      0.06,       0.065,     4.28104,      0.640398
    399,         8,        23,           0.6,      0.56,      0.64,      0.0625,      0.06,       0.065,     1.96422,      0.341701
    400,         9,        23,          0.68,      0.64,      0.72,      0.0625,      0.06,       0.065,     1.35437,      0.223424
    401,        10,        23,          0.76,      0.72,       0.8,      0.0625,      0.06,       0.065,    0.559803,      0.117066
    402,        11,        23,          0.84,       0.8,      0.88,      0.0625,      0.06,       0.065,   0.0555533,     0.0232844
    403,        12,        23,          0.92,      0.88,      0.96,      0.0625,      0.06,       0.065,  0.00426251,    0.00303444
    404,        13,        23,             1,      0.96,      1.04,      0.0625,      0.06,       0.065,           0,             0
    405,        14,        23,          1.08,      1.04,      1.12,      0.0625,      0.06,       0.065,           0,             0
    406,        15,        23,          1.16,      1.12,       1.2,      0.0625,      0.06,       0.065,           0,             0
    409,         1,        24,          0.04,         0,      0.08,      0.0675,     0.065,        0.07,           0,             0
    410,         2,        24,          0.12,      0.08,      0.16,      0.0675,     0.065,        0.07,           0,             0
    411,         3,        24,           0.2,      0.16,      0.24,      0.0675,     0.065,        0.07,     4.37419,       4.37419
    412,         4,        24,          0.28,      0.24,      0.32,      0.0675,     0.065,        0.07,     40.0588,       9.92882
    413,         5,        24,          0.36,      0.32,       0.4,      0.0675,     0.065,        0.07,     24.2096,       3.06243
    414,         6,        24,          0.44,       0.4,      0.48,      0.0675,     0.065,        0.07,     7.61336,      0.939833
    415,         7,        24,          0.52,      0.48,      0.56,      0.0675,     0.065,        0.07,     4.69402,      0.671354
    416,         8,        24,           0.6,      0.56,      0.64,      0.0675,     0.065,        0.07,     1.60107,      0.298909
    417,         9,        24,          0.68,      0.64,      0.72,      0.0675,     0.065,        0.07,     1.10964,      0.189959
    418,        10,        24,          0.76,      0.72,       0.8,      0.0675,     0.065,        0.07,    0.427774,     0.0959967
    419,        11,        24,          0.84,       0.8,      0.88,      0.0675,     0.065,        0.07,   0.0465359,     0.0229237
    420,        12,        24,          0.92,      0.88,      0.96,      0.0675,     0.065,        0.07,  0.00210079,    0.00210079
    421,        13,        24,             1,      0.96,      1.04,      0.0675,     0.065,        0.07,           0,             0
    422,        14,        24,          1.08,      1.04,      1.12,      0.0675,     0.065,        0.07,           0,             0
    423,        15,        24,          1.16,      1.12,       1.2,      0.0675,     0.065,        0.07,           0,             0
    426,         1,        25,          0.04,         0,      0.08,      0.0725,      0.07,       0.075,           0,             0
    427,         2,        25,          0.12,      0.08,      0.16,      0.0725,      0.07,       0.075,           0,             0
    428,         3,        25,           0.2,      0.16,      0.24,      0.0725,      0.07,       0.075,           0,             0
    429,         4,        25,          0.28,      0.24,      0.32,      0.0725,      0.07,       0.075,     40.2574,       7.62493
    430,         5,        25,          0.36,      0.32,       0.4,      0.0725,      0.07,       0.075,     25.6015,       3.05879
    431,         6,        25,          0.44,       0.4,      0.48,      0.0725,      0.07,       0.075,     5.59786,      0.744615
    432,         7,        25,          0.52,      0.48,      0.56,      0.0725,      0.07,       0.075,     2.86832,      0.499522
    433,         8,        25,           0.6,      0.56,      0.64,      0.0725,      0.07,       0.075,     1.77577,      0.321161
    434,         9,        25,          0.68,      0.64,      0.72,      0.0725,      0.07,       0.075,     1.37451,      0.250075
    435,        10,        25,          0.76,      0.72,       0.8,      0.0725,      0.07,       0.075,    0.461983,       0.10169
    436,        11,        25,          0.84,       0.8,      0.88,      0.0725,      0.07,       0.075,   0.0600289,     0.0204147
    437,        12,        25,          0.92,      0.88,      0.96,      0.0725,      0.07,       0.075,  0.00588172,    0.00420716
    438,        13,        25,             1,      0.96,      1.04,      0.0725,      0.07,       0.075,           0,             0
    439,        14,        25,          1.08,      1.04,      1.12,      0.0725,      0.07,       0.075,           0,             0
    440,        15,        25,          1.16,      1.12,       1.2,      0.0725,      0.07,       0.075,           0,             0
    443,         1,        26,          0.04,         0,      0.08,      0.0775,     0.075,        0.08,           0,             0
    444,         2,        26,          0.12,      0.08,      0.16,      0.0775,     0.075,        0.08,           0,             0
    445,         3,        26,           0.2,      0.16,      0.24,      0.0775,     0.075,        0.08,           0,             0
    446,         4,        26,          0.28,      0.24,      0.32,      0.0775,     0.075,        0.08,     31.7964,       7.26696
    447,         5,        26,          0.36,      0.32,       0.4,      0.0775,     0.075,        0.08,     19.3283,       2.84118
    448,         6,        26,          0.44,       0.4,      0.48,      0.0775,     0.075,        0.08,     6.12746,      0.802565
    449,         7,        26,          0.52,      0.48,      0.56,      0.0775,     0.075,        0.08,     3.08686,      0.509155
    450,         8,        26,           0.6,      0.56,      0.64,      0.0775,     0.075,        0.08,     1.65135,      0.330304
    451,         9,        26,          0.68,      0.64,      0.72,      0.0775,     0.075,        0.08,     1.18114,       0.22582
    452,        10,        26,          0.76,      0.72,       0.8,      0.0775,     0.075,        0.08,    0.432624,     0.0962499
    453,        11,        26,          0.84,       0.8,      0.88,      0.0775,     0.075,        0.08,   0.0456578,     0.0159775
    454,        12,        26,          0.92,      0.88,      0.96,      0.0775,     0.075,        0.08,  0.00550677,    0.00404518
    455,        13,        26,             1,      0.96,      1.04,      0.0775,     0.075,        0.08,           0,             0
    456,        14,        26,          1.08,      1.04,      1.12,      0.0775,     0.075,        0.08,           0,             0
    457,        15,        26,          1.16,      1.12,       1.2,      0.0775,     0.075,        0.08,           0,             0
    460,         1,        27,          0.04,         0,      0.08,      0.0825,      0.08,       0.085,           0,             0
    461,         2,        27,          0.12,      0.08,      0.16,      0.0825,      0.08,       0.085,           0,             0
    462,         3,        27,           0.2,      0.16,      0.24,      0.0825,      0.08,       0.085,           0,             0
    463,         4,        27,          0.28,      0.24,      0.32,      0.0825,      0.08,       0.085,     26.4803,       10.0627
    464,         5,        27,          0.36,      0.32,       0.4,      0.0825,      0.08,       0.085,      22.677,       3.41816
    465,         6,        27,          0.44,       0.4,      0.48,      0.0825,      0.08,       0.085,     8.76311,       1.16184
    466,         7,        27,          0.52,      0.48,      0.56,      0.0825,      0.08,       0.085,     2.96842,      0.536139
    467,         8,        27,           0.6,      0.56,      0.64,      0.0825,      0.08,       0.085,     1.84622,      0.358917
    468,         9,        27,          0.68,      0.64,      0.72,      0.0825,      0.08,       0.085,    0.978478,      0.197328
    469,        10,        27,          0.76,      0.72,       0.8,      0.0825,      0.08,       0.085,    0.399903,     0.0927354
    470,        11,        27,          0.84,       0.8,      0.88,      0.0825,      0.08,       0.085,    0.079042,     0.0312814
    471,        12,        27,          0.92,      0.88,      0.96,      0.0825,      0.08,       0.085,  0.00581951,    0.00417867
    472,        13,        27,             1,      0.96,      1.04,      0.0825,      0.08,       0.085,           0,             0
    473,        14,        27,          1.08,      1.04,      1.12,      0.0825,      0.08,       0.085,           0,             0
    474,        15,        27,          1.16,      1.12,       1.2,      0.0825,      0.08,       0.085,           0,             0
    477,         1,        28,          0.04,         0,      0.08,      0.0875,     0.085,        0.09,           0,             0
    478,         2,        28,          0.12,      0.08,      0.16,      0.0875,     0.085,        0.09,           0,             0
    479,         3,        28,           0.2,      0.16,      0.24,      0.0875,     0.085,        0.09,           0,             0
    480,         4,        28,          0.28,      0.24,      0.32,      0.0875,     0.085,        0.09,     25.2793,       9.33152
    481,         5,        28,          0.36,      0.32,       0.4,      0.0875,     0.085,        0.09,     21.9862,       3.74441
    482,         6,        28,          0.44,       0.4,      0.48,      0.0875,     0.085,        0.09,     6.21269,      0.927118
    483,         7,        28,          0.52,      0.48,      0.56,      0.0875,     0.085,        0.09,     2.54809,      0.469167
    484,         8,        28,           0.6,      0.56,      0.64,      0.0875,     0.085,        0.09,     1.49051,       0.30633
    485,         9,        28,          0.68,      0.64,      0.72,      0.0875,     0.085,        0.09,    0.865855,      0.181319
    486,        10,        28,          0.76,      0.72,       0.8,      0.0875,     0.085,        0.09,     0.57459,      0.115416
    487,        11,        28,          0.84,       0.8,      0.88,      0.0875,     0.085,        0.09,   0.0718835,     0.0246485
    488,        12,        28,          0.92,      0.88,      0.96,      0.0875,     0.085,        0.09,   0.0139843,    0.00919648
    489,        13,        28,             1,      0.96,      1.04,      0.0875,     0.085,        0.09,           0,             0
    490,        14,        28,          1.08,      1.04,      1.12,      0.0875,     0.085,        0.09,           0,             0
    491,        15,        28,          1.16,      1.12,       1.2,      0.0875,     0.085,        0.09,           0,             0
    494,         1,        29,          0.04,         0,      0.08,      0.0925,      0.09,       0.095,           0,             0
    495,         2,        29,          0.12,      0.08,      0.16,      0.0925,      0.09,       0.095,           0,             0
    496,         3,        29,           0.2,      0.16,      0.24,      0.0925,      0.09,       0.095,           0,             0
    497,         4,        29,          0.28,      0.24,      0.32,      0.0925,      0.09,       0.095,     11.0265,       4.36967
    498,         5,        29,          0.36,      0.32,       0.4,      0.0925,      0.09,       0.095,     19.1166,       3.21646
    499,         6,        29,          0.44,       0.4,      0.48,      0.0925,      0.09,       0.095,     9.95769,        1.2662
    500,         7,        29,          0.52,      0.48,      0.56,      0.0925,      0.09,       0.095,     2.89154,      0.528401
    501,         8,        29,           0.6,      0.56,      0.64,      0.0925,      0.09,       0.095,     2.82684,      0.496606
    502,         9,        29,          0.68,      0.64,      0.72,      0.0925,      0.09,       0.095,    0.819096,      0.179844
    503,        10,        29,          0.76,      0.72,       0.8,      0.0925,      0.09,       0.095,    0.395263,     0.0959831
    504,        11,        29,          0.84,       0.8,      0.88,      0.0925,      0.09,       0.095,   0.0637544,      0.021321
    505,        12,        29,          0.92,      0.88,      0.96,      0.0925,      0.09,       0.095,   0.0138773,    0.00855505
    506,        13,        29,             1,      0.96,      1.04,      0.0925,      0.09,       0.095,           0,             0
    507,        14,        29,          1.08,      1.04,      1.12,      0.0925,      0.09,       0.095,           0,             0
    508,        15,        29,          1.16,      1.12,       1.2,      0.0925,      0.09,       0.095,           0,             0
    511,         1,        30,          0.04,         0,      0.08,      0.0975,     0.095,         0.1,           0,             0
    512,         2,        30,          0.12,      0.08,      0.16,      0.0975,     0.095,         0.1,           0,             0
    513,         3,        30,           0.2,      0.16,      0.24,      0.0975,     0.095,         0.1,           0,             0
    514,         4,        30,          0.28,      0.24,      0.32,      0.0975,     0.095,         0.1,     4.00069,       3.54437
    515,         5,        30,          0.36,      0.32,       0.4,      0.0975,     0.095,         0.1,     27.3236,       4.60411
    516,         6,        30,          0.44,       0.4,      0.48,      0.0975,     0.095,         0.1,     7.39991,       1.02998
    517,         7,        30,          0.52,      0.48,      0.56,      0.0975,     0.095,         0.1,     3.95863,      0.666319
    518,         8,        30,           0.6,      0.56,      0.64,      0.0975,     0.095,         0.1,     2.10043,      0.409915
    519,         9,        30,          0.68,      0.64,      0.72,      0.0975,     0.095,         0.1,     1.12279,      0.232729
    520,        10,        30,          0.76,      0.72,       0.8,      0.0975,     0.095,         0.1,     0.37157,     0.0820555
    521,        11,        30,          0.84,       0.8,      0.88,      0.0975,     0.095,         0.1,     0.10554,     0.0336197
    522,        12,        30,          0.92,      0.88,      0.96,      0.0975,     0.095,         0.1,  0.00675937,    0.00508645
    523,        13,        30,             1,      0.96,      1.04,      0.0975,     0.095,         0.1,           0,             0
    524,        14,        30,          1.08,      1.04,      1.12,      0.0975,     0.095,         0.1,           0,             0
    525,        15,        30,          1.16,      1.12,       1.2,      0.0975,     0.095,         0.1,           0,             0
    528,         1,        31,          0.04,         0,      0.08,      0.1025,       0.1,       0.105,           0,             0
    529,         2,        31,          0.12,      0.08,      0.16,      0.1025,       0.1,       0.105,           0,             0
    530,         3,        31,           0.2,      0.16,      0.24,      0.1025,       0.1,       0.105,           0,             0
    531,         4,        31,          0.28,      0.24,      0.32,      0.1025,       0.1,       0.105,     12.4934,       6.66551
    532,         5,        31,          0.36,      0.32,       0.4,      0.1025,       0.1,       0.105,     30.2936,       5.33028
    533,         6,        31,          0.44,       0.4,      0.48,      0.1025,       0.1,       0.105,     8.67262,       1.27347
    534,         7,        31,          0.52,      0.48,      0.56,      0.1025,       0.1,       0.105,     3.02804,      0.546483
    535,         8,        31,           0.6,      0.56,      0.64,      0.1025,       0.1,       0.105,     1.34637,      0.316489
    536,         9,        31,          0.68,      0.64,      0.72,      0.1025,       0.1,       0.105,     1.04193,      0.254044
    537,        10,        31,          0.76,      0.72,       0.8,      0.1025,       0.1,       0.105,    0.297032,     0.0805774
    538,        11,        31,          0.84,       0.8,      0.88,      0.1025,       0.1,       0.105,   0.0914291,     0.0326673
    539,        12,        31,          0.92,      0.88,      0.96,      0.1025,       0.1,       0.105,           0,             0
    540,        13,        31,             1,      0.96,      1.04,      0.1025,       0.1,       0.105,           0,             0
    541,        14,        31,          1.08,      1.04,      1.12,      0.1025,       0.1,       0.105,           0,             0
    542,        15,        31,          1.16,      1.12,       1.2,      0.1025,       0.1,       0.105,           0,             0
    545,         1,        32,          0.04,         0,      0.08,      0.1075,     0.105,        0.11,           0,             0
    546,         2,        32,          0.12,      0.08,      0.16,      0.1075,     0.105,        0.11,           0,             0
    547,         3,        32,           0.2,      0.16,      0.24,      0.1075,     0.105,        0.11,           0,             0
    548,         4,        32,          0.28,      0.24,      0.32,      0.1075,     0.105,        0.11,     17.1692,       7.32005
    549,         5,        32,          0.36,      0.32,       0.4,      0.1075,     0.105,        0.11,     25.6489,       5.36138
    550,         6,        32,          0.44,       0.4,      0.48,      0.1075,     0.105,        0.11,     10.2718,        1.3651
    551,         7,        32,          0.52,      0.48,      0.56,      0.1075,     0.105,        0.11,     2.46869,      0.444336
    552,         8,        32,           0.6,      0.56,      0.64,      0.1075,     0.105,        0.11,     1.87537,      0.401176
    553,         9,        32,          0.68,      0.64,      0.72,      0.1075,     0.105,        0.11,     1.41944,      0.270605
    554,        10,        32,          0.76,      0.72,       0.8,      0.1075,     0.105,        0.11,    0.302653,     0.0830269
    555,        11,        32,          0.84,       0.8,      0.88,      0.1075,     0.105,        0.11,    0.122741,     0.0444819
    556,        12,        32,          0.92,      0.88,      0.96,      0.1075,     0.105,        0.11,   0.0257631,     0.0130896
    557,        13,        32,             1,      0.96,      1.04,      0.1075,     0.105,        0.11,           0,             0
    558,        14,        32,          1.08,      1.04,      1.12,      0.1075,     0.105,        0.11,           0,             0
    559,        15,        32,          1.16,      1.12,       1.2,      0.1075,     0.105,        0.11,           0,             0
    562,         1,        33,          0.04,         0,      0.08,      0.1125,      0.11,       0.115,           0,             0
    563,         2,        33,          0.12,      0.08,      0.16,      0.1125,      0.11,       0.115,           0,             0
    564,         3,        33,           0.2,      0.16,      0.24,      0.1125,      0.11,       0.115,           0,             0
    565,         4,        33,          0.28,      0.24,      0.32,      0.1125,      0.11,       0.115,      8.1366,       5.01073
    566,         5,        33,          0.36,      0.32,       0.4,      0.1125,      0.11,       0.115,      12.444,       2.83568
    567,         6,        33,          0.44,       0.4,      0.48,      0.1125,      0.11,       0.115,     8.47076,       1.28111
    568,         7,        33,          0.52,      0.48,      0.56,      0.1125,      0.11,       0.115,     3.84531,      0.648313
    569,         8,        33,           0.6,      0.56,      0.64,      0.1125,      0.11,       0.115,     1.80335,      0.415677
    570,         9,        33,          0.68,      0.64,      0.72,      0.1125,      0.11,       0.115,     1.07321,      0.245623
    571,        10,        33,          0.76,      0.72,       0.8,      0.1125,      0.11,       0.115,    0.157293,     0.0522332
    572,        11,        33,          0.84,       0.8,      0.88,      0.1125,      0.11,       0.115,   0.0947939,     0.0375484
    573,        12,        33,          0.92,      0.88,      0.96,      0.1125,      0.11,       0.115,  0.00626765,    0.00626765
    574,        13,        33,             1,      0.96,      1.04,      0.1125,      0.11,       0.115,           0,             0
    575,        14,        33,          1.08,      1.04,      1.12,      0.1125,      0.11,       0.115,           0,             0
    576,        15,        33,          1.16,      1.12,       1.2,      0.1125,      0.11,       0.115,           0,             0
    579,         1,        34,          0.04,         0,      0.08,      0.1175,     0.115,        0.12,           0,             0
    580,         2,        34,          0.12,      0.08,      0.16,      0.1175,     0.115,        0.12,           0,             0
    581,         3,        34,           0.2,      0.16,      0.24,      0.1175,     0.115,        0.12,           0,             0
    582,         4,        34,          0.28,      0.24,      0.32,      0.1175,     0.115,        0.12,     20.9199,       11.4134
    583,         5,        34,          0.36,      0.32,       0.4,      0.1175,     0.115,        0.12,     23.3711,       5.69255
    584,         6,        34,          0.44,       0.4,      0.48,      0.1175,     0.115,        0.12,     11.0119,       1.65751
    585,         7,        34,          0.52,      0.48,      0.56,      0.1175,     0.115,        0.12,     3.90784,      0.588562
    586,         8,        34,           0.6,      0.56,      0.64,      0.1175,     0.115,        0.12,     2.12199,      0.407113
    587,         9,        34,          0.68,      0.64,      0.72,      0.1175,     0.115,        0.12,    0.685952,      0.190643
    588,        10,        34,          0.76,      0.72,       0.8,      0.1175,     0.115,        0.12,    0.556961,      0.113239
    589,        11,        34,          0.84,       0.8,      0.88,      0.1175,     0.115,        0.12,   0.0357737,     0.0169309
    590,        12,        34,          0.92,      0.88,      0.96,      0.1175,     0.115,        0.12,  0.00594691,    0.00594691
    591,        13,        34,             1,      0.96,      1.04,      0.1175,     0.115,        0.12,           0,             0
    592,        14,        34,          1.08,      1.04,      1.12,      0.1175,     0.115,        0.12,           0,             0
    593,        15,        34,          1.16,      1.12,       1.2,      0.1175,     0.115,        0.12,           0,             0
    596,         1,        35,          0.04,         0,      0.08,      0.1225,      0.12,       0.125,           0,             0
    597,         2,        35,          0.12,      0.08,      0.16,      0.1225,      0.12,       0.125,           0,             0
    598,         3,        35,           0.2,      0.16,      0.24,      0.1225,      0.12,       0.125,           0,             0
    599,         4,        35,          0.28,      0.24,      0.32,      0.1225,      0.12,       0.125,           0,             0
    600,         5,        35,          0.36,      0.32,       0.4,      0.1225,      0.12,       0.125,     31.1334,       6.91228
    601,         6,        35,          0.44,       0.4,      0.48,      0.1225,      0.12,       0.125,      11.811,       1.81689
    602,         7,        35,          0.52,      0.48,      0.56,      0.1225,      0.12,       0.125,     4.16402,      0.725461
    603,         8,        35,           0.6,      0.56,      0.64,      0.1225,      0.12,       0.125,     2.74298,      0.490445
    604,         9,        35,          0.68,      0.64,      0.72,      0.1225,      0.12,       0.125,    0.970725,      0.226729
    605,        10,        35,          0.76,      0.72,       0.8,      0.1225,      0.12,       0.125,    0.413619,      0.111267
    606,        11,        35,          0.84,       0.8,      0.88,      0.1225,      0.12,       0.125,    0.233217,     0.0668758
    607,        12,        35,          0.92,      0.88,      0.96,      0.1225,      0.12,       0.125,  0.00818127,    0.00676988
    608,        13,        35,             1,      0.96,      1.04,      0.1225,      0.12,       0.125,           0,             0
    609,        14,        35,          1.08,      1.04,      1.12,      0.1225,      0.12,       0.125,           0,             0
    610,        15,        35,          1.16,      1.12,       1.2,      0.1225,      0.12,       0.125,           0,             0
    613,         1,        36,          0.04,         0,      0.08,      0.1275,     0.125,        0.13,           0,             0
    614,         2,        36,          0.12,      0.08,      0.16,      0.1275,     0.125,        0.13,           0,             0
    615,         3,        36,           0.2,      0.16,      0.24,      0.1275,     0.125,        0.13,           0,             0
    616,         4,        36,          0.28,      0.24,      0.32,      0.1275,     0.125,        0.13,           0,             0
    617,         5,        36,          0.36,      0.32,       0.4,      0.1275,     0.125,        0.13,     26.1376,       6.55183
    618,         6,        36,          0.44,       0.4,      0.48,      0.1275,     0.125,        0.13,     9.39977,       1.62804
    619,         7,        36,          0.52,      0.48,      0.56,      0.1275,     0.125,        0.13,     3.21709,      0.666157
    620,         8,        36,           0.6,      0.56,      0.64,      0.1275,     0.125,        0.13,     1.54708,      0.370993
    621,         9,        36,          0.68,      0.64,      0.72,      0.1275,     0.125,        0.13,    0.435001,      0.155201
    622,        10,        36,          0.76,      0.72,       0.8,      0.1275,     0.125,        0.13,    0.548812,      0.139163
    623,        11,        36,          0.84,       0.8,      0.88,      0.1275,     0.125,        0.13,    0.134115,     0.0475021
    624,        12,        36,          0.92,      0.88,      0.96,      0.1275,     0.125,        0.13,   0.0079764,     0.0079764
    625,        13,        36,             1,      0.96,      1.04,      0.1275,     0.125,        0.13,           0,             0
    626,        14,        36,          1.08,      1.04,      1.12,      0.1275,     0.125,        0.13,           0,             0
    627,        15,        36,          1.16,      1.12,       1.2,      0.1275,     0.125,        0.13,           0,             0
    630,         1,        37,          0.04,         0,      0.08,      0.1325,      0.13,       0.135,           0,             0
    631,         2,        37,          0.12,      0.08,      0.16,      0.1325,      0.13,       0.135,           0,             0
    632,         3,        37,           0.2,      0.16,      0.24,      0.1325,      0.13,       0.135,           0,             0
    633,         4,        37,          0.28,      0.24,      0.32,      0.1325,      0.13,       0.135,           0,             0
    634,         5,        37,          0.36,      0.32,       0.4,      0.1325,      0.13,       0.135,     17.5648,       6.29875
    635,         6,        37,          0.44,       0.4,      0.48,      0.1325,      0.13,       0.135,     10.8142,       2.00987
    636,         7,        37,          0.52,      0.48,      0.56,      0.1325,      0.13,       0.135,     4.37305,      0.799311
    637,         8,        37,           0.6,      0.56,      0.64,      0.1325,      0.13,       0.135,      2.0117,      0.406837
    638,         9,        37,          0.68,      0.64,      0.72,      0.1325,      0.13,       0.135,     1.20129,      0.269786
    639,        10,        37,          0.76,      0.72,       0.8,      0.1325,      0.13,       0.135,    0.336303,      0.101705
    640,        11,        37,          0.84,       0.8,      0.88,      0.1325,      0.13,       0.135,    0.144685,     0.0411142
    641,        12,        37,          0.92,      0.88,      0.96,      0.1325,      0.13,       0.135,   0.0181393,     0.0106182
    642,        13,        37,             1,      0.96,      1.04,      0.1325,      0.13,       0.135,           0,             0
    643,        14,        37,          1.08,      1.04,      1.12,      0.1325,      0.13,       0.135,           0,             0
    644,        15,        37,          1.16,      1.12,       1.2,      0.1325,      0.13,       0.135,           0,             0
    647,         1,        38,          0.04,         0,      0.08,      0.1375,     0.135,        0.14,           0,             0
    648,         2,        38,          0.12,      0.08,      0.16,      0.1375,     0.135,        0.14,           0,             0
    649,         3,        38,           0.2,      0.16,      0.24,      0.1375,     0.135,        0.14,           0,             0
    650,         4,        38,          0.28,      0.24,      0.32,      0.1375,     0.135,        0.14,           0,             0
    651,         5,        38,          0.36,      0.32,       0.4,      0.1375,     0.135,        0.14,     21.0545,       8.37259
    652,         6,        38,          0.44,       0.4,      0.48,      0.1375,     0.135,        0.14,     14.7276,       2.48425
    653,         7,        38,          0.52,      0.48,      0.56,      0.1375,     0.135,        0.14,     3.19713,      0.586513
    654,         8,        38,           0.6,      0.56,      0.64,      0.1375,     0.135,        0.14,      1.7702,      0.436873
    655,         9,        38,          0.68,      0.64,      0.72,      0.1375,     0.135,        0.14,     1.09284,      0.265684
    656,        10,        38,          0.76,      0.72,       0.8,      0.1375,     0.135,        0.14,    0.484149,      0.136222
    657,        11,        38,          0.84,       0.8,      0.88,      0.1375,     0.135,        0.14,    0.134261,      0.048306
    658,        12,        38,          0.92,      0.88,      0.96,      0.1375,     0.135,        0.14,  0.00624293,    0.00447748
    659,        13,        38,             1,      0.96,      1.04,      0.1375,     0.135,        0.14,    0.009443,      0.009443
    660,        14,        38,          1.08,      1.04,      1.12,      0.1375,     0.135,        0.14,           0,             0
    661,        15,        38,          1.16,      1.12,       1.2,      0.1375,     0.135,        0.14,           0,             0
    664,         1,        39,          0.04,         0,      0.08,      0.1425,      0.14,       0.145,           0,             0
    665,         2,        39,          0.12,      0.08,      0.16,      0.1425,      0.14,       0.145,           0,             0
    666,         3,        39,           0.2,      0.16,      0.24,      0.1425,      0.14,       0.145,           0,             0
    667,         4,        39,          0.28,      0.24,      0.32,      0.1425,      0.14,       0.145,           0,             0
    668,         5,        39,          0.36,      0.32,       0.4,      0.1425,      0.14,       0.145,     20.3768,       6.60515
    669,         6,        39,          0.44,       0.4,      0.48,      0.1425,      0.14,       0.145,     21.4115,       3.55658
    670,         7,        39,          0.52,      0.48,      0.56,      0.1425,      0.14,       0.145,     2.99436,      0.587184
    671,         8,        39,           0.6,      0.56,      0.64,      0.1425,      0.14,       0.145,     2.62026,      0.527155
    672,         9,        39,          0.68,      0.64,      0.72,      0.1425,      0.14,       0.145,    0.769889,      0.198227
    673,        10,        39,          0.76,      0.72,       0.8,      0.1425,      0.14,       0.145,    0.337389,      0.115497
    674,        11,        39,          0.84,       0.8,      0.88,      0.1425,      0.14,       0.145,    0.199327,     0.0614395
    675,        12,        39,          0.92,      0.88,      0.96,      0.1425,      0.14,       0.145,   0.0489012,     0.0239802
    676,        13,        39,             1,      0.96,      1.04,      0.1425,      0.14,       0.145,           0,             0
    677,        14,        39,          1.08,      1.04,      1.12,      0.1425,      0.14,       0.145,           0,             0
    678,        15,        39,          1.16,      1.12,       1.2,      0.1425,      0.14,       0.145,           0,             0
    681,         1,        40,          0.04,         0,      0.08,      0.1475,     0.145,        0.15,           0,             0
    682,         2,        40,          0.12,      0.08,      0.16,      0.1475,     0.145,        0.15,           0,             0
    683,         3,        40,           0.2,      0.16,      0.24,      0.1475,     0.145,        0.15,           0,             0
    684,         4,        40,          0.28,      0.24,      0.32,      0.1475,     0.145,        0.15,     4.72353,       4.72353
    685,         5,        40,          0.36,      0.32,       0.4,      0.1475,     0.145,        0.15,     20.5351,       5.98967
    686,         6,        40,          0.44,       0.4,      0.48,      0.1475,     0.145,        0.15,     14.1181,       2.48466
    687,         7,        40,          0.52,      0.48,      0.56,      0.1475,     0.145,        0.15,     5.07728,      0.906791
    688,         8,        40,           0.6,      0.56,      0.64,      0.1475,     0.145,        0.15,     1.79657,      0.423425
    689,         9,        40,          0.68,      0.64,      0.72,      0.1475,     0.145,        0.15,      1.3993,      0.314352
    690,        10,        40,          0.76,      0.72,       0.8,      0.1475,     0.145,        0.15,    0.361585,      0.103243
    691,        11,        40,          0.84,       0.8,      0.88,      0.1475,     0.145,        0.15,    0.114218,     0.0377605
    692,        12,        40,          0.92,      0.88,      0.96,      0.1475,     0.145,        0.15,   0.0176157,     0.0101098
    693,        13,        40,             1,      0.96,      1.04,      0.1475,     0.145,        0.15,           0,             0
    694,        14,        40,          1.08,      1.04,      1.12,      0.1475,     0.145,        0.15,           0,             0
    695,        15,        40,          1.16,      1.12,       1.2,      0.1475,     0.145,        0.15,           0,             0
    698,         1,        41,          0.04,         0,      0.08,      0.1525,      0.15,       0.155,           0,             0
    699,         2,        41,          0.12,      0.08,      0.16,      0.1525,      0.15,       0.155,           0,             0
    700,         3,        41,           0.2,      0.16,      0.24,      0.1525,      0.15,       0.155,           0,             0
    701,         4,        41,          0.28,      0.24,      0.32,      0.1525,      0.15,       0.155,           0,             0
    702,         5,        41,          0.36,      0.32,       0.4,      0.1525,      0.15,       0.155,     30.0644,       11.7758
    703,         6,        41,          0.44,       0.4,      0.48,      0.1525,      0.15,       0.155,     18.8455,        3.3941
    704,         7,        41,          0.52,      0.48,      0.56,      0.1525,      0.15,       0.155,     5.72663,      0.997571
    705,         8,        41,           0.6,      0.56,      0.64,      0.1525,      0.15,       0.155,     2.32905,      0.488094
    706,         9,        41,          0.68,      0.64,      0.72,      0.1525,      0.15,       0.155,     1.42998,      0.324619
    707,        10,        41,          0.76,      0.72,       0.8,      0.1525,      0.15,       0.155,    0.458669,      0.127088
    708,        11,        41,          0.84,       0.8,      0.88,      0.1525,      0.15,       0.155,    0.156794,     0.0515531
    709,        12,        41,          0.92,      0.88,      0.96,      0.1525,      0.15,       0.155,   0.0314372,      0.016802
    710,        13,        41,             1,      0.96,      1.04,      0.1525,      0.15,       0.155,   0.0125009,    0.00771666
    711,        14,        41,          1.08,      1.04,      1.12,      0.1525,      0.15,       0.155,           0,             0
    712,        15,        41,          1.16,      1.12,       1.2,      0.1525,      0.15,       0.155,           0,             0
    715,         1,        42,          0.04,         0,      0.08,      0.1575,     0.155,        0.16,           0,             0
    716,         2,        42,          0.12,      0.08,      0.16,      0.1575,     0.155,        0.16,           0,             0
    717,         3,        42,           0.2,      0.16,      0.24,      0.1575,     0.155,        0.16,           0,             0
    718,         4,        42,          0.28,      0.24,      0.32,      0.1575,     0.155,        0.16,           0,             0
    719,         5,        42,          0.36,      0.32,       0.4,      0.1575,     0.155,        0.16,     10.7091,       5.57133
    720,         6,        42,          0.44,       0.4,      0.48,      0.1575,     0.155,        0.16,     20.3422,       4.18567
    721,         7,        42,          0.52,      0.48,      0.56,      0.1575,     0.155,        0.16,     5.58159,      0.902772
    722,         8,        42,           0.6,      0.56,      0.64,      0.1575,     0.155,        0.16,      1.7939,      0.403592
    723,         9,        42,          0.68,      0.64,      0.72,      0.1575,     0.155,        0.16,     1.00829,      0.244446
    724,        10,        42,          0.76,      0.72,       0.8,      0.1575,     0.155,        0.16,    0.433802,      0.139761
    725,        11,        42,          0.84,       0.8,      0.88,      0.1575,     0.155,        0.16,    0.252521,     0.0645085
    726,        12,        42,          0.92,      0.88,      0.96,      0.1575,     0.155,        0.16,   0.0314167,     0.0170994
    727,        13,        42,             1,      0.96,      1.04,      0.1575,     0.155,        0.16,           0,             0
    728,        14,        42,          1.08,      1.04,      1.12,      0.1575,     0.155,        0.16,           0,             0
    729,        15,        42,          1.16,      1.12,       1.2,      0.1575,     0.155,        0.16,           0,             0
    732,         1,        43,          0.04,         0,      0.08,      0.1625,      0.16,       0.165,           0,             0
    733,         2,        43,          0.12,      0.08,      0.16,      0.1625,      0.16,       0.165,           0,             0
    734,         3,        43,           0.2,      0.16,      0.24,      0.1625,      0.16,       0.165,           0,             0
    735,         4,        43,          0.28,      0.24,      0.32,      0.1625,      0.16,       0.165,           0,             0
    736,         5,        43,          0.36,      0.32,       0.4,      0.1625,      0.16,       0.165,       14.62,        7.6737
    737,         6,        43,          0.44,       0.4,      0.48,      0.1625,      0.16,       0.165,     18.1479,       4.32176
    738,         7,        43,          0.52,      0.48,      0.56,      0.1625,      0.16,       0.165,     7.76379,       1.36069
    739,         8,        43,           0.6,      0.56,      0.64,      0.1625,      0.16,       0.165,     2.05949,       0.44781
    740,         9,        43,          0.68,      0.64,      0.72,      0.1625,      0.16,       0.165,     0.87576,      0.229346
    741,        10,        43,          0.76,      0.72,       0.8,      0.1625,      0.16,       0.165,    0.459845,      0.134891
    742,        11,        43,          0.84,       0.8,      0.88,      0.1625,      0.16,       0.165,    0.190426,     0.0644797
    743,        12,        43,          0.92,      0.88,      0.96,      0.1625,      0.16,       0.165,   0.0577216,     0.0234145
    744,        13,        43,             1,      0.96,      1.04,      0.1625,      0.16,       0.165,  0.00197058,    0.00197058
    745,        14,        43,          1.08,      1.04,      1.12,      0.1625,      0.16,       0.165,           0,             0
    746,        15,        43,          1.16,      1.12,       1.2,      0.1625,      0.16,       0.165,           0,             0
    749,         1,        44,          0.04,         0,      0.08,      0.1675,     0.165,        0.17,           0,             0
    750,         2,        44,          0.12,      0.08,      0.16,      0.1675,     0.165,        0.17,           0,             0
    751,         3,        44,           0.2,      0.16,      0.24,      0.1675,     0.165,        0.17,           0,             0
    752,         4,        44,          0.28,      0.24,      0.32,      0.1675,     0.165,        0.17,           0,             0
    753,         5,        44,          0.36,      0.32,       0.4,      0.1675,     0.165,        0.17,     10.0817,       5.74934
    754,         6,        44,          0.44,       0.4,      0.48,      0.1675,     0.165,        0.17,     14.5512,       3.24571
    755,         7,        44,          0.52,      0.48,      0.56,      0.1675,     0.165,        0.17,      6.2029,      0.979979
    756,         8,        44,           0.6,      0.56,      0.64,      0.1675,     0.165,        0.17,     3.49695,       0.62122
    757,         9,        44,          0.68,      0.64,      0.72,      0.1675,     0.165,        0.17,     1.42114,      0.352862
    758,        10,        44,          0.76,      0.72,       0.8,      0.1675,     0.165,        0.17,    0.511898,      0.142721
    759,        11,        44,          0.84,       0.8,      0.88,      0.1675,     0.165,        0.17,    0.181941,     0.0624095
    760,        12,        44,          0.92,      0.88,      0.96,      0.1675,     0.165,        0.17,   0.0492605,     0.0227424
    761,        13,        44,             1,      0.96,      1.04,      0.1675,     0.165,        0.17, 0.000220129,   0.000220129
    762,        14,        44,          1.08,      1.04,      1.12,      0.1675,     0.165,        0.17,           0,             0
    763,        15,        44,          1.16,      1.12,       1.2,      0.1675,     0.165,        0.17,           0,             0
    766,         1,        45,          0.04,         0,      0.08,      0.1725,      0.17,       0.175,           0,             0
    767,         2,        45,          0.12,      0.08,      0.16,      0.1725,      0.17,       0.175,           0,             0
    768,         3,        45,           0.2,      0.16,      0.24,      0.1725,      0.17,       0.175,           0,             0
    769,         4,        45,          0.28,      0.24,      0.32,      0.1725,      0.17,       0.175,           0,             0
    770,         5,        45,          0.36,      0.32,       0.4,      0.1725,      0.17,       0.175,     3.86254,       3.86254
    771,         6,        45,          0.44,       0.4,      0.48,      0.1725,      0.17,       0.175,     14.9907,       4.88984
    772,         7,        45,          0.52,      0.48,      0.56,      0.1725,      0.17,       0.175,     5.63955,       1.10999
    773,         8,        45,           0.6,      0.56,      0.64,      0.1725,      0.17,       0.175,     2.65661,      0.625082
    774,         9,        45,          0.68,      0.64,      0.72,      0.1725,      0.17,       0.175,     1.06988,      0.275778
    775,        10,        45,          0.76,      0.72,       0.8,      0.1725,      0.17,       0.175,    0.677182,        0.1812
    776,        11,        45,          0.84,       0.8,      0.88,      0.1725,      0.17,       0.175,    0.119624,     0.0539316
    777,        12,        45,          0.92,      0.88,      0.96,      0.1725,      0.17,       0.175,    0.045024,     0.0214363
    778,        13,        45,             1,      0.96,      1.04,      0.1725,      0.17,       0.175,           0,             0
    779,        14,        45,          1.08,      1.04,      1.12,      0.1725,      0.17,       0.175,           0,             0
    780,        15,        45,          1.16,      1.12,       1.2,      0.1725,      0.17,       0.175,           0,             0
    783,         1,        46,          0.04,         0,      0.08,      0.1775,     0.175,        0.18,           0,             0
    784,         2,        46,          0.12,      0.08,      0.16,      0.1775,     0.175,        0.18,           0,             0
    785,         3,        46,           0.2,      0.16,      0.24,      0.1775,     0.175,        0.18,           0,             0
    786,         4,        46,          0.28,      0.24,      0.32,      0.1775,     0.175,        0.18,           0,             0
    787,         5,        46,          0.36,      0.32,       0.4,      0.1775,     0.175,        0.18,      3.3432,        3.3432
    788,         6,        46,          0.44,       0.4,      0.48,      0.1775,     0.175,        0.18,     22.8867,       5.65699
    789,         7,        46,          0.52,      0.48,      0.56,      0.1775,     0.175,        0.18,     6.49236,       1.41845
    790,         8,        46,           0.6,      0.56,      0.64,      0.1775,     0.175,        0.18,     3.48143,      0.740738
    791,         9,        46,          0.68,      0.64,      0.72,      0.1775,     0.175,        0.18,     1.55815,      0.403586
    792,        10,        46,          0.76,      0.72,       0.8,      0.1775,     0.175,        0.18,     1.06756,      0.237686
    793,        11,        46,          0.84,       0.8,      0.88,      0.1775,     0.175,        0.18,    0.379658,      0.107335
    794,        12,        46,          0.92,      0.88,      0.96,      0.1775,     0.175,        0.18,    0.114415,     0.0376585
    795,        13,        46,             1,      0.96,      1.04,      0.1775,     0.175,        0.18,  0.00543689,    0.00543689
    796,        14,        46,          1.08,      1.04,      1.12,      0.1775,     0.175,        0.18,           0,             0
    797,        15,        46,          1.16,      1.12,       1.2,      0.1775,     0.175,        0.18,           0,             0
    800,         1,        47,          0.04,         0,      0.08,      0.1825,      0.18,       0.185,           0,             0
    801,         2,        47,          0.12,      0.08,      0.16,      0.1825,      0.18,       0.185,           0,             0
    802,         3,        47,           0.2,      0.16,      0.24,      0.1825,      0.18,       0.185,           0,             0
    803,         4,        47,          0.28,      0.24,      0.32,      0.1825,      0.18,       0.185,           0,             0
    804,         5,        47,          0.36,      0.32,       0.4,      0.1825,      0.18,       0.185,     10.9608,       7.79136
    805,         6,        47,          0.44,       0.4,      0.48,      0.1825,      0.18,       0.185,     13.1279,        4.4329
    806,         7,        47,          0.52,      0.48,      0.56,      0.1825,      0.18,       0.185,     7.42319,       1.39114
    807,         8,        47,           0.6,      0.56,      0.64,      0.1825,      0.18,       0.185,     2.86251,      0.643845
    808,         9,        47,          0.68,      0.64,      0.72,      0.1825,      0.18,       0.185,     1.65577,      0.397896
    809,        10,        47,          0.76,      0.72,       0.8,      0.1825,      0.18,       0.185,    0.763157,      0.214941
    810,        11,        47,          0.84,       0.8,      0.88,      0.1825,      0.18,       0.185,    0.235965,     0.0799429
    811,        12,        47,          0.92,      0.88,      0.96,      0.1825,      0.18,       0.185,   0.0890156,     0.0317336
    812,        13,        47,             1,      0.96,      1.04,      0.1825,      0.18,       0.185,           0,             0
    813,        14,        47,          1.08,      1.04,      1.12,      0.1825,      0.18,       0.185,           0,             0
    814,        15,        47,          1.16,      1.12,       1.2,      0.1825,      0.18,       0.185,           0,             0
    817,         1,        48,          0.04,         0,      0.08,      0.1875,     0.185,        0.19,           0,             0
    818,         2,        48,          0.12,      0.08,      0.16,      0.1875,     0.185,        0.19,           0,             0
    819,         3,        48,           0.2,      0.16,      0.24,      0.1875,     0.185,        0.19,           0,             0
    820,         4,        48,          0.28,      0.24,      0.32,      0.1875,     0.185,        0.19,           0,             0
    821,         5,        48,          0.36,      0.32,       0.4,      0.1875,     0.185,        0.19,           0,             0
    822,         6,        48,          0.44,       0.4,      0.48,      0.1875,     0.185,        0.19,      12.984,       4.53495
    823,         7,        48,          0.52,      0.48,      0.56,      0.1875,     0.185,        0.19,     4.85944,       1.17154
    824,         8,        48,           0.6,      0.56,      0.64,      0.1875,     0.185,        0.19,     2.13481,      0.509862
    825,         9,        48,          0.68,      0.64,      0.72,      0.1875,     0.185,        0.19,    0.713463,       0.20248
    826,        10,        48,          0.76,      0.72,       0.8,      0.1875,     0.185,        0.19,    0.754218,      0.195642
    827,        11,        48,          0.84,       0.8,      0.88,      0.1875,     0.185,        0.19,    0.257861,     0.0892152
    828,        12,        48,          0.92,      0.88,      0.96,      0.1875,     0.185,        0.19,   0.0964736,      0.035333
    829,        13,        48,             1,      0.96,      1.04,      0.1875,     0.185,        0.19,   0.0151871,    0.00826066
    830,        14,        48,          1.08,      1.04,      1.12,      0.1875,     0.185,        0.19,           0,             0
    831,        15,        48,          1.16,      1.12,       1.2,      0.1875,     0.185,        0.19,           0,             0
    834,         1,        49,          0.04,         0,      0.08,      0.1925,      0.19,       0.195,           0,             0
    835,         2,        49,          0.12,      0.08,      0.16,      0.1925,      0.19,       0.195,           0,             0
    836,         3,        49,           0.2,      0.16,      0.24,      0.1925,      0.19,       0.195,           0,             0
    837,         4,        49,          0.28,      0.24,      0.32,      0.1925,      0.19,       0.195,           0,             0
    838,         5,        49,          0.36,      0.32,       0.4,      0.1925,      0.19,       0.195,     4.30982,       4.30982
    839,         6,        49,          0.44,       0.4,      0.48,      0.1925,      0.19,       0.195,     20.0192,       6.06484
    840,         7,        49,          0.52,      0.48,      0.56,      0.1925,      0.19,       0.195,     8.54096,       1.77562
    841,         8,        49,           0.6,      0.56,      0.64,      0.1925,      0.19,       0.195,     3.29249,      0.641618
    842,         9,        49,          0.68,      0.64,      0.72,      0.1925,      0.19,       0.195,     1.87564,       0.40114
    843,        10,        49,          0.76,      0.72,       0.8,      0.1925,      0.19,       0.195,    0.993819,      0.218588
    844,        11,        49,          0.84,       0.8,      0.88,      0.1925,      0.19,       0.195,    0.214288,     0.0802864
    845,        12,        49,          0.92,      0.88,      0.96,      0.1925,      0.19,       0.195,   0.0539444,     0.0253757
    846,        13,        49,             1,      0.96,      1.04,      0.1925,      0.19,       0.195,   0.0222672,     0.0133692
    847,        14,        49,          1.08,      1.04,      1.12,      0.1925,      0.19,       0.195,           0,             0
    848,        15,        49,          1.16,      1.12,       1.2,      0.1925,      0.19,       0.195,           0,             0
    851,         1,        50,          0.04,         0,      0.08,      0.1975,     0.195,         0.2,           0,             0
    852,         2,        50,          0.12,      0.08,      0.16,      0.1975,     0.195,         0.2,           0,             0
    853,         3,        50,           0.2,      0.16,      0.24,      0.1975,     0.195,         0.2,           0,             0
    854,         4,        50,          0.28,      0.24,      0.32,      0.1975,     0.195,         0.2,           0,             0
    855,         5,        50,          0.36,      0.32,       0.4,      0.1975,     0.195,         0.2,           0,             0
    856,         6,        50,          0.44,       0.4,      0.48,      0.1975,     0.195,         0.2,     26.0549,       9.18932
    857,         7,        50,          0.52,      0.48,      0.56,      0.1975,     0.195,         0.2,     7.96954,       1.82799
    858,         8,        50,           0.6,      0.56,      0.64,      0.1975,     0.195,         0.2,     3.68076,      0.796254
    859,         9,        50,          0.68,      0.64,      0.72,      0.1975,     0.195,         0.2,     1.28081,      0.365242
    860,        10,        50,          0.76,      0.72,       0.8,      0.1975,     0.195,         0.2,     1.08061,      0.254847
    861,        11,        50,          0.84,       0.8,      0.88,      0.1975,     0.195,         0.2,    0.434198,       0.11572
    862,        12,        50,          0.92,      0.88,      0.96,      0.1975,     0.195,         0.2,    0.104776,     0.0451015
    863,        13,        50,             1,      0.96,      1.04,      0.1975,     0.195,         0.2,   0.0162425,      0.010313
    864,        14,        50,          1.08,      1.04,      1.12,      0.1975,     0.195,         0.2,           0,             0
    865,        15,        50,          1.16,      1.12,       1.2,      0.1975,     0.195,         0.2,           0,             0
