# 2D Histogram Bin Extraction 
#                   
# histogram parameters:  
# title      : Em_nuc vs. Pm 
# ybins      : 50 
# ylabel     :  
# xbins      : 15 
# xlabel     :  
# ybin_width : 0.005 
# xbin_width : 0.080 
#                   
# header definitions:
# ib:         (x,y)  bin number 
# xb:         x-axis bin number 
# yb:         y-axis bin number 
# x0:         x-axis central bin value 
# xlow:       x-axis low-edge bin value 
# xup:        x-axis up-edge bin value 
# y0:         y-axis central bin value 
# ylow:       y-axis low-edge bin value 
# yup:        y-axis up-edge bin value 
# zcont:      bin content (z-axis) 
# zcont_err:  bin content error (z-axis) 
#                                        
ib,xb,yb,x0,xlow,xup,y0,ylow,yup,zcont,zcont_err
     18,         1,         1,          0.04,         0,      0.08,     -0.0475,     -0.05,      -0.045,           0,             0
     19,         2,         1,          0.12,      0.08,      0.16,     -0.0475,     -0.05,      -0.045,      15.023,       9.03104
     20,         3,         1,           0.2,      0.16,      0.24,     -0.0475,     -0.05,      -0.045,     302.928,       50.5359
     21,         4,         1,          0.28,      0.24,      0.32,     -0.0475,     -0.05,      -0.045,     138.296,       21.4486
     22,         5,         1,          0.36,      0.32,       0.4,     -0.0475,     -0.05,      -0.045,     8.54974,       1.30332
     23,         6,         1,          0.44,       0.4,      0.48,     -0.0475,     -0.05,      -0.045,     1.28284,      0.265236
     24,         7,         1,          0.52,      0.48,      0.56,     -0.0475,     -0.05,      -0.045,    0.171938,     0.0273655
     25,         8,         1,           0.6,      0.56,      0.64,     -0.0475,     -0.05,      -0.045,   0.0067276,    0.00311287
     26,         9,         1,          0.68,      0.64,      0.72,     -0.0475,     -0.05,      -0.045,           0,             0
     27,        10,         1,          0.76,      0.72,       0.8,     -0.0475,     -0.05,      -0.045,           0,             0
     28,        11,         1,          0.84,       0.8,      0.88,     -0.0475,     -0.05,      -0.045,           0,             0
     29,        12,         1,          0.92,      0.88,      0.96,     -0.0475,     -0.05,      -0.045,           0,             0
     30,        13,         1,             1,      0.96,      1.04,     -0.0475,     -0.05,      -0.045,           0,             0
     31,        14,         1,          1.08,      1.04,      1.12,     -0.0475,     -0.05,      -0.045,           0,             0
     32,        15,         1,          1.16,      1.12,       1.2,     -0.0475,     -0.05,      -0.045,           0,             0
     35,         1,         2,          0.04,         0,      0.08,     -0.0425,    -0.045,       -0.04,           0,             0
     36,         2,         2,          0.12,      0.08,      0.16,     -0.0425,    -0.045,       -0.04,     94.9578,       28.5232
     37,         3,         2,           0.2,      0.16,      0.24,     -0.0425,    -0.045,       -0.04,     343.381,       44.1157
     38,         4,         2,          0.28,      0.24,      0.32,     -0.0425,    -0.045,       -0.04,     131.837,       15.6454
     39,         5,         2,          0.36,      0.32,       0.4,     -0.0425,    -0.045,       -0.04,     6.21628,      0.736153
     40,         6,         2,          0.44,       0.4,      0.48,     -0.0425,    -0.045,       -0.04,     1.17077,     0.0749778
     41,         7,         2,          0.52,      0.48,      0.56,     -0.0425,    -0.045,       -0.04,    0.142046,     0.0143612
     42,         8,         2,           0.6,      0.56,      0.64,     -0.0425,    -0.045,       -0.04,  0.00215406,    0.00125164
     43,         9,         2,          0.68,      0.64,      0.72,     -0.0425,    -0.045,       -0.04,           0,             0
     44,        10,         2,          0.76,      0.72,       0.8,     -0.0425,    -0.045,       -0.04,           0,             0
     45,        11,         2,          0.84,       0.8,      0.88,     -0.0425,    -0.045,       -0.04,           0,             0
     46,        12,         2,          0.92,      0.88,      0.96,     -0.0425,    -0.045,       -0.04,           0,             0
     47,        13,         2,             1,      0.96,      1.04,     -0.0425,    -0.045,       -0.04,           0,             0
     48,        14,         2,          1.08,      1.04,      1.12,     -0.0425,    -0.045,       -0.04,           0,             0
     49,        15,         2,          1.16,      1.12,       1.2,     -0.0425,    -0.045,       -0.04,           0,             0
     52,         1,         3,          0.04,         0,      0.08,     -0.0375,     -0.04,      -0.035,           0,             0
     53,         2,         3,          0.12,      0.08,      0.16,     -0.0375,     -0.04,      -0.035,      134.32,       36.0082
     54,         3,         3,           0.2,      0.16,      0.24,     -0.0375,     -0.04,      -0.035,     437.825,       54.0516
     55,         4,         3,          0.28,      0.24,      0.32,     -0.0375,     -0.04,      -0.035,     147.677,       18.3172
     56,         5,         3,          0.36,      0.32,       0.4,     -0.0375,     -0.04,      -0.035,     7.06402,      0.745152
     57,         6,         3,          0.44,       0.4,      0.48,     -0.0375,     -0.04,      -0.035,     1.22217,       0.06468
     58,         7,         3,          0.52,      0.48,      0.56,     -0.0375,     -0.04,      -0.035,    0.182634,     0.0182424
     59,         8,         3,           0.6,      0.56,      0.64,     -0.0375,     -0.04,      -0.035,  0.00606936,    0.00339822
     60,         9,         3,          0.68,      0.64,      0.72,     -0.0375,     -0.04,      -0.035,  5.9412e-05,   4.79538e-05
     61,        10,         3,          0.76,      0.72,       0.8,     -0.0375,     -0.04,      -0.035,           0,             0
     62,        11,         3,          0.84,       0.8,      0.88,     -0.0375,     -0.04,      -0.035,           0,             0
     63,        12,         3,          0.92,      0.88,      0.96,     -0.0375,     -0.04,      -0.035,           0,             0
     64,        13,         3,             1,      0.96,      1.04,     -0.0375,     -0.04,      -0.035,           0,             0
     65,        14,         3,          1.08,      1.04,      1.12,     -0.0375,     -0.04,      -0.035,           0,             0
     66,        15,         3,          1.16,      1.12,       1.2,     -0.0375,     -0.04,      -0.035,           0,             0
     69,         1,         4,          0.04,         0,      0.08,     -0.0325,    -0.035,       -0.03,           0,             0
     70,         2,         4,          0.12,      0.08,      0.16,     -0.0325,    -0.035,       -0.03,     147.606,       41.1845
     71,         3,         4,           0.2,      0.16,      0.24,     -0.0325,    -0.035,       -0.03,     627.604,       73.1979
     72,         4,         4,          0.28,      0.24,      0.32,     -0.0325,    -0.035,       -0.03,     163.062,       18.5811
     73,         5,         4,          0.36,      0.32,       0.4,     -0.0325,    -0.035,       -0.03,     8.58325,       1.20798
     74,         6,         4,          0.44,       0.4,      0.48,     -0.0325,    -0.035,       -0.03,     1.59382,      0.090059
     75,         7,         4,          0.52,      0.48,      0.56,     -0.0325,    -0.035,       -0.03,    0.164088,      0.015673
     76,         8,         4,           0.6,      0.56,      0.64,     -0.0325,    -0.035,       -0.03,  0.00145353,    0.00066868
     77,         9,         4,          0.68,      0.64,      0.72,     -0.0325,    -0.035,       -0.03, 5.33515e-05,   4.09045e-05
     78,        10,         4,          0.76,      0.72,       0.8,     -0.0325,    -0.035,       -0.03,           0,             0
     79,        11,         4,          0.84,       0.8,      0.88,     -0.0325,    -0.035,       -0.03,           0,             0
     80,        12,         4,          0.92,      0.88,      0.96,     -0.0325,    -0.035,       -0.03,           0,             0
     81,        13,         4,             1,      0.96,      1.04,     -0.0325,    -0.035,       -0.03,           0,             0
     82,        14,         4,          1.08,      1.04,      1.12,     -0.0325,    -0.035,       -0.03,           0,             0
     83,        15,         4,          1.16,      1.12,       1.2,     -0.0325,    -0.035,       -0.03,           0,             0
     86,         1,         5,          0.04,         0,      0.08,     -0.0275,     -0.03,      -0.025,     25.2756,        15.882
     87,         2,         5,          0.12,      0.08,      0.16,     -0.0275,     -0.03,      -0.025,     210.902,       40.1167
     88,         3,         5,           0.2,      0.16,      0.24,     -0.0275,     -0.03,      -0.025,     578.739,       63.2887
     89,         4,         5,          0.28,      0.24,      0.32,     -0.0275,     -0.03,      -0.025,     163.952,       19.8018
     90,         5,         5,          0.36,      0.32,       0.4,     -0.0275,     -0.03,      -0.025,     10.2277,       1.38798
     91,         6,         5,          0.44,       0.4,      0.48,     -0.0275,     -0.03,      -0.025,     1.62453,     0.0861327
     92,         7,         5,          0.52,      0.48,      0.56,     -0.0275,     -0.03,      -0.025,    0.207717,     0.0188107
     93,         8,         5,           0.6,      0.56,      0.64,     -0.0275,     -0.03,      -0.025,  0.00160937,    0.00101545
     94,         9,         5,          0.68,      0.64,      0.72,     -0.0275,     -0.03,      -0.025,           0,             0
     95,        10,         5,          0.76,      0.72,       0.8,     -0.0275,     -0.03,      -0.025,           0,             0
     96,        11,         5,          0.84,       0.8,      0.88,     -0.0275,     -0.03,      -0.025,           0,             0
     97,        12,         5,          0.92,      0.88,      0.96,     -0.0275,     -0.03,      -0.025,           0,             0
     98,        13,         5,             1,      0.96,      1.04,     -0.0275,     -0.03,      -0.025,           0,             0
     99,        14,         5,          1.08,      1.04,      1.12,     -0.0275,     -0.03,      -0.025,           0,             0
    100,        15,         5,          1.16,      1.12,       1.2,     -0.0275,     -0.03,      -0.025,           0,             0
    103,         1,         6,          0.04,         0,      0.08,     -0.0225,    -0.025,       -0.02,     55.2845,        20.351
    104,         2,         6,          0.12,      0.08,      0.16,     -0.0225,    -0.025,       -0.02,     524.453,       70.1326
    105,         3,         6,           0.2,      0.16,      0.24,     -0.0225,    -0.025,       -0.02,     592.918,       60.0392
    106,         4,         6,          0.28,      0.24,      0.32,     -0.0225,    -0.025,       -0.02,     162.158,       13.3752
    107,         5,         6,          0.36,      0.32,       0.4,     -0.0225,    -0.025,       -0.02,     13.3917,       3.07099
    108,         6,         6,          0.44,       0.4,      0.48,     -0.0225,    -0.025,       -0.02,     1.54675,     0.0783076
    109,         7,         6,          0.52,      0.48,      0.56,     -0.0225,    -0.025,       -0.02,    0.189357,     0.0186011
    110,         8,         6,           0.6,      0.56,      0.64,     -0.0225,    -0.025,       -0.02,  0.00268411,    0.00182065
    111,         9,         6,          0.68,      0.64,      0.72,     -0.0225,    -0.025,       -0.02, 6.18346e-05,   6.18346e-05
    112,        10,         6,          0.76,      0.72,       0.8,     -0.0225,    -0.025,       -0.02,           0,             0
    113,        11,         6,          0.84,       0.8,      0.88,     -0.0225,    -0.025,       -0.02,           0,             0
    114,        12,         6,          0.92,      0.88,      0.96,     -0.0225,    -0.025,       -0.02,           0,             0
    115,        13,         6,             1,      0.96,      1.04,     -0.0225,    -0.025,       -0.02,           0,             0
    116,        14,         6,          1.08,      1.04,      1.12,     -0.0225,    -0.025,       -0.02,           0,             0
    117,        15,         6,          1.16,      1.12,       1.2,     -0.0225,    -0.025,       -0.02,           0,             0
    120,         1,         7,          0.04,         0,      0.08,     -0.0175,     -0.02,      -0.015,     117.412,       33.7036
    121,         2,         7,          0.12,      0.08,      0.16,     -0.0175,     -0.02,      -0.015,     717.903,       87.1382
    122,         3,         7,           0.2,      0.16,      0.24,     -0.0175,     -0.02,      -0.015,     803.251,       67.3613
    123,         4,         7,          0.28,      0.24,      0.32,     -0.0175,     -0.02,      -0.015,     192.115,       16.3878
    124,         5,         7,          0.36,      0.32,       0.4,     -0.0175,     -0.02,      -0.015,       11.72,       1.66986
    125,         6,         7,          0.44,       0.4,      0.48,     -0.0175,     -0.02,      -0.015,     1.73076,     0.0832485
    126,         7,         7,          0.52,      0.48,      0.56,     -0.0175,     -0.02,      -0.015,    0.201743,     0.0187319
    127,         8,         7,           0.6,      0.56,      0.64,     -0.0175,     -0.02,      -0.015, 0.000513161,     0.0002648
    128,         9,         7,          0.68,      0.64,      0.72,     -0.0175,     -0.02,      -0.015, 6.18651e-05,   4.69092e-05
    129,        10,         7,          0.76,      0.72,       0.8,     -0.0175,     -0.02,      -0.015,           0,             0
    130,        11,         7,          0.84,       0.8,      0.88,     -0.0175,     -0.02,      -0.015,           0,             0
    131,        12,         7,          0.92,      0.88,      0.96,     -0.0175,     -0.02,      -0.015,           0,             0
    132,        13,         7,             1,      0.96,      1.04,     -0.0175,     -0.02,      -0.015,           0,             0
    133,        14,         7,          1.08,      1.04,      1.12,     -0.0175,     -0.02,      -0.015,           0,             0
    134,        15,         7,          1.16,      1.12,       1.2,     -0.0175,     -0.02,      -0.015,           0,             0
    137,         1,         8,          0.04,         0,      0.08,     -0.0125,    -0.015,       -0.01,     121.784,       33.9902
    138,         2,         8,          0.12,      0.08,      0.16,     -0.0125,    -0.015,       -0.01,     863.672,       97.1668
    139,         3,         8,           0.2,      0.16,      0.24,     -0.0125,    -0.015,       -0.01,     871.902,       69.8303
    140,         4,         8,          0.28,      0.24,      0.32,     -0.0125,    -0.015,       -0.01,     222.442,       16.8617
    141,         5,         8,          0.36,      0.32,       0.4,     -0.0125,    -0.015,       -0.01,     10.1488,      0.786847
    142,         6,         8,          0.44,       0.4,      0.48,     -0.0125,    -0.015,       -0.01,     1.97729,      0.143701
    143,         7,         8,          0.52,      0.48,      0.56,     -0.0125,    -0.015,       -0.01,    0.222973,     0.0228987
    144,         8,         8,           0.6,      0.56,      0.64,     -0.0125,    -0.015,       -0.01,  0.00481961,    0.00364956
    145,         9,         8,          0.68,      0.64,      0.72,     -0.0125,    -0.015,       -0.01, 6.39421e-05,   6.39421e-05
    146,        10,         8,          0.76,      0.72,       0.8,     -0.0125,    -0.015,       -0.01,           0,             0
    147,        11,         8,          0.84,       0.8,      0.88,     -0.0125,    -0.015,       -0.01,           0,             0
    148,        12,         8,          0.92,      0.88,      0.96,     -0.0125,    -0.015,       -0.01,           0,             0
    149,        13,         8,             1,      0.96,      1.04,     -0.0125,    -0.015,       -0.01,           0,             0
    150,        14,         8,          1.08,      1.04,      1.12,     -0.0125,    -0.015,       -0.01,           0,             0
    151,        15,         8,          1.16,      1.12,       1.2,     -0.0125,    -0.015,       -0.01,           0,             0
    154,         1,         9,          0.04,         0,      0.08,     -0.0075,     -0.01,      -0.005,     316.231,       57.0812
    155,         2,         9,          0.12,      0.08,      0.16,     -0.0075,     -0.01,      -0.005,     1254.58,       110.595
    156,         3,         9,           0.2,      0.16,      0.24,     -0.0075,     -0.01,      -0.005,     1228.93,        97.417
    157,         4,         9,          0.28,      0.24,      0.32,     -0.0075,     -0.01,      -0.005,      214.26,       17.8699
    158,         5,         9,          0.36,      0.32,       0.4,     -0.0075,     -0.01,      -0.005,     11.0991,       1.42272
    159,         6,         9,          0.44,       0.4,      0.48,     -0.0075,     -0.01,      -0.005,      2.1642,      0.106654
    160,         7,         9,          0.52,      0.48,      0.56,     -0.0075,     -0.01,      -0.005,    0.226324,     0.0217249
    161,         8,         9,           0.6,      0.56,      0.64,     -0.0075,     -0.01,      -0.005, 0.000627585,   0.000410335
    162,         9,         9,          0.68,      0.64,      0.72,     -0.0075,     -0.01,      -0.005, 0.000131598,   8.89658e-05
    163,        10,         9,          0.76,      0.72,       0.8,     -0.0075,     -0.01,      -0.005,           0,             0
    164,        11,         9,          0.84,       0.8,      0.88,     -0.0075,     -0.01,      -0.005,           0,             0
    165,        12,         9,          0.92,      0.88,      0.96,     -0.0075,     -0.01,      -0.005,           0,             0
    166,        13,         9,             1,      0.96,      1.04,     -0.0075,     -0.01,      -0.005,           0,             0
    167,        14,         9,          1.08,      1.04,      1.12,     -0.0075,     -0.01,      -0.005,           0,             0
    168,        15,         9,          1.16,      1.12,       1.2,     -0.0075,     -0.01,      -0.005,           0,             0
    171,         1,        10,          0.04,         0,      0.08,     -0.0025,    -0.005,           0,      483.31,       75.9554
    172,         2,        10,          0.12,      0.08,      0.16,     -0.0025,    -0.005,           0,     1869.75,       145.012
    173,         3,        10,           0.2,      0.16,      0.24,     -0.0025,    -0.005,           0,      1366.2,       94.5479
    174,         4,        10,          0.28,      0.24,      0.32,     -0.0025,    -0.005,           0,     204.083,       18.1227
    175,         5,        10,          0.36,      0.32,       0.4,     -0.0025,    -0.005,           0,     10.1718,      0.635073
    176,         6,        10,          0.44,       0.4,      0.48,     -0.0025,    -0.005,           0,     2.04596,     0.0942146
    177,         7,        10,          0.52,      0.48,      0.56,     -0.0025,    -0.005,           0,    0.247669,     0.0231707
    178,         8,        10,           0.6,      0.56,      0.64,     -0.0025,    -0.005,           0,  0.00143227,    0.00067822
    179,         9,        10,          0.68,      0.64,      0.72,     -0.0025,    -0.005,           0, 1.14682e-05,   1.14682e-05
    180,        10,        10,          0.76,      0.72,       0.8,     -0.0025,    -0.005,           0,           0,             0
    181,        11,        10,          0.84,       0.8,      0.88,     -0.0025,    -0.005,           0,           0,             0
    182,        12,        10,          0.92,      0.88,      0.96,     -0.0025,    -0.005,           0,           0,             0
    183,        13,        10,             1,      0.96,      1.04,     -0.0025,    -0.005,           0,           0,             0
    184,        14,        10,          1.08,      1.04,      1.12,     -0.0025,    -0.005,           0,           0,             0
    185,        15,        10,          1.16,      1.12,       1.2,     -0.0025,    -0.005,           0,           0,             0
    188,         1,        11,          0.04,         0,      0.08,      0.0025,         0,       0.005,     760.777,       93.8633
    189,         2,        11,          0.12,      0.08,      0.16,      0.0025,         0,       0.005,      2596.1,       186.241
    190,         3,        11,           0.2,      0.16,      0.24,      0.0025,         0,       0.005,     1585.38,       105.383
    191,         4,        11,          0.28,      0.24,      0.32,      0.0025,         0,       0.005,     213.073,       19.6499
    192,         5,        11,          0.36,      0.32,       0.4,      0.0025,         0,       0.005,     9.87438,      0.640506
    193,         6,        11,          0.44,       0.4,      0.48,      0.0025,         0,       0.005,     2.17092,      0.104534
    194,         7,        11,          0.52,      0.48,      0.56,      0.0025,         0,       0.005,    0.256076,     0.0244762
    195,         8,        11,           0.6,      0.56,      0.64,      0.0025,         0,       0.005,  0.00348871,    0.00149562
    196,         9,        11,          0.68,      0.64,      0.72,      0.0025,         0,       0.005, 3.04914e-05,   2.32856e-05
    197,        10,        11,          0.76,      0.72,       0.8,      0.0025,         0,       0.005,           0,             0
    198,        11,        11,          0.84,       0.8,      0.88,      0.0025,         0,       0.005,           0,             0
    199,        12,        11,          0.92,      0.88,      0.96,      0.0025,         0,       0.005,           0,             0
    200,        13,        11,             1,      0.96,      1.04,      0.0025,         0,       0.005,           0,             0
    201,        14,        11,          1.08,      1.04,      1.12,      0.0025,         0,       0.005,           0,             0
    202,        15,        11,          1.16,      1.12,       1.2,      0.0025,         0,       0.005,           0,             0
    205,         1,        12,          0.04,         0,      0.08,      0.0075,     0.005,        0.01,     882.061,       95.3833
    206,         2,        12,          0.12,      0.08,      0.16,      0.0075,     0.005,        0.01,     3689.18,       215.246
    207,         3,        12,           0.2,      0.16,      0.24,      0.0075,     0.005,        0.01,     1636.49,       95.5993
    208,         4,        12,          0.28,      0.24,      0.32,      0.0075,     0.005,        0.01,     154.439,       13.9824
    209,         5,        12,          0.36,      0.32,       0.4,      0.0075,     0.005,        0.01,     17.6724,       7.62685
    210,         6,        12,          0.44,       0.4,      0.48,      0.0075,     0.005,        0.01,     2.35152,      0.101469
    211,         7,        12,          0.52,      0.48,      0.56,      0.0075,     0.005,        0.01,    0.246005,     0.0233528
    212,         8,        12,           0.6,      0.56,      0.64,      0.0075,     0.005,        0.01, 0.000341123,    0.00017352
    213,         9,        12,          0.68,      0.64,      0.72,      0.0075,     0.005,        0.01, 7.65756e-05,    4.7307e-05
    214,        10,        12,          0.76,      0.72,       0.8,      0.0075,     0.005,        0.01,           0,             0
    215,        11,        12,          0.84,       0.8,      0.88,      0.0075,     0.005,        0.01,           0,             0
    216,        12,        12,          0.92,      0.88,      0.96,      0.0075,     0.005,        0.01,           0,             0
    217,        13,        12,             1,      0.96,      1.04,      0.0075,     0.005,        0.01,           0,             0
    218,        14,        12,          1.08,      1.04,      1.12,      0.0075,     0.005,        0.01,           0,             0
    219,        15,        12,          1.16,      1.12,       1.2,      0.0075,     0.005,        0.01,           0,             0
    222,         1,        13,          0.04,         0,      0.08,      0.0125,      0.01,       0.015,     1361.24,        127.18
    223,         2,        13,          0.12,      0.08,      0.16,      0.0125,      0.01,       0.015,     4613.25,       249.128
    224,         3,        13,           0.2,      0.16,      0.24,      0.0125,      0.01,       0.015,      1704.8,       101.179
    225,         4,        13,          0.28,      0.24,      0.32,      0.0125,      0.01,       0.015,     154.071,       13.8932
    226,         5,        13,          0.36,      0.32,       0.4,      0.0125,      0.01,       0.015,     13.6863,        1.7561
    227,         6,        13,          0.44,       0.4,      0.48,      0.0125,      0.01,       0.015,     2.43181,      0.109125
    228,         7,        13,          0.52,      0.48,      0.56,      0.0125,      0.01,       0.015,    0.294645,     0.0265163
    229,         8,        13,           0.6,      0.56,      0.64,      0.0125,      0.01,       0.015,  0.00116535,   0.000666243
    230,         9,        13,          0.68,      0.64,      0.72,      0.0125,      0.01,       0.015, 0.000124396,   0.000112543
    231,        10,        13,          0.76,      0.72,       0.8,      0.0125,      0.01,       0.015,           0,             0
    232,        11,        13,          0.84,       0.8,      0.88,      0.0125,      0.01,       0.015,           0,             0
    233,        12,        13,          0.92,      0.88,      0.96,      0.0125,      0.01,       0.015,           0,             0
    234,        13,        13,             1,      0.96,      1.04,      0.0125,      0.01,       0.015,           0,             0
    235,        14,        13,          1.08,      1.04,      1.12,      0.0125,      0.01,       0.015,           0,             0
    236,        15,        13,          1.16,      1.12,       1.2,      0.0125,      0.01,       0.015,           0,             0
    239,         1,        14,          0.04,         0,      0.08,      0.0175,     0.015,        0.02,     1764.65,       148.669
    240,         2,        14,          0.12,      0.08,      0.16,      0.0175,     0.015,        0.02,     4820.08,       260.983
    241,         3,        14,           0.2,      0.16,      0.24,      0.0175,     0.015,        0.02,     1498.71,       97.2378
    242,         4,        14,          0.28,      0.24,      0.32,      0.0175,     0.015,        0.02,     121.507,       12.6142
    243,         5,        14,          0.36,      0.32,       0.4,      0.0175,     0.015,        0.02,     11.4017,      0.590961
    244,         6,        14,          0.44,       0.4,      0.48,      0.0175,     0.015,        0.02,     2.19953,      0.097145
    245,         7,        14,          0.52,      0.48,      0.56,      0.0175,     0.015,        0.02,    0.264167,     0.0240775
    246,         8,        14,           0.6,      0.56,      0.64,      0.0175,     0.015,        0.02,  0.00140297,    0.00096867
    247,         9,        14,          0.68,      0.64,      0.72,      0.0175,     0.015,        0.02, 8.77363e-05,   6.54439e-05
    248,        10,        14,          0.76,      0.72,       0.8,      0.0175,     0.015,        0.02,           0,             0
    249,        11,        14,          0.84,       0.8,      0.88,      0.0175,     0.015,        0.02,           0,             0
    250,        12,        14,          0.92,      0.88,      0.96,      0.0175,     0.015,        0.02,           0,             0
    251,        13,        14,             1,      0.96,      1.04,      0.0175,     0.015,        0.02,           0,             0
    252,        14,        14,          1.08,      1.04,      1.12,      0.0175,     0.015,        0.02,           0,             0
    253,        15,        14,          1.16,      1.12,       1.2,      0.0175,     0.015,        0.02,           0,             0
    256,         1,        15,          0.04,         0,      0.08,      0.0225,      0.02,       0.025,     1762.09,       150.294
    257,         2,        15,          0.12,      0.08,      0.16,      0.0225,      0.02,       0.025,     4201.73,       216.523
    258,         3,        15,           0.2,      0.16,      0.24,      0.0225,      0.02,       0.025,     1249.72,       84.3966
    259,         4,        15,          0.28,      0.24,      0.32,      0.0225,      0.02,       0.025,     97.9434,       8.20175
    260,         5,        15,          0.36,      0.32,       0.4,      0.0225,      0.02,       0.025,     12.6641,        1.6304
    261,         6,        15,          0.44,       0.4,      0.48,      0.0225,      0.02,       0.025,     2.72961,      0.134742
    262,         7,        15,          0.52,      0.48,      0.56,      0.0225,      0.02,       0.025,    0.250887,     0.0225473
    263,         8,        15,           0.6,      0.56,      0.64,      0.0225,      0.02,       0.025, 0.000772731,   0.000310539
    264,         9,        15,          0.68,      0.64,      0.72,      0.0225,      0.02,       0.025,           0,             0
    265,        10,        15,          0.76,      0.72,       0.8,      0.0225,      0.02,       0.025,           0,             0
    266,        11,        15,          0.84,       0.8,      0.88,      0.0225,      0.02,       0.025,           0,             0
    267,        12,        15,          0.92,      0.88,      0.96,      0.0225,      0.02,       0.025,           0,             0
    268,        13,        15,             1,      0.96,      1.04,      0.0225,      0.02,       0.025,           0,             0
    269,        14,        15,          1.08,      1.04,      1.12,      0.0225,      0.02,       0.025,           0,             0
    270,        15,        15,          1.16,      1.12,       1.2,      0.0225,      0.02,       0.025,           0,             0
    273,         1,        16,          0.04,         0,      0.08,      0.0275,     0.025,        0.03,     1787.37,        132.61
    274,         2,        16,          0.12,      0.08,      0.16,      0.0275,     0.025,        0.03,     3654.94,        187.51
    275,         3,        16,           0.2,      0.16,      0.24,      0.0275,     0.025,        0.03,     1069.89,       71.9315
    276,         4,        16,          0.28,      0.24,      0.32,      0.0275,     0.025,        0.03,     96.0869,       9.89039
    277,         5,        16,          0.36,      0.32,       0.4,      0.0275,     0.025,        0.03,     11.1413,       0.59239
    278,         6,        16,          0.44,       0.4,      0.48,      0.0275,     0.025,        0.03,     2.79238,      0.137693
    279,         7,        16,          0.52,      0.48,      0.56,      0.0275,     0.025,        0.03,     0.31972,     0.0277553
    280,         8,        16,           0.6,      0.56,      0.64,      0.0275,     0.025,        0.03,    0.010811,      0.005376
    281,         9,        16,          0.68,      0.64,      0.72,      0.0275,     0.025,        0.03, 0.000173854,   0.000130663
    282,        10,        16,          0.76,      0.72,       0.8,      0.0275,     0.025,        0.03,           0,             0
    283,        11,        16,          0.84,       0.8,      0.88,      0.0275,     0.025,        0.03,           0,             0
    284,        12,        16,          0.92,      0.88,      0.96,      0.0275,     0.025,        0.03,           0,             0
    285,        13,        16,             1,      0.96,      1.04,      0.0275,     0.025,        0.03,           0,             0
    286,        14,        16,          1.08,      1.04,      1.12,      0.0275,     0.025,        0.03,           0,             0
    287,        15,        16,          1.16,      1.12,       1.2,      0.0275,     0.025,        0.03,           0,             0
    290,         1,        17,          0.04,         0,      0.08,      0.0325,      0.03,       0.035,      1505.2,       112.601
    291,         2,        17,          0.12,      0.08,      0.16,      0.0325,      0.03,       0.035,     3009.57,       164.788
    292,         3,        17,           0.2,      0.16,      0.24,      0.0325,      0.03,       0.035,     858.804,       55.3837
    293,         4,        17,          0.28,      0.24,      0.32,      0.0325,      0.03,       0.035,     112.421,       16.1855
    294,         5,        17,          0.36,      0.32,       0.4,      0.0325,      0.03,       0.035,     14.6715,        1.9115
    295,         6,        17,          0.44,       0.4,      0.48,      0.0325,      0.03,       0.035,     2.56954,      0.108961
    296,         7,        17,          0.52,      0.48,      0.56,      0.0325,      0.03,       0.035,    0.291214,     0.0247935
    297,         8,        17,           0.6,      0.56,      0.64,      0.0325,      0.03,       0.035,  0.00227276,   0.000713634
    298,         9,        17,          0.68,      0.64,      0.72,      0.0325,      0.03,       0.035, 4.15279e-05,   2.62964e-05
    299,        10,        17,          0.76,      0.72,       0.8,      0.0325,      0.03,       0.035,           0,             0
    300,        11,        17,          0.84,       0.8,      0.88,      0.0325,      0.03,       0.035,           0,             0
    301,        12,        17,          0.92,      0.88,      0.96,      0.0325,      0.03,       0.035,           0,             0
    302,        13,        17,             1,      0.96,      1.04,      0.0325,      0.03,       0.035,           0,             0
    303,        14,        17,          1.08,      1.04,      1.12,      0.0325,      0.03,       0.035,           0,             0
    304,        15,        17,          1.16,      1.12,       1.2,      0.0325,      0.03,       0.035,           0,             0
    307,         1,        18,          0.04,         0,      0.08,      0.0375,     0.035,        0.04,     1708.11,       118.472
    308,         2,        18,          0.12,      0.08,      0.16,      0.0375,     0.035,        0.04,     2918.08,        154.43
    309,         3,        18,           0.2,      0.16,      0.24,      0.0375,     0.035,        0.04,     801.916,       64.0622
    310,         4,        18,          0.28,      0.24,      0.32,      0.0375,     0.035,        0.04,     77.3158,       9.71275
    311,         5,        18,          0.36,      0.32,       0.4,      0.0375,     0.035,        0.04,     12.1738,        1.0064
    312,         6,        18,          0.44,       0.4,      0.48,      0.0375,     0.035,        0.04,     2.71236,       0.14063
    313,         7,        18,          0.52,      0.48,      0.56,      0.0375,     0.035,        0.04,    0.330001,     0.0286807
    314,         8,        18,           0.6,      0.56,      0.64,      0.0375,     0.035,        0.04,  0.00246925,    0.00156394
    315,         9,        18,          0.68,      0.64,      0.72,      0.0375,     0.035,        0.04, 6.24354e-05,   4.44439e-05
    316,        10,        18,          0.76,      0.72,       0.8,      0.0375,     0.035,        0.04,           0,             0
    317,        11,        18,          0.84,       0.8,      0.88,      0.0375,     0.035,        0.04,           0,             0
    318,        12,        18,          0.92,      0.88,      0.96,      0.0375,     0.035,        0.04,           0,             0
    319,        13,        18,             1,      0.96,      1.04,      0.0375,     0.035,        0.04,           0,             0
    320,        14,        18,          1.08,      1.04,      1.12,      0.0375,     0.035,        0.04,           0,             0
    321,        15,        18,          1.16,      1.12,       1.2,      0.0375,     0.035,        0.04,           0,             0
    324,         1,        19,          0.04,         0,      0.08,      0.0425,      0.04,       0.045,     1117.69,       92.8609
    325,         2,        19,          0.12,      0.08,      0.16,      0.0425,      0.04,       0.045,     2153.11,       108.133
    326,         3,        19,           0.2,      0.16,      0.24,      0.0425,      0.04,       0.045,     653.702,        59.034
    327,         4,        19,          0.28,      0.24,      0.32,      0.0425,      0.04,       0.045,     70.3981,       6.79336
    328,         5,        19,          0.36,      0.32,       0.4,      0.0425,      0.04,       0.045,     13.2409,       1.22515
    329,         6,        19,          0.44,       0.4,      0.48,      0.0425,      0.04,       0.045,     2.83216,      0.118566
    330,         7,        19,          0.52,      0.48,      0.56,      0.0425,      0.04,       0.045,    0.312306,     0.0262932
    331,         8,        19,           0.6,      0.56,      0.64,      0.0425,      0.04,       0.045,  0.00167095,   0.000670624
    332,         9,        19,          0.68,      0.64,      0.72,      0.0425,      0.04,       0.045, 0.000124912,   9.02923e-05
    333,        10,        19,          0.76,      0.72,       0.8,      0.0425,      0.04,       0.045,           0,             0
    334,        11,        19,          0.84,       0.8,      0.88,      0.0425,      0.04,       0.045,           0,             0
    335,        12,        19,          0.92,      0.88,      0.96,      0.0425,      0.04,       0.045,           0,             0
    336,        13,        19,             1,      0.96,      1.04,      0.0425,      0.04,       0.045,           0,             0
    337,        14,        19,          1.08,      1.04,      1.12,      0.0425,      0.04,       0.045,           0,             0
    338,        15,        19,          1.16,      1.12,       1.2,      0.0425,      0.04,       0.045,           0,             0
    341,         1,        20,          0.04,         0,      0.08,      0.0475,     0.045,        0.05,     1028.41,       92.5277
    342,         2,        20,          0.12,      0.08,      0.16,      0.0475,     0.045,        0.05,     1815.95,        103.78
    343,         3,        20,           0.2,      0.16,      0.24,      0.0475,     0.045,        0.05,     539.065,       46.7211
    344,         4,        20,          0.28,      0.24,      0.32,      0.0475,     0.045,        0.05,     73.5697,       7.79799
    345,         5,        20,          0.36,      0.32,       0.4,      0.0475,     0.045,        0.05,     10.5623,      0.582462
    346,         6,        20,          0.44,       0.4,      0.48,      0.0475,     0.045,        0.05,     3.03718,      0.332683
    347,         7,        20,          0.52,      0.48,      0.56,      0.0475,     0.045,        0.05,    0.309451,     0.0262815
    348,         8,        20,           0.6,      0.56,      0.64,      0.0475,     0.045,        0.05,  0.00518399,    0.00300923
    349,         9,        20,          0.68,      0.64,      0.72,      0.0475,     0.045,        0.05, 0.000353208,   0.000205949
    350,        10,        20,          0.76,      0.72,       0.8,      0.0475,     0.045,        0.05,           0,             0
    351,        11,        20,          0.84,       0.8,      0.88,      0.0475,     0.045,        0.05,           0,             0
    352,        12,        20,          0.92,      0.88,      0.96,      0.0475,     0.045,        0.05,           0,             0
    353,        13,        20,             1,      0.96,      1.04,      0.0475,     0.045,        0.05,           0,             0
    354,        14,        20,          1.08,      1.04,      1.12,      0.0475,     0.045,        0.05,           0,             0
    355,        15,        20,          1.16,      1.12,       1.2,      0.0475,     0.045,        0.05,           0,             0
    358,         1,        21,          0.04,         0,      0.08,      0.0525,      0.05,       0.055,     868.013,       83.1145
    359,         2,        21,          0.12,      0.08,      0.16,      0.0525,      0.05,       0.055,     1423.24,       92.8697
    360,         3,        21,           0.2,      0.16,      0.24,      0.0525,      0.05,       0.055,      463.13,       50.2904
    361,         4,        21,          0.28,      0.24,      0.32,      0.0525,      0.05,       0.055,     67.1466,       8.26038
    362,         5,        21,          0.36,      0.32,       0.4,      0.0525,      0.05,       0.055,     11.4907,      0.967294
    363,         6,        21,          0.44,       0.4,      0.48,      0.0525,      0.05,       0.055,     2.92344,      0.115866
    364,         7,        21,          0.52,      0.48,      0.56,      0.0525,      0.05,       0.055,    0.306837,     0.0272805
    365,         8,        21,           0.6,      0.56,      0.64,      0.0525,      0.05,       0.055, 0.000897041,   0.000393815
    366,         9,        21,          0.68,      0.64,      0.72,      0.0525,      0.05,       0.055,           0,             0
    367,        10,        21,          0.76,      0.72,       0.8,      0.0525,      0.05,       0.055,           0,             0
    368,        11,        21,          0.84,       0.8,      0.88,      0.0525,      0.05,       0.055,           0,             0
    369,        12,        21,          0.92,      0.88,      0.96,      0.0525,      0.05,       0.055,           0,             0
    370,        13,        21,             1,      0.96,      1.04,      0.0525,      0.05,       0.055,           0,             0
    371,        14,        21,          1.08,      1.04,      1.12,      0.0525,      0.05,       0.055,           0,             0
    372,        15,        21,          1.16,      1.12,       1.2,      0.0525,      0.05,       0.055,           0,             0
    375,         1,        22,          0.04,         0,      0.08,      0.0575,     0.055,        0.06,     563.785,       65.5825
    376,         2,        22,          0.12,      0.08,      0.16,      0.0575,     0.055,        0.06,     1253.71,       90.5916
    377,         3,        22,           0.2,      0.16,      0.24,      0.0575,     0.055,        0.06,     502.346,       54.7359
    378,         4,        22,          0.28,      0.24,      0.32,      0.0575,     0.055,        0.06,     51.6438,       7.78671
    379,         5,        22,          0.36,      0.32,       0.4,      0.0575,     0.055,        0.06,     16.3667,       4.47611
    380,         6,        22,          0.44,       0.4,      0.48,      0.0575,     0.055,        0.06,     2.97955,      0.229706
    381,         7,        22,          0.52,      0.48,      0.56,      0.0575,     0.055,        0.06,    0.297522,     0.0260482
    382,         8,        22,           0.6,      0.56,      0.64,      0.0575,     0.055,        0.06,  0.00625444,    0.00245244
    383,         9,        22,          0.68,      0.64,      0.72,      0.0575,     0.055,        0.06, 4.90125e-05,   3.63408e-05
    384,        10,        22,          0.76,      0.72,       0.8,      0.0575,     0.055,        0.06,           0,             0
    385,        11,        22,          0.84,       0.8,      0.88,      0.0575,     0.055,        0.06,           0,             0
    386,        12,        22,          0.92,      0.88,      0.96,      0.0575,     0.055,        0.06,           0,             0
    387,        13,        22,             1,      0.96,      1.04,      0.0575,     0.055,        0.06,           0,             0
    388,        14,        22,          1.08,      1.04,      1.12,      0.0575,     0.055,        0.06,           0,             0
    389,        15,        22,          1.16,      1.12,       1.2,      0.0575,     0.055,        0.06,           0,             0
    392,         1,        23,          0.04,         0,      0.08,      0.0625,      0.06,       0.065,     445.143,       53.5455
    393,         2,        23,          0.12,      0.08,      0.16,      0.0625,      0.06,       0.065,     998.746,       69.1604
    394,         3,        23,           0.2,      0.16,      0.24,      0.0625,      0.06,       0.065,      381.36,       37.3954
    395,         4,        23,          0.28,      0.24,      0.32,      0.0625,      0.06,       0.065,     88.3001,       16.1253
    396,         5,        23,          0.36,      0.32,       0.4,      0.0625,      0.06,       0.065,     12.5607,       1.75476
    397,         6,        23,          0.44,       0.4,      0.48,      0.0625,      0.06,       0.065,     2.80716,      0.108111
    398,         7,        23,          0.52,      0.48,      0.56,      0.0625,      0.06,       0.065,    0.364653,     0.0307655
    399,         8,        23,           0.6,      0.56,      0.64,      0.0625,      0.06,       0.065,  0.00291609,     0.0016138
    400,         9,        23,          0.68,      0.64,      0.72,      0.0625,      0.06,       0.065, 8.24824e-05,   8.24824e-05
    401,        10,        23,          0.76,      0.72,       0.8,      0.0625,      0.06,       0.065,           0,             0
    402,        11,        23,          0.84,       0.8,      0.88,      0.0625,      0.06,       0.065,           0,             0
    403,        12,        23,          0.92,      0.88,      0.96,      0.0625,      0.06,       0.065,           0,             0
    404,        13,        23,             1,      0.96,      1.04,      0.0625,      0.06,       0.065,           0,             0
    405,        14,        23,          1.08,      1.04,      1.12,      0.0625,      0.06,       0.065,           0,             0
    406,        15,        23,          1.16,      1.12,       1.2,      0.0625,      0.06,       0.065,           0,             0
    409,         1,        24,          0.04,         0,      0.08,      0.0675,     0.065,        0.07,     302.617,       41.4915
    410,         2,        24,          0.12,      0.08,      0.16,      0.0675,     0.065,        0.07,     875.803,       80.6379
    411,         3,        24,           0.2,      0.16,      0.24,      0.0675,     0.065,        0.07,     406.271,       52.3129
    412,         4,        24,          0.28,      0.24,      0.32,      0.0675,     0.065,        0.07,     83.4866,       16.2357
    413,         5,        24,          0.36,      0.32,       0.4,      0.0675,     0.065,        0.07,       15.58,       2.94481
    414,         6,        24,          0.44,       0.4,      0.48,      0.0675,     0.065,        0.07,     2.89351,      0.128675
    415,         7,        24,          0.52,      0.48,      0.56,      0.0675,     0.065,        0.07,    0.330795,     0.0285576
    416,         8,        24,           0.6,      0.56,      0.64,      0.0675,     0.065,        0.07,  0.00168083,    0.00109383
    417,         9,        24,          0.68,      0.64,      0.72,      0.0675,     0.065,        0.07, 0.000282138,   0.000154267
    418,        10,        24,          0.76,      0.72,       0.8,      0.0675,     0.065,        0.07,           0,             0
    419,        11,        24,          0.84,       0.8,      0.88,      0.0675,     0.065,        0.07,           0,             0
    420,        12,        24,          0.92,      0.88,      0.96,      0.0675,     0.065,        0.07,           0,             0
    421,        13,        24,             1,      0.96,      1.04,      0.0675,     0.065,        0.07,           0,             0
    422,        14,        24,          1.08,      1.04,      1.12,      0.0675,     0.065,        0.07,           0,             0
    423,        15,        24,          1.16,      1.12,       1.2,      0.0675,     0.065,        0.07,           0,             0
    426,         1,        25,          0.04,         0,      0.08,      0.0725,      0.07,       0.075,     256.919,       43.2179
    427,         2,        25,          0.12,      0.08,      0.16,      0.0725,      0.07,       0.075,     816.539,       74.3019
    428,         3,        25,           0.2,      0.16,      0.24,      0.0725,      0.07,       0.075,     381.127,       52.7249
    429,         4,        25,          0.28,      0.24,      0.32,      0.0725,      0.07,       0.075,     66.0576,       8.67358
    430,         5,        25,          0.36,      0.32,       0.4,      0.0725,      0.07,       0.075,     11.6608,      0.850833
    431,         6,        25,          0.44,       0.4,      0.48,      0.0725,      0.07,       0.075,      2.6663,      0.106633
    432,         7,        25,          0.52,      0.48,      0.56,      0.0725,      0.07,       0.075,    0.367883,     0.0315527
    433,         8,        25,           0.6,      0.56,      0.64,      0.0725,      0.07,       0.075,  0.00625434,    0.00374259
    434,         9,        25,          0.68,      0.64,      0.72,      0.0725,      0.07,       0.075,           0,             0
    435,        10,        25,          0.76,      0.72,       0.8,      0.0725,      0.07,       0.075,           0,             0
    436,        11,        25,          0.84,       0.8,      0.88,      0.0725,      0.07,       0.075,           0,             0
    437,        12,        25,          0.92,      0.88,      0.96,      0.0725,      0.07,       0.075,           0,             0
    438,        13,        25,             1,      0.96,      1.04,      0.0725,      0.07,       0.075,           0,             0
    439,        14,        25,          1.08,      1.04,      1.12,      0.0725,      0.07,       0.075,           0,             0
    440,        15,        25,          1.16,      1.12,       1.2,      0.0725,      0.07,       0.075,           0,             0
    443,         1,        26,          0.04,         0,      0.08,      0.0775,     0.075,        0.08,     178.299,       38.6739
    444,         2,        26,          0.12,      0.08,      0.16,      0.0775,     0.075,        0.08,     622.163,       69.3365
    445,         3,        26,           0.2,      0.16,      0.24,      0.0775,     0.075,        0.08,     294.736,       36.4735
    446,         4,        26,          0.28,      0.24,      0.32,      0.0775,     0.075,        0.08,     68.9838,         14.25
    447,         5,        26,          0.36,      0.32,       0.4,      0.0775,     0.075,        0.08,     11.5026,       1.20609
    448,         6,        26,          0.44,       0.4,      0.48,      0.0775,     0.075,        0.08,     2.75201,      0.120568
    449,         7,        26,          0.52,      0.48,      0.56,      0.0775,     0.075,        0.08,    0.331682,     0.0268603
    450,         8,        26,           0.6,      0.56,      0.64,      0.0775,     0.075,        0.08,  0.00248571,   0.000845525
    451,         9,        26,          0.68,      0.64,      0.72,      0.0775,     0.075,        0.08, 4.88942e-05,   4.21304e-05
    452,        10,        26,          0.76,      0.72,       0.8,      0.0775,     0.075,        0.08,           0,             0
    453,        11,        26,          0.84,       0.8,      0.88,      0.0775,     0.075,        0.08,           0,             0
    454,        12,        26,          0.92,      0.88,      0.96,      0.0775,     0.075,        0.08,           0,             0
    455,        13,        26,             1,      0.96,      1.04,      0.0775,     0.075,        0.08,           0,             0
    456,        14,        26,          1.08,      1.04,      1.12,      0.0775,     0.075,        0.08,           0,             0
    457,        15,        26,          1.16,      1.12,       1.2,      0.0775,     0.075,        0.08,           0,             0
    460,         1,        27,          0.04,         0,      0.08,      0.0825,      0.08,       0.085,     135.973,       26.1414
    461,         2,        27,          0.12,      0.08,      0.16,      0.0825,      0.08,       0.085,     628.262,       62.3568
    462,         3,        27,           0.2,      0.16,      0.24,      0.0825,      0.08,       0.085,     302.991,       39.1912
    463,         4,        27,          0.28,      0.24,      0.32,      0.0825,      0.08,       0.085,     52.3531,       7.76872
    464,         5,        27,          0.36,      0.32,       0.4,      0.0825,      0.08,       0.085,     12.5885,       1.81514
    465,         6,        27,          0.44,       0.4,      0.48,      0.0825,      0.08,       0.085,     2.87947,      0.172939
    466,         7,        27,          0.52,      0.48,      0.56,      0.0825,      0.08,       0.085,    0.385314,     0.0294935
    467,         8,        27,           0.6,      0.56,      0.64,      0.0825,      0.08,       0.085,  0.00557991,    0.00204829
    468,         9,        27,          0.68,      0.64,      0.72,      0.0825,      0.08,       0.085, 0.000151936,   8.16102e-05
    469,        10,        27,          0.76,      0.72,       0.8,      0.0825,      0.08,       0.085,           0,             0
    470,        11,        27,          0.84,       0.8,      0.88,      0.0825,      0.08,       0.085,           0,             0
    471,        12,        27,          0.92,      0.88,      0.96,      0.0825,      0.08,       0.085,           0,             0
    472,        13,        27,             1,      0.96,      1.04,      0.0825,      0.08,       0.085,           0,             0
    473,        14,        27,          1.08,      1.04,      1.12,      0.0825,      0.08,       0.085,           0,             0
    474,        15,        27,          1.16,      1.12,       1.2,      0.0825,      0.08,       0.085,           0,             0
    477,         1,        28,          0.04,         0,      0.08,      0.0875,     0.085,        0.09,     54.1614,       11.3918
    478,         2,        28,          0.12,      0.08,      0.16,      0.0875,     0.085,        0.09,     530.611,       63.5633
    479,         3,        28,           0.2,      0.16,      0.24,      0.0875,     0.085,        0.09,     240.183,       30.4151
    480,         4,        28,          0.28,      0.24,      0.32,      0.0875,     0.085,        0.09,      93.143,       21.4174
    481,         5,        28,          0.36,      0.32,       0.4,      0.0875,     0.085,        0.09,     10.4077,      0.724285
    482,         6,        28,          0.44,       0.4,      0.48,      0.0875,     0.085,        0.09,     2.79691,      0.104251
    483,         7,        28,          0.52,      0.48,      0.56,      0.0875,     0.085,        0.09,    0.401048,     0.0313399
    484,         8,        28,           0.6,      0.56,      0.64,      0.0875,     0.085,        0.09,  0.00368883,    0.00154092
    485,         9,        28,          0.68,      0.64,      0.72,      0.0875,     0.085,        0.09, 4.31287e-05,   4.31287e-05
    486,        10,        28,          0.76,      0.72,       0.8,      0.0875,     0.085,        0.09,           0,             0
    487,        11,        28,          0.84,       0.8,      0.88,      0.0875,     0.085,        0.09,           0,             0
    488,        12,        28,          0.92,      0.88,      0.96,      0.0875,     0.085,        0.09,           0,             0
    489,        13,        28,             1,      0.96,      1.04,      0.0875,     0.085,        0.09,           0,             0
    490,        14,        28,          1.08,      1.04,      1.12,      0.0875,     0.085,        0.09,           0,             0
    491,        15,        28,          1.16,      1.12,       1.2,      0.0875,     0.085,        0.09,           0,             0
    494,         1,        29,          0.04,         0,      0.08,      0.0925,      0.09,       0.095,     47.4636,       13.4062
    495,         2,        29,          0.12,      0.08,      0.16,      0.0925,      0.09,       0.095,     508.461,       69.7016
    496,         3,        29,           0.2,      0.16,      0.24,      0.0925,      0.09,       0.095,     263.045,       37.2049
    497,         4,        29,          0.28,      0.24,      0.32,      0.0925,      0.09,       0.095,     63.3276,       10.2853
    498,         5,        29,          0.36,      0.32,       0.4,      0.0925,      0.09,       0.095,     14.7819,       3.34635
    499,         6,        29,          0.44,       0.4,      0.48,      0.0925,      0.09,       0.095,     2.73629,      0.107779
    500,         7,        29,          0.52,      0.48,      0.56,      0.0925,      0.09,       0.095,    0.380971,     0.0297268
    501,         8,        29,           0.6,      0.56,      0.64,      0.0925,      0.09,       0.095,  0.00821006,    0.00499712
    502,         9,        29,          0.68,      0.64,      0.72,      0.0925,      0.09,       0.095, 5.19286e-05,   3.94451e-05
    503,        10,        29,          0.76,      0.72,       0.8,      0.0925,      0.09,       0.095,           0,             0
    504,        11,        29,          0.84,       0.8,      0.88,      0.0925,      0.09,       0.095,           0,             0
    505,        12,        29,          0.92,      0.88,      0.96,      0.0925,      0.09,       0.095,           0,             0
    506,        13,        29,             1,      0.96,      1.04,      0.0925,      0.09,       0.095,           0,             0
    507,        14,        29,          1.08,      1.04,      1.12,      0.0925,      0.09,       0.095,           0,             0
    508,        15,        29,          1.16,      1.12,       1.2,      0.0925,      0.09,       0.095,           0,             0
    511,         1,        30,          0.04,         0,      0.08,      0.0975,     0.095,         0.1,     23.4904,       10.9907
    512,         2,        30,          0.12,      0.08,      0.16,      0.0975,     0.095,         0.1,     452.803,       65.3564
    513,         3,        30,           0.2,      0.16,      0.24,      0.0975,     0.095,         0.1,     357.008,       55.4413
    514,         4,        30,          0.28,      0.24,      0.32,      0.0975,     0.095,         0.1,     59.7294,        9.1089
    515,         5,        30,          0.36,      0.32,       0.4,      0.0975,     0.095,         0.1,     10.3342,      0.803385
    516,         6,        30,          0.44,       0.4,      0.48,      0.0975,     0.095,         0.1,     2.90373,      0.123012
    517,         7,        30,          0.52,      0.48,      0.56,      0.0975,     0.095,         0.1,    0.406968,     0.0353624
    518,         8,        30,           0.6,      0.56,      0.64,      0.0975,     0.095,         0.1,   0.0084469,    0.00466949
    519,         9,        30,          0.68,      0.64,      0.72,      0.0975,     0.095,         0.1, 0.000123781,   0.000114639
    520,        10,        30,          0.76,      0.72,       0.8,      0.0975,     0.095,         0.1,           0,             0
    521,        11,        30,          0.84,       0.8,      0.88,      0.0975,     0.095,         0.1,           0,             0
    522,        12,        30,          0.92,      0.88,      0.96,      0.0975,     0.095,         0.1,           0,             0
    523,        13,        30,             1,      0.96,      1.04,      0.0975,     0.095,         0.1,           0,             0
    524,        14,        30,          1.08,      1.04,      1.12,      0.0975,     0.095,         0.1,           0,             0
    525,        15,        30,          1.16,      1.12,       1.2,      0.0975,     0.095,         0.1,           0,             0
    528,         1,        31,          0.04,         0,      0.08,      0.1025,       0.1,       0.105,     38.4036,       14.9207
    529,         2,        31,          0.12,      0.08,      0.16,      0.1025,       0.1,       0.105,     288.647,       37.7705
    530,         3,        31,           0.2,      0.16,      0.24,      0.1025,       0.1,       0.105,     244.157,       37.9298
    531,         4,        31,          0.28,      0.24,      0.32,      0.1025,       0.1,       0.105,     82.2603,       10.8796
    532,         5,        31,          0.36,      0.32,       0.4,      0.1025,       0.1,       0.105,     13.6742,       1.91224
    533,         6,        31,          0.44,       0.4,      0.48,      0.1025,       0.1,       0.105,     2.68778,      0.107226
    534,         7,        31,          0.52,      0.48,      0.56,      0.1025,       0.1,       0.105,    0.386713,     0.0311404
    535,         8,        31,           0.6,      0.56,      0.64,      0.1025,       0.1,       0.105,  0.00727805,    0.00372609
    536,         9,        31,          0.68,      0.64,      0.72,      0.1025,       0.1,       0.105, 3.60304e-05,   2.24425e-05
    537,        10,        31,          0.76,      0.72,       0.8,      0.1025,       0.1,       0.105,           0,             0
    538,        11,        31,          0.84,       0.8,      0.88,      0.1025,       0.1,       0.105,           0,             0
    539,        12,        31,          0.92,      0.88,      0.96,      0.1025,       0.1,       0.105,           0,             0
    540,        13,        31,             1,      0.96,      1.04,      0.1025,       0.1,       0.105,           0,             0
    541,        14,        31,          1.08,      1.04,      1.12,      0.1025,       0.1,       0.105,           0,             0
    542,        15,        31,          1.16,      1.12,       1.2,      0.1025,       0.1,       0.105,           0,             0
    545,         1,        32,          0.04,         0,      0.08,      0.1075,     0.105,        0.11,     8.19659,       2.94841
    546,         2,        32,          0.12,      0.08,      0.16,      0.1075,     0.105,        0.11,     330.847,       59.0038
    547,         3,        32,           0.2,      0.16,      0.24,      0.1075,     0.105,        0.11,     257.669,       39.1526
    548,         4,        32,          0.28,      0.24,      0.32,      0.1075,     0.105,        0.11,     63.1363,       9.42004
    549,         5,        32,          0.36,      0.32,       0.4,      0.1075,     0.105,        0.11,     12.0288,       1.29619
    550,         6,        32,          0.44,       0.4,      0.48,      0.1075,     0.105,        0.11,     3.16505,      0.400358
    551,         7,        32,          0.52,      0.48,      0.56,      0.1075,     0.105,        0.11,    0.369286,     0.0277189
    552,         8,        32,           0.6,      0.56,      0.64,      0.1075,     0.105,        0.11,  0.00351743,    0.00110352
    553,         9,        32,          0.68,      0.64,      0.72,      0.1075,     0.105,        0.11, 2.63196e-05,   2.63196e-05
    554,        10,        32,          0.76,      0.72,       0.8,      0.1075,     0.105,        0.11,           0,             0
    555,        11,        32,          0.84,       0.8,      0.88,      0.1075,     0.105,        0.11,           0,             0
    556,        12,        32,          0.92,      0.88,      0.96,      0.1075,     0.105,        0.11,           0,             0
    557,        13,        32,             1,      0.96,      1.04,      0.1075,     0.105,        0.11,           0,             0
    558,        14,        32,          1.08,      1.04,      1.12,      0.1075,     0.105,        0.11,           0,             0
    559,        15,        32,          1.16,      1.12,       1.2,      0.1075,     0.105,        0.11,           0,             0
    562,         1,        33,          0.04,         0,      0.08,      0.1125,      0.11,       0.115,     22.2107,       15.0216
    563,         2,        33,          0.12,      0.08,      0.16,      0.1125,      0.11,       0.115,      240.26,       46.0702
    564,         3,        33,           0.2,      0.16,      0.24,      0.1125,      0.11,       0.115,     294.424,       52.6013
    565,         4,        33,          0.28,      0.24,      0.32,      0.1125,      0.11,       0.115,     74.4561,       10.1964
    566,         5,        33,          0.36,      0.32,       0.4,      0.1125,      0.11,       0.115,      11.337,       1.13623
    567,         6,        33,          0.44,       0.4,      0.48,      0.1125,      0.11,       0.115,     2.92013,      0.148359
    568,         7,        33,          0.52,      0.48,      0.56,      0.1125,      0.11,       0.115,    0.408458,     0.0333501
    569,         8,        33,           0.6,      0.56,      0.64,      0.1125,      0.11,       0.115,  0.00418704,    0.00109939
    570,         9,        33,          0.68,      0.64,      0.72,      0.1125,      0.11,       0.115, 2.39422e-05,   1.73281e-05
    571,        10,        33,          0.76,      0.72,       0.8,      0.1125,      0.11,       0.115,           0,             0
    572,        11,        33,          0.84,       0.8,      0.88,      0.1125,      0.11,       0.115,           0,             0
    573,        12,        33,          0.92,      0.88,      0.96,      0.1125,      0.11,       0.115,           0,             0
    574,        13,        33,             1,      0.96,      1.04,      0.1125,      0.11,       0.115,           0,             0
    575,        14,        33,          1.08,      1.04,      1.12,      0.1125,      0.11,       0.115,           0,             0
    576,        15,        33,          1.16,      1.12,       1.2,      0.1125,      0.11,       0.115,           0,             0
    579,         1,        34,          0.04,         0,      0.08,      0.1175,     0.115,        0.12,      13.917,       9.70519
    580,         2,        34,          0.12,      0.08,      0.16,      0.1175,     0.115,        0.12,     178.034,       30.0172
    581,         3,        34,           0.2,      0.16,      0.24,      0.1175,     0.115,        0.12,      294.37,         50.94
    582,         4,        34,          0.28,      0.24,      0.32,      0.1175,     0.115,        0.12,     113.343,       19.9617
    583,         5,        34,          0.36,      0.32,       0.4,      0.1175,     0.115,        0.12,     16.6814,       4.20467
    584,         6,        34,          0.44,       0.4,      0.48,      0.1175,     0.115,        0.12,     4.82341,       1.14055
    585,         7,        34,          0.52,      0.48,      0.56,      0.1175,     0.115,        0.12,    0.358724,     0.0249423
    586,         8,        34,           0.6,      0.56,      0.64,      0.1175,     0.115,        0.12,   0.0055244,    0.00417698
    587,         9,        34,          0.68,      0.64,      0.72,      0.1175,     0.115,        0.12,           0,             0
    588,        10,        34,          0.76,      0.72,       0.8,      0.1175,     0.115,        0.12,           0,             0
    589,        11,        34,          0.84,       0.8,      0.88,      0.1175,     0.115,        0.12,           0,             0
    590,        12,        34,          0.92,      0.88,      0.96,      0.1175,     0.115,        0.12,           0,             0
    591,        13,        34,             1,      0.96,      1.04,      0.1175,     0.115,        0.12,           0,             0
    592,        14,        34,          1.08,      1.04,      1.12,      0.1175,     0.115,        0.12,           0,             0
    593,        15,        34,          1.16,      1.12,       1.2,      0.1175,     0.115,        0.12,           0,             0
    596,         1,        35,          0.04,         0,      0.08,      0.1225,      0.12,       0.125,    0.834644,      0.480784
    597,         2,        35,          0.12,      0.08,      0.16,      0.1225,      0.12,       0.125,      207.31,       39.5777
    598,         3,        35,           0.2,      0.16,      0.24,      0.1225,      0.12,       0.125,     362.777,       76.9861
    599,         4,        35,          0.28,      0.24,      0.32,      0.1225,      0.12,       0.125,     96.8549,       24.2543
    600,         5,        35,          0.36,      0.32,       0.4,      0.1225,      0.12,       0.125,     14.0654,       2.45401
    601,         6,        35,          0.44,       0.4,      0.48,      0.1225,      0.12,       0.125,     3.92381,      0.846073
    602,         7,        35,          0.52,      0.48,      0.56,      0.1225,      0.12,       0.125,    0.383896,     0.0292126
    603,         8,        35,           0.6,      0.56,      0.64,      0.1225,      0.12,       0.125,   0.0043557,    0.00190493
    604,         9,        35,          0.68,      0.64,      0.72,      0.1225,      0.12,       0.125, 0.000107945,   6.04739e-05
    605,        10,        35,          0.76,      0.72,       0.8,      0.1225,      0.12,       0.125,           0,             0
    606,        11,        35,          0.84,       0.8,      0.88,      0.1225,      0.12,       0.125,           0,             0
    607,        12,        35,          0.92,      0.88,      0.96,      0.1225,      0.12,       0.125,           0,             0
    608,        13,        35,             1,      0.96,      1.04,      0.1225,      0.12,       0.125,           0,             0
    609,        14,        35,          1.08,      1.04,      1.12,      0.1225,      0.12,       0.125,           0,             0
    610,        15,        35,          1.16,      1.12,       1.2,      0.1225,      0.12,       0.125,           0,             0
    613,         1,        36,          0.04,         0,      0.08,      0.1275,     0.125,        0.13,     0.88972,      0.678151
    614,         2,        36,          0.12,      0.08,      0.16,      0.1275,     0.125,        0.13,     92.0336,       20.6996
    615,         3,        36,           0.2,      0.16,      0.24,      0.1275,     0.125,        0.13,     224.032,       40.6412
    616,         4,        36,          0.28,      0.24,      0.32,      0.1275,     0.125,        0.13,     121.581,        25.487
    617,         5,        36,          0.36,      0.32,       0.4,      0.1275,     0.125,        0.13,     10.5963,       1.62498
    618,         6,        36,          0.44,       0.4,      0.48,      0.1275,     0.125,        0.13,     2.82301,       0.13917
    619,         7,        36,          0.52,      0.48,      0.56,      0.1275,     0.125,        0.13,    0.359657,     0.0283999
    620,         8,        36,           0.6,      0.56,      0.64,      0.1275,     0.125,        0.13,   0.0120269,     0.0060305
    621,         9,        36,          0.68,      0.64,      0.72,      0.1275,     0.125,        0.13, 0.000122888,   7.23222e-05
    622,        10,        36,          0.76,      0.72,       0.8,      0.1275,     0.125,        0.13,           0,             0
    623,        11,        36,          0.84,       0.8,      0.88,      0.1275,     0.125,        0.13,           0,             0
    624,        12,        36,          0.92,      0.88,      0.96,      0.1275,     0.125,        0.13,           0,             0
    625,        13,        36,             1,      0.96,      1.04,      0.1275,     0.125,        0.13,           0,             0
    626,        14,        36,          1.08,      1.04,      1.12,      0.1275,     0.125,        0.13,           0,             0
    627,        15,        36,          1.16,      1.12,       1.2,      0.1275,     0.125,        0.13,           0,             0
    630,         1,        37,          0.04,         0,      0.08,      0.1325,      0.13,       0.135,    0.163083,      0.127495
    631,         2,        37,          0.12,      0.08,      0.16,      0.1325,      0.13,       0.135,     138.233,       30.3707
    632,         3,        37,           0.2,      0.16,      0.24,      0.1325,      0.13,       0.135,     231.892,       48.6136
    633,         4,        37,          0.28,      0.24,      0.32,      0.1325,      0.13,       0.135,     123.631,       35.3259
    634,         5,        37,          0.36,      0.32,       0.4,      0.1325,      0.13,       0.135,     11.7381,       1.98471
    635,         6,        37,          0.44,       0.4,      0.48,      0.1325,      0.13,       0.135,     2.69806,      0.130026
    636,         7,        37,          0.52,      0.48,      0.56,      0.1325,      0.13,       0.135,    0.353982,      0.032053
    637,         8,        37,           0.6,      0.56,      0.64,      0.1325,      0.13,       0.135,   0.0103791,    0.00412114
    638,         9,        37,          0.68,      0.64,      0.72,      0.1325,      0.13,       0.135, 4.07211e-05,   2.38134e-05
    639,        10,        37,          0.76,      0.72,       0.8,      0.1325,      0.13,       0.135,           0,             0
    640,        11,        37,          0.84,       0.8,      0.88,      0.1325,      0.13,       0.135,           0,             0
    641,        12,        37,          0.92,      0.88,      0.96,      0.1325,      0.13,       0.135,           0,             0
    642,        13,        37,             1,      0.96,      1.04,      0.1325,      0.13,       0.135,           0,             0
    643,        14,        37,          1.08,      1.04,      1.12,      0.1325,      0.13,       0.135,           0,             0
    644,        15,        37,          1.16,      1.12,       1.2,      0.1325,      0.13,       0.135,           0,             0
    647,         1,        38,          0.04,         0,      0.08,      0.1375,     0.135,        0.14,   0.0043971,     0.0043971
    648,         2,        38,          0.12,      0.08,      0.16,      0.1375,     0.135,        0.14,     172.284,       42.4469
    649,         3,        38,           0.2,      0.16,      0.24,      0.1375,     0.135,        0.14,     189.562,       26.1923
    650,         4,        38,          0.28,      0.24,      0.32,      0.1375,     0.135,        0.14,     151.531,       34.6587
    651,         5,        38,          0.36,      0.32,       0.4,      0.1375,     0.135,        0.14,     15.5713,       2.37522
    652,         6,        38,          0.44,       0.4,      0.48,      0.1375,     0.135,        0.14,     2.71899,      0.152149
    653,         7,        38,          0.52,      0.48,      0.56,      0.1375,     0.135,        0.14,    0.443588,      0.037562
    654,         8,        38,           0.6,      0.56,      0.64,      0.1375,     0.135,        0.14,    0.013902,    0.00607446
    655,         9,        38,          0.68,      0.64,      0.72,      0.1375,     0.135,        0.14, 0.000180765,    0.00014316
    656,        10,        38,          0.76,      0.72,       0.8,      0.1375,     0.135,        0.14,           0,             0
    657,        11,        38,          0.84,       0.8,      0.88,      0.1375,     0.135,        0.14,           0,             0
    658,        12,        38,          0.92,      0.88,      0.96,      0.1375,     0.135,        0.14,           0,             0
    659,        13,        38,             1,      0.96,      1.04,      0.1375,     0.135,        0.14,           0,             0
    660,        14,        38,          1.08,      1.04,      1.12,      0.1375,     0.135,        0.14,           0,             0
    661,        15,        38,          1.16,      1.12,       1.2,      0.1375,     0.135,        0.14,           0,             0
    664,         1,        39,          0.04,         0,      0.08,      0.1425,      0.14,       0.145,           0,             0
    665,         2,        39,          0.12,      0.08,      0.16,      0.1425,      0.14,       0.145,     150.767,       42.7314
    666,         3,        39,           0.2,      0.16,      0.24,      0.1425,      0.14,       0.145,     249.226,       62.1936
    667,         4,        39,          0.28,      0.24,      0.32,      0.1425,      0.14,       0.145,     132.336,       32.9967
    668,         5,        39,          0.36,      0.32,       0.4,      0.1425,      0.14,       0.145,     23.2608,       7.17501
    669,         6,        39,          0.44,       0.4,      0.48,      0.1425,      0.14,       0.145,     2.77313,      0.135026
    670,         7,        39,          0.52,      0.48,      0.56,      0.1425,      0.14,       0.145,      0.3583,     0.0278878
    671,         8,        39,           0.6,      0.56,      0.64,      0.1425,      0.14,       0.145,   0.0164774,    0.00608702
    672,         9,        39,          0.68,      0.64,      0.72,      0.1425,      0.14,       0.145, 0.000206925,   0.000153644
    673,        10,        39,          0.76,      0.72,       0.8,      0.1425,      0.14,       0.145,           0,             0
    674,        11,        39,          0.84,       0.8,      0.88,      0.1425,      0.14,       0.145,           0,             0
    675,        12,        39,          0.92,      0.88,      0.96,      0.1425,      0.14,       0.145,           0,             0
    676,        13,        39,             1,      0.96,      1.04,      0.1425,      0.14,       0.145,           0,             0
    677,        14,        39,          1.08,      1.04,      1.12,      0.1425,      0.14,       0.145,           0,             0
    678,        15,        39,          1.16,      1.12,       1.2,      0.1425,      0.14,       0.145,           0,             0
    681,         1,        40,          0.04,         0,      0.08,      0.1475,     0.145,        0.15,           0,             0
    682,         2,        40,          0.12,      0.08,      0.16,      0.1475,     0.145,        0.15,     81.5009,       26.7751
    683,         3,        40,           0.2,      0.16,      0.24,      0.1475,     0.145,        0.15,     277.252,       50.2161
    684,         4,        40,          0.28,      0.24,      0.32,      0.1475,     0.145,        0.15,     115.034,       27.4283
    685,         5,        40,          0.36,      0.32,       0.4,      0.1475,     0.145,        0.15,     25.5652,       9.41259
    686,         6,        40,          0.44,       0.4,      0.48,      0.1475,     0.145,        0.15,     2.83124,       0.20945
    687,         7,        40,          0.52,      0.48,      0.56,      0.1475,     0.145,        0.15,    0.411193,     0.0400911
    688,         8,        40,           0.6,      0.56,      0.64,      0.1475,     0.145,        0.15,   0.0108475,    0.00285384
    689,         9,        40,          0.68,      0.64,      0.72,      0.1475,     0.145,        0.15, 7.57516e-05,   6.19304e-05
    690,        10,        40,          0.76,      0.72,       0.8,      0.1475,     0.145,        0.15,           0,             0
    691,        11,        40,          0.84,       0.8,      0.88,      0.1475,     0.145,        0.15,           0,             0
    692,        12,        40,          0.92,      0.88,      0.96,      0.1475,     0.145,        0.15,           0,             0
    693,        13,        40,             1,      0.96,      1.04,      0.1475,     0.145,        0.15,           0,             0
    694,        14,        40,          1.08,      1.04,      1.12,      0.1475,     0.145,        0.15,           0,             0
    695,        15,        40,          1.16,      1.12,       1.2,      0.1475,     0.145,        0.15,           0,             0
    698,         1,        41,          0.04,         0,      0.08,      0.1525,      0.15,       0.155,           0,             0
    699,         2,        41,          0.12,      0.08,      0.16,      0.1525,      0.15,       0.155,     57.0505,       17.2764
    700,         3,        41,           0.2,      0.16,      0.24,      0.1525,      0.15,       0.155,     213.305,       41.1729
    701,         4,        41,          0.28,      0.24,      0.32,      0.1525,      0.15,       0.155,     150.947,       33.0178
    702,         5,        41,          0.36,      0.32,       0.4,      0.1525,      0.15,       0.155,     16.9454,       3.17113
    703,         6,        41,          0.44,       0.4,      0.48,      0.1525,      0.15,       0.155,     2.44255,      0.141469
    704,         7,        41,          0.52,      0.48,      0.56,      0.1525,      0.15,       0.155,    0.433899,     0.0439079
    705,         8,        41,           0.6,      0.56,      0.64,      0.1525,      0.15,       0.155,    0.010542,    0.00273984
    706,         9,        41,          0.68,      0.64,      0.72,      0.1525,      0.15,       0.155, 0.000293691,   0.000164141
    707,        10,        41,          0.76,      0.72,       0.8,      0.1525,      0.15,       0.155,           0,             0
    708,        11,        41,          0.84,       0.8,      0.88,      0.1525,      0.15,       0.155,           0,             0
    709,        12,        41,          0.92,      0.88,      0.96,      0.1525,      0.15,       0.155,           0,             0
    710,        13,        41,             1,      0.96,      1.04,      0.1525,      0.15,       0.155,           0,             0
    711,        14,        41,          1.08,      1.04,      1.12,      0.1525,      0.15,       0.155,           0,             0
    712,        15,        41,          1.16,      1.12,       1.2,      0.1525,      0.15,       0.155,           0,             0
    715,         1,        42,          0.04,         0,      0.08,      0.1575,     0.155,        0.16,           0,             0
    716,         2,        42,          0.12,      0.08,      0.16,      0.1575,     0.155,        0.16,     42.4247,       17.9834
    717,         3,        42,           0.2,      0.16,      0.24,      0.1575,     0.155,        0.16,     206.008,       32.5112
    718,         4,        42,          0.28,      0.24,      0.32,      0.1575,     0.155,        0.16,     75.9126,       12.9018
    719,         5,        42,          0.36,      0.32,       0.4,      0.1575,     0.155,        0.16,     21.2789,       6.66218
    720,         6,        42,          0.44,       0.4,      0.48,      0.1575,     0.155,        0.16,     2.69372,      0.173669
    721,         7,        42,          0.52,      0.48,      0.56,      0.1575,     0.155,        0.16,    0.354428,        0.0287
    722,         8,        42,           0.6,      0.56,      0.64,      0.1575,     0.155,        0.16,   0.0157689,     0.0050369
    723,         9,        42,          0.68,      0.64,      0.72,      0.1575,     0.155,        0.16, 9.52442e-06,   9.52442e-06
    724,        10,        42,          0.76,      0.72,       0.8,      0.1575,     0.155,        0.16,           0,             0
    725,        11,        42,          0.84,       0.8,      0.88,      0.1575,     0.155,        0.16,           0,             0
    726,        12,        42,          0.92,      0.88,      0.96,      0.1575,     0.155,        0.16,           0,             0
    727,        13,        42,             1,      0.96,      1.04,      0.1575,     0.155,        0.16,           0,             0
    728,        14,        42,          1.08,      1.04,      1.12,      0.1575,     0.155,        0.16,           0,             0
    729,        15,        42,          1.16,      1.12,       1.2,      0.1575,     0.155,        0.16,           0,             0
    732,         1,        43,          0.04,         0,      0.08,      0.1625,      0.16,       0.165,           0,             0
    733,         2,        43,          0.12,      0.08,      0.16,      0.1625,      0.16,       0.165,     64.7331,       30.9445
    734,         3,        43,           0.2,      0.16,      0.24,      0.1625,      0.16,       0.165,     245.286,        53.156
    735,         4,        43,          0.28,      0.24,      0.32,      0.1625,      0.16,       0.165,     143.983,       31.8299
    736,         5,        43,          0.36,      0.32,       0.4,      0.1625,      0.16,       0.165,     16.1082,       2.43038
    737,         6,        43,          0.44,       0.4,      0.48,      0.1625,      0.16,       0.165,     2.90939,      0.214838
    738,         7,        43,          0.52,      0.48,      0.56,      0.1625,      0.16,       0.165,    0.361832,     0.0302559
    739,         8,        43,           0.6,      0.56,      0.64,      0.1625,      0.16,       0.165,   0.0173993,    0.00602956
    740,         9,        43,          0.68,      0.64,      0.72,      0.1625,      0.16,       0.165, 7.45034e-05,   4.67537e-05
    741,        10,        43,          0.76,      0.72,       0.8,      0.1625,      0.16,       0.165,           0,             0
    742,        11,        43,          0.84,       0.8,      0.88,      0.1625,      0.16,       0.165,           0,             0
    743,        12,        43,          0.92,      0.88,      0.96,      0.1625,      0.16,       0.165,           0,             0
    744,        13,        43,             1,      0.96,      1.04,      0.1625,      0.16,       0.165,           0,             0
    745,        14,        43,          1.08,      1.04,      1.12,      0.1625,      0.16,       0.165,           0,             0
    746,        15,        43,          1.16,      1.12,       1.2,      0.1625,      0.16,       0.165,           0,             0
    749,         1,        44,          0.04,         0,      0.08,      0.1675,     0.165,        0.17,           0,             0
    750,         2,        44,          0.12,      0.08,      0.16,      0.1675,     0.165,        0.17,     9.24321,       5.25702
    751,         3,        44,           0.2,      0.16,      0.24,      0.1675,     0.165,        0.17,     241.596,       51.8663
    752,         4,        44,          0.28,      0.24,      0.32,      0.1675,     0.165,        0.17,     163.321,       43.5073
    753,         5,        44,          0.36,      0.32,       0.4,      0.1675,     0.165,        0.17,     13.6602,        1.6261
    754,         6,        44,          0.44,       0.4,      0.48,      0.1675,     0.165,        0.17,     3.60242,      0.805771
    755,         7,        44,          0.52,      0.48,      0.56,      0.1675,     0.165,        0.17,    0.430038,     0.0715166
    756,         8,        44,           0.6,      0.56,      0.64,      0.1675,     0.165,        0.17,   0.0172226,    0.00359339
    757,         9,        44,          0.68,      0.64,      0.72,      0.1675,     0.165,        0.17, 0.000144158,   7.99315e-05
    758,        10,        44,          0.76,      0.72,       0.8,      0.1675,     0.165,        0.17,           0,             0
    759,        11,        44,          0.84,       0.8,      0.88,      0.1675,     0.165,        0.17,           0,             0
    760,        12,        44,          0.92,      0.88,      0.96,      0.1675,     0.165,        0.17,           0,             0
    761,        13,        44,             1,      0.96,      1.04,      0.1675,     0.165,        0.17,           0,             0
    762,        14,        44,          1.08,      1.04,      1.12,      0.1675,     0.165,        0.17,           0,             0
    763,        15,        44,          1.16,      1.12,       1.2,      0.1675,     0.165,        0.17,           0,             0
    766,         1,        45,          0.04,         0,      0.08,      0.1725,      0.17,       0.175,           0,             0
    767,         2,        45,          0.12,      0.08,      0.16,      0.1725,      0.17,       0.175,     35.0805,        13.967
    768,         3,        45,           0.2,      0.16,      0.24,      0.1725,      0.17,       0.175,     227.737,       53.4297
    769,         4,        45,          0.28,      0.24,      0.32,      0.1725,      0.17,       0.175,     162.336,       35.8411
    770,         5,        45,          0.36,      0.32,       0.4,      0.1725,      0.17,       0.175,     33.0348,       9.72766
    771,         6,        45,          0.44,       0.4,      0.48,      0.1725,      0.17,       0.175,     2.90966,      0.334563
    772,         7,        45,          0.52,      0.48,      0.56,      0.1725,      0.17,       0.175,    0.345721,     0.0308163
    773,         8,        45,           0.6,      0.56,      0.64,      0.1725,      0.17,       0.175,   0.0201552,    0.00366702
    774,         9,        45,          0.68,      0.64,      0.72,      0.1725,      0.17,       0.175, 0.000447828,   0.000393943
    775,        10,        45,          0.76,      0.72,       0.8,      0.1725,      0.17,       0.175,           0,             0
    776,        11,        45,          0.84,       0.8,      0.88,      0.1725,      0.17,       0.175,           0,             0
    777,        12,        45,          0.92,      0.88,      0.96,      0.1725,      0.17,       0.175,           0,             0
    778,        13,        45,             1,      0.96,      1.04,      0.1725,      0.17,       0.175,           0,             0
    779,        14,        45,          1.08,      1.04,      1.12,      0.1725,      0.17,       0.175,           0,             0
    780,        15,        45,          1.16,      1.12,       1.2,      0.1725,      0.17,       0.175,           0,             0
    783,         1,        46,          0.04,         0,      0.08,      0.1775,     0.175,        0.18,           0,             0
    784,         2,        46,          0.12,      0.08,      0.16,      0.1775,     0.175,        0.18,     20.1938,       12.3309
    785,         3,        46,           0.2,      0.16,      0.24,      0.1775,     0.175,        0.18,     163.896,        31.376
    786,         4,        46,          0.28,      0.24,      0.32,      0.1775,     0.175,        0.18,     135.771,       27.5431
    787,         5,        46,          0.36,      0.32,       0.4,      0.1775,     0.175,        0.18,     13.0468,       2.09443
    788,         6,        46,          0.44,       0.4,      0.48,      0.1775,     0.175,        0.18,     2.96296,       0.38373
    789,         7,        46,          0.52,      0.48,      0.56,      0.1775,     0.175,        0.18,    0.245675,     0.0186864
    790,         8,        46,           0.6,      0.56,      0.64,      0.1775,     0.175,        0.18,   0.0168733,    0.00309871
    791,         9,        46,          0.68,      0.64,      0.72,      0.1775,     0.175,        0.18, 1.92017e-05,   1.25372e-05
    792,        10,        46,          0.76,      0.72,       0.8,      0.1775,     0.175,        0.18,           0,             0
    793,        11,        46,          0.84,       0.8,      0.88,      0.1775,     0.175,        0.18,           0,             0
    794,        12,        46,          0.92,      0.88,      0.96,      0.1775,     0.175,        0.18,           0,             0
    795,        13,        46,             1,      0.96,      1.04,      0.1775,     0.175,        0.18,           0,             0
    796,        14,        46,          1.08,      1.04,      1.12,      0.1775,     0.175,        0.18,           0,             0
    797,        15,        46,          1.16,      1.12,       1.2,      0.1775,     0.175,        0.18,           0,             0
    800,         1,        47,          0.04,         0,      0.08,      0.1825,      0.18,       0.185,           0,             0
    801,         2,        47,          0.12,      0.08,      0.16,      0.1825,      0.18,       0.185,     42.2058,       27.3725
    802,         3,        47,           0.2,      0.16,      0.24,      0.1825,      0.18,       0.185,     175.638,       43.7853
    803,         4,        47,          0.28,      0.24,      0.32,      0.1825,      0.18,       0.185,     140.833,        41.171
    804,         5,        47,          0.36,      0.32,       0.4,      0.1825,      0.18,       0.185,     53.2777,       17.7479
    805,         6,        47,          0.44,       0.4,      0.48,      0.1825,      0.18,       0.185,     4.04496,       1.17408
    806,         7,        47,          0.52,      0.48,      0.56,      0.1825,      0.18,       0.185,     0.30031,     0.0235312
    807,         8,        47,           0.6,      0.56,      0.64,      0.1825,      0.18,       0.185,   0.0214038,    0.00335149
    808,         9,        47,          0.68,      0.64,      0.72,      0.1825,      0.18,       0.185, 0.000538647,   0.000346326
    809,        10,        47,          0.76,      0.72,       0.8,      0.1825,      0.18,       0.185,           0,             0
    810,        11,        47,          0.84,       0.8,      0.88,      0.1825,      0.18,       0.185,           0,             0
    811,        12,        47,          0.92,      0.88,      0.96,      0.1825,      0.18,       0.185,           0,             0
    812,        13,        47,             1,      0.96,      1.04,      0.1825,      0.18,       0.185,           0,             0
    813,        14,        47,          1.08,      1.04,      1.12,      0.1825,      0.18,       0.185,           0,             0
    814,        15,        47,          1.16,      1.12,       1.2,      0.1825,      0.18,       0.185,           0,             0
    817,         1,        48,          0.04,         0,      0.08,      0.1875,     0.185,        0.19,           0,             0
    818,         2,        48,          0.12,      0.08,      0.16,      0.1875,     0.185,        0.19,     9.07028,       8.80512
    819,         3,        48,           0.2,      0.16,      0.24,      0.1875,     0.185,        0.19,     124.524,       35.9519
    820,         4,        48,          0.28,      0.24,      0.32,      0.1875,     0.185,        0.19,     129.702,        21.285
    821,         5,        48,          0.36,      0.32,       0.4,      0.1875,     0.185,        0.19,      24.369,       6.26162
    822,         6,        48,          0.44,       0.4,      0.48,      0.1875,     0.185,        0.19,     2.36641,      0.216938
    823,         7,        48,          0.52,      0.48,      0.56,      0.1875,     0.185,        0.19,    0.235625,     0.0186935
    824,         8,        48,           0.6,      0.56,      0.64,      0.1875,     0.185,        0.19,   0.0281382,    0.00679244
    825,         9,        48,          0.68,      0.64,      0.72,      0.1875,     0.185,        0.19, 9.91359e-05,   9.91359e-05
    826,        10,        48,          0.76,      0.72,       0.8,      0.1875,     0.185,        0.19,           0,             0
    827,        11,        48,          0.84,       0.8,      0.88,      0.1875,     0.185,        0.19,           0,             0
    828,        12,        48,          0.92,      0.88,      0.96,      0.1875,     0.185,        0.19,           0,             0
    829,        13,        48,             1,      0.96,      1.04,      0.1875,     0.185,        0.19,           0,             0
    830,        14,        48,          1.08,      1.04,      1.12,      0.1875,     0.185,        0.19,           0,             0
    831,        15,        48,          1.16,      1.12,       1.2,      0.1875,     0.185,        0.19,           0,             0
    834,         1,        49,          0.04,         0,      0.08,      0.1925,      0.19,       0.195,           0,             0
    835,         2,        49,          0.12,      0.08,      0.16,      0.1925,      0.19,       0.195,   0.0218477,    0.00570022
    836,         3,        49,           0.2,      0.16,      0.24,      0.1925,      0.19,       0.195,     208.682,       47.5386
    837,         4,        49,          0.28,      0.24,      0.32,      0.1925,      0.19,       0.195,     137.182,       27.4996
    838,         5,        49,          0.36,      0.32,       0.4,      0.1925,      0.19,       0.195,     24.8112,       5.84558
    839,         6,        49,          0.44,       0.4,      0.48,      0.1925,      0.19,       0.195,     2.30828,      0.295602
    840,         7,        49,          0.52,      0.48,      0.56,      0.1925,      0.19,       0.195,    0.245304,     0.0256833
    841,         8,        49,           0.6,      0.56,      0.64,      0.1925,      0.19,       0.195,    0.028724,    0.00400942
    842,         9,        49,          0.68,      0.64,      0.72,      0.1925,      0.19,       0.195,  2.0331e-05,    2.0331e-05
    843,        10,        49,          0.76,      0.72,       0.8,      0.1925,      0.19,       0.195,           0,             0
    844,        11,        49,          0.84,       0.8,      0.88,      0.1925,      0.19,       0.195,           0,             0
    845,        12,        49,          0.92,      0.88,      0.96,      0.1925,      0.19,       0.195,           0,             0
    846,        13,        49,             1,      0.96,      1.04,      0.1925,      0.19,       0.195,           0,             0
    847,        14,        49,          1.08,      1.04,      1.12,      0.1925,      0.19,       0.195,           0,             0
    848,        15,        49,          1.16,      1.12,       1.2,      0.1925,      0.19,       0.195,           0,             0
    851,         1,        50,          0.04,         0,      0.08,      0.1975,     0.195,         0.2,           0,             0
    852,         2,        50,          0.12,      0.08,      0.16,      0.1975,     0.195,         0.2,   0.0361114,     0.0135373
    853,         3,        50,           0.2,      0.16,      0.24,      0.1975,     0.195,         0.2,     110.314,       31.1814
    854,         4,        50,          0.28,      0.24,      0.32,      0.1975,     0.195,         0.2,      187.86,       41.5782
    855,         5,        50,          0.36,      0.32,       0.4,      0.1975,     0.195,         0.2,     50.1284,       15.5391
    856,         6,        50,          0.44,       0.4,      0.48,      0.1975,     0.195,         0.2,     1.78555,      0.149667
    857,         7,        50,          0.52,      0.48,      0.56,      0.1975,     0.195,         0.2,    0.241247,      0.020748
    858,         8,        50,           0.6,      0.56,      0.64,      0.1975,     0.195,         0.2,   0.0210952,    0.00310586
    859,         9,        50,          0.68,      0.64,      0.72,      0.1975,     0.195,         0.2, 0.000644675,   0.000504608
    860,        10,        50,          0.76,      0.72,       0.8,      0.1975,     0.195,         0.2,           0,             0
    861,        11,        50,          0.84,       0.8,      0.88,      0.1975,     0.195,         0.2,           0,             0
    862,        12,        50,          0.92,      0.88,      0.96,      0.1975,     0.195,         0.2,           0,             0
    863,        13,        50,             1,      0.96,      1.04,      0.1975,     0.195,         0.2,           0,             0
    864,        14,        50,          1.08,      1.04,      1.12,      0.1975,     0.195,         0.2,           0,             0
    865,        15,        50,          1.16,      1.12,       1.2,      0.1975,     0.195,         0.2,           0,             0
