# 2D Histogram Bin Extraction 
#                   
# histogram parameters:  
# title      : Em_nuc vs. Pm 
# ybins      : 50 
# ylabel     :  
# xbins      : 15 
# xlabel     :  
# ybin_width : 0.005 
# xbin_width : 0.080 
#                   
# header definitions:
# ib:         (x,y)  bin number 
# xb:         x-axis bin number 
# yb:         y-axis bin number 
# x0:         x-axis central bin value 
# xlow:       x-axis low-edge bin value 
# xup:        x-axis up-edge bin value 
# y0:         y-axis central bin value 
# ylow:       y-axis low-edge bin value 
# yup:        y-axis up-edge bin value 
# zcont:      bin content (z-axis) 
# zcont_err:  bin content error (z-axis) 
#                                        
ib,xb,yb,x0,xlow,xup,y0,ylow,yup,zcont,zcont_err
     18,         1,         1,          0.04,         0,      0.08,     -0.0475,     -0.05,      -0.045,           0,             0
     19,         2,         1,          0.12,      0.08,      0.16,     -0.0475,     -0.05,      -0.045,           0,             0
     20,         3,         1,           0.2,      0.16,      0.24,     -0.0475,     -0.05,      -0.045,   0.0751776,     0.0751776
     21,         4,         1,          0.28,      0.24,      0.32,     -0.0475,     -0.05,      -0.045,    0.457109,      0.157467
     22,         5,         1,          0.36,      0.32,       0.4,     -0.0475,     -0.05,      -0.045,     1.52183,      0.162213
     23,         6,         1,          0.44,       0.4,      0.48,     -0.0475,     -0.05,      -0.045,    0.993397,     0.0500053
     24,         7,         1,          0.52,      0.48,      0.56,     -0.0475,     -0.05,      -0.045,    0.488235,     0.0599629
     25,         8,         1,           0.6,      0.56,      0.64,     -0.0475,     -0.05,      -0.045,   0.0705916,     0.0214689
     26,         9,         1,          0.68,      0.64,      0.72,     -0.0475,     -0.05,      -0.045,   0.0146984,    0.00589677
     27,        10,         1,          0.76,      0.72,       0.8,     -0.0475,     -0.05,      -0.045,  0.00413317,    0.00258766
     28,        11,         1,          0.84,       0.8,      0.88,     -0.0475,     -0.05,      -0.045,  0.00684159,    0.00580846
     29,        12,         1,          0.92,      0.88,      0.96,     -0.0475,     -0.05,      -0.045,  0.00409768,    0.00327663
     30,        13,         1,             1,      0.96,      1.04,     -0.0475,     -0.05,      -0.045,   0.0140892,     0.0129016
     31,        14,         1,          1.08,      1.04,      1.12,     -0.0475,     -0.05,      -0.045, 0.000307616,   0.000307616
     32,        15,         1,          1.16,      1.12,       1.2,     -0.0475,     -0.05,      -0.045,           0,             0
     35,         1,         2,          0.04,         0,      0.08,     -0.0425,    -0.045,       -0.04,           0,             0
     36,         2,         2,          0.12,      0.08,      0.16,     -0.0425,    -0.045,       -0.04,           0,             0
     37,         3,         2,           0.2,      0.16,      0.24,     -0.0425,    -0.045,       -0.04,           0,             0
     38,         4,         2,          0.28,      0.24,      0.32,     -0.0425,    -0.045,       -0.04,     1.42643,      0.258886
     39,         5,         2,          0.36,      0.32,       0.4,     -0.0425,    -0.045,       -0.04,     1.97947,      0.141299
     40,         6,         2,          0.44,       0.4,      0.48,     -0.0425,    -0.045,       -0.04,     1.16045,     0.0535924
     41,         7,         2,          0.52,      0.48,      0.56,     -0.0425,    -0.045,       -0.04,    0.779167,      0.213219
     42,         8,         2,           0.6,      0.56,      0.64,     -0.0425,    -0.045,       -0.04,   0.0847134,     0.0250257
     43,         9,         2,          0.68,      0.64,      0.72,     -0.0425,    -0.045,       -0.04,  0.00802165,    0.00438681
     44,        10,         2,          0.76,      0.72,       0.8,     -0.0425,    -0.045,       -0.04,  0.00543124,     0.0030679
     45,        11,         2,          0.84,       0.8,      0.88,     -0.0425,    -0.045,       -0.04,  0.00161879,    0.00161879
     46,        12,         2,          0.92,      0.88,      0.96,     -0.0425,    -0.045,       -0.04,  0.00264331,    0.00264331
     47,        13,         2,             1,      0.96,      1.04,     -0.0425,    -0.045,       -0.04,  0.00463559,    0.00463559
     48,        14,         2,          1.08,      1.04,      1.12,     -0.0425,    -0.045,       -0.04, 0.000684625,   0.000485074
     49,        15,         2,          1.16,      1.12,       1.2,     -0.0425,    -0.045,       -0.04,           0,             0
     52,         1,         3,          0.04,         0,      0.08,     -0.0375,     -0.04,      -0.035,           0,             0
     53,         2,         3,          0.12,      0.08,      0.16,     -0.0375,     -0.04,      -0.035,           0,             0
     54,         3,         3,           0.2,      0.16,      0.24,     -0.0375,     -0.04,      -0.035,    0.486176,      0.331312
     55,         4,         3,          0.28,      0.24,      0.32,     -0.0375,     -0.04,      -0.035,     2.31403,         0.303
     56,         5,         3,          0.36,      0.32,       0.4,     -0.0375,     -0.04,      -0.035,     2.65157,      0.147446
     57,         6,         3,          0.44,       0.4,      0.48,     -0.0375,     -0.04,      -0.035,     1.43742,     0.0610004
     58,         7,         3,          0.52,      0.48,      0.56,     -0.0375,     -0.04,      -0.035,    0.582073,     0.0626004
     59,         8,         3,           0.6,      0.56,      0.64,     -0.0375,     -0.04,      -0.035,    0.132126,     0.0477032
     60,         9,         3,          0.68,      0.64,      0.72,     -0.0375,     -0.04,      -0.035,   0.0481095,     0.0330604
     61,        10,         3,          0.76,      0.72,       0.8,     -0.0375,     -0.04,      -0.035,   0.0010584,   0.000845307
     62,        11,         3,          0.84,       0.8,      0.88,     -0.0375,     -0.04,      -0.035, 0.000849375,   0.000849375
     63,        12,         3,          0.92,      0.88,      0.96,     -0.0375,     -0.04,      -0.035,  0.00472794,    0.00472794
     64,        13,         3,             1,      0.96,      1.04,     -0.0375,     -0.04,      -0.035, 0.000286733,   0.000286733
     65,        14,         3,          1.08,      1.04,      1.12,     -0.0375,     -0.04,      -0.035,           0,             0
     66,        15,         3,          1.16,      1.12,       1.2,     -0.0375,     -0.04,      -0.035,           0,             0
     69,         1,         4,          0.04,         0,      0.08,     -0.0325,    -0.035,       -0.03,           0,             0
     70,         2,         4,          0.12,      0.08,      0.16,     -0.0325,    -0.035,       -0.03,           0,             0
     71,         3,         4,           0.2,      0.16,      0.24,     -0.0325,    -0.035,       -0.03,     1.17982,        0.3939
     72,         4,         4,          0.28,      0.24,      0.32,     -0.0325,    -0.035,       -0.03,     5.25269,      0.507761
     73,         5,         4,          0.36,      0.32,       0.4,     -0.0325,    -0.035,       -0.03,     3.42805,      0.160703
     74,         6,         4,          0.44,       0.4,      0.48,     -0.0325,    -0.035,       -0.03,     1.88194,     0.0701101
     75,         7,         4,          0.52,      0.48,      0.56,     -0.0325,    -0.035,       -0.03,    0.752054,     0.0698122
     76,         8,         4,           0.6,      0.56,      0.64,     -0.0325,    -0.035,       -0.03,   0.0804021,     0.0216108
     77,         9,         4,          0.68,      0.64,      0.72,     -0.0325,    -0.035,       -0.03,  0.00778429,    0.00401813
     78,        10,         4,          0.76,      0.72,       0.8,     -0.0325,    -0.035,       -0.03,    0.155332,      0.152812
     79,        11,         4,          0.84,       0.8,      0.88,     -0.0325,    -0.035,       -0.03,  0.00303859,    0.00275662
     80,        12,         4,          0.92,      0.88,      0.96,     -0.0325,    -0.035,       -0.03,  0.00845137,    0.00811871
     81,        13,         4,             1,      0.96,      1.04,     -0.0325,    -0.035,       -0.03,           0,             0
     82,        14,         4,          1.08,      1.04,      1.12,     -0.0325,    -0.035,       -0.03,  0.00248493,    0.00217488
     83,        15,         4,          1.16,      1.12,       1.2,     -0.0325,    -0.035,       -0.03,           0,             0
     86,         1,         5,          0.04,         0,      0.08,     -0.0275,     -0.03,      -0.025,           0,             0
     87,         2,         5,          0.12,      0.08,      0.16,     -0.0275,     -0.03,      -0.025,           0,             0
     88,         3,         5,           0.2,      0.16,      0.24,     -0.0275,     -0.03,      -0.025,     2.47182,      0.693404
     89,         4,         5,          0.28,      0.24,      0.32,     -0.0275,     -0.03,      -0.025,     7.22174,      0.576124
     90,         5,         5,          0.36,      0.32,       0.4,     -0.0275,     -0.03,      -0.025,     4.72445,      0.203764
     91,         6,         5,          0.44,       0.4,      0.48,     -0.0275,     -0.03,      -0.025,     2.27857,     0.0801466
     92,         7,         5,          0.52,      0.48,      0.56,     -0.0275,     -0.03,      -0.025,    0.692438,     0.0516655
     93,         8,         5,           0.6,      0.56,      0.64,     -0.0275,     -0.03,      -0.025,   0.0468044,     0.0126166
     94,         9,         5,          0.68,      0.64,      0.72,     -0.0275,     -0.03,      -0.025,   0.0111273,     0.0045474
     95,        10,         5,          0.76,      0.72,       0.8,     -0.0275,     -0.03,      -0.025,  0.00263074,    0.00263074
     96,        11,         5,          0.84,       0.8,      0.88,     -0.0275,     -0.03,      -0.025,  0.00993326,    0.00781645
     97,        12,         5,          0.92,      0.88,      0.96,     -0.0275,     -0.03,      -0.025,     0.33987,       0.33987
     98,        13,         5,             1,      0.96,      1.04,     -0.0275,     -0.03,      -0.025,           0,             0
     99,        14,         5,          1.08,      1.04,      1.12,     -0.0275,     -0.03,      -0.025,           0,             0
    100,        15,         5,          1.16,      1.12,       1.2,     -0.0275,     -0.03,      -0.025, 0.000225655,   0.000225655
    103,         1,         6,          0.04,         0,      0.08,     -0.0225,    -0.025,       -0.02,           0,             0
    104,         2,         6,          0.12,      0.08,      0.16,     -0.0225,    -0.025,       -0.02,           0,             0
    105,         3,         6,           0.2,      0.16,      0.24,     -0.0225,    -0.025,       -0.02,     5.48803,      0.830054
    106,         4,         6,          0.28,      0.24,      0.32,     -0.0225,    -0.025,       -0.02,      10.198,      0.658651
    107,         5,         6,          0.36,      0.32,       0.4,     -0.0225,    -0.025,       -0.02,      5.9522,      0.243378
    108,         6,         6,          0.44,       0.4,      0.48,     -0.0225,    -0.025,       -0.02,      2.6493,     0.0914795
    109,         7,         6,          0.52,      0.48,      0.56,     -0.0225,    -0.025,       -0.02,     0.99691,      0.280857
    110,         8,         6,           0.6,      0.56,      0.64,     -0.0225,    -0.025,       -0.02,   0.0486752,     0.0146608
    111,         9,         6,          0.68,      0.64,      0.72,     -0.0225,    -0.025,       -0.02,   0.0194299,    0.00875924
    112,        10,         6,          0.76,      0.72,       0.8,     -0.0225,    -0.025,       -0.02,   0.0391667,     0.0359294
    113,        11,         6,          0.84,       0.8,      0.88,     -0.0225,    -0.025,       -0.02,           0,             0
    114,        12,         6,          0.92,      0.88,      0.96,     -0.0225,    -0.025,       -0.02,  0.00228984,    0.00171441
    115,        13,         6,             1,      0.96,      1.04,     -0.0225,    -0.025,       -0.02,           0,             0
    116,        14,         6,          1.08,      1.04,      1.12,     -0.0225,    -0.025,       -0.02,   0.0120514,      0.011011
    117,        15,         6,          1.16,      1.12,       1.2,     -0.0225,    -0.025,       -0.02, 0.000713987,   0.000713987
    120,         1,         7,          0.04,         0,      0.08,     -0.0175,     -0.02,      -0.015,           0,             0
    121,         2,         7,          0.12,      0.08,      0.16,     -0.0175,     -0.02,      -0.015,     1.07803,      0.714083
    122,         3,         7,           0.2,      0.16,      0.24,     -0.0175,     -0.02,      -0.015,     12.8257,       1.26427
    123,         4,         7,          0.28,      0.24,      0.32,     -0.0175,     -0.02,      -0.015,     14.7191,      0.751623
    124,         5,         7,          0.36,      0.32,       0.4,     -0.0175,     -0.02,      -0.015,     6.82603,      0.224485
    125,         6,         7,          0.44,       0.4,      0.48,     -0.0175,     -0.02,      -0.015,     2.94222,     0.0958959
    126,         7,         7,          0.52,      0.48,      0.56,     -0.0175,     -0.02,      -0.015,    0.776837,       0.05586
    127,         8,         7,           0.6,      0.56,      0.64,     -0.0175,     -0.02,      -0.015,   0.0996853,     0.0328187
    128,         9,         7,          0.68,      0.64,      0.72,     -0.0175,     -0.02,      -0.015,   0.0286778,     0.0124324
    129,        10,         7,          0.76,      0.72,       0.8,     -0.0175,     -0.02,      -0.015,   0.0042636,    0.00225656
    130,        11,         7,          0.84,       0.8,      0.88,     -0.0175,     -0.02,      -0.015,  0.00162183,    0.00123475
    131,        12,         7,          0.92,      0.88,      0.96,     -0.0175,     -0.02,      -0.015,  0.00286468,    0.00241132
    132,        13,         7,             1,      0.96,      1.04,     -0.0175,     -0.02,      -0.015,  0.00105092,    0.00105092
    133,        14,         7,          1.08,      1.04,      1.12,     -0.0175,     -0.02,      -0.015,           0,             0
    134,        15,         7,          1.16,      1.12,       1.2,     -0.0175,     -0.02,      -0.015,           0,             0
    137,         1,         8,          0.04,         0,      0.08,     -0.0125,    -0.015,       -0.01,           0,             0
    138,         2,         8,          0.12,      0.08,      0.16,     -0.0125,    -0.015,       -0.01,     6.65505,       1.47782
    139,         3,         8,           0.2,      0.16,      0.24,     -0.0125,    -0.015,       -0.01,     20.3832,       1.63232
    140,         4,         8,          0.28,      0.24,      0.32,     -0.0125,    -0.015,       -0.01,     16.7587,      0.795521
    141,         5,         8,          0.36,      0.32,       0.4,     -0.0125,    -0.015,       -0.01,     8.66296,        0.2724
    142,         6,         8,          0.44,       0.4,      0.48,     -0.0125,    -0.015,       -0.01,     3.30922,       0.11503
    143,         7,         8,          0.52,      0.48,      0.56,     -0.0125,    -0.015,       -0.01,    0.890938,       0.14231
    144,         8,         8,           0.6,      0.56,      0.64,     -0.0125,    -0.015,       -0.01,   0.0780807,      0.037232
    145,         9,         8,          0.68,      0.64,      0.72,     -0.0125,    -0.015,       -0.01,   0.0140624,    0.00624656
    146,        10,         8,          0.76,      0.72,       0.8,     -0.0125,    -0.015,       -0.01,    0.011197,    0.00769207
    147,        11,         8,          0.84,       0.8,      0.88,     -0.0125,    -0.015,       -0.01,  0.00642532,    0.00457516
    148,        12,         8,          0.92,      0.88,      0.96,     -0.0125,    -0.015,       -0.01,   0.0181429,     0.0181429
    149,        13,         8,             1,      0.96,      1.04,     -0.0125,    -0.015,       -0.01,           0,             0
    150,        14,         8,          1.08,      1.04,      1.12,     -0.0125,    -0.015,       -0.01,           0,             0
    151,        15,         8,          1.16,      1.12,       1.2,     -0.0125,    -0.015,       -0.01,           0,             0
    154,         1,         9,          0.04,         0,      0.08,     -0.0075,     -0.01,      -0.005,           0,             0
    155,         2,         9,          0.12,      0.08,      0.16,     -0.0075,     -0.01,      -0.005,     12.6779,       2.05103
    156,         3,         9,           0.2,      0.16,      0.24,     -0.0075,     -0.01,      -0.005,      34.674,       2.35416
    157,         4,         9,          0.28,      0.24,      0.32,     -0.0075,     -0.01,      -0.005,     21.7397,      0.899484
    158,         5,         9,          0.36,      0.32,       0.4,     -0.0075,     -0.01,      -0.005,     9.66913,      0.312078
    159,         6,         9,          0.44,       0.4,      0.48,     -0.0075,     -0.01,      -0.005,     3.53365,      0.115921
    160,         7,         9,          0.52,      0.48,      0.56,     -0.0075,     -0.01,      -0.005,    0.846978,     0.0707011
    161,         8,         9,           0.6,      0.56,      0.64,     -0.0075,     -0.01,      -0.005,    0.117133,     0.0462805
    162,         9,         9,          0.68,      0.64,      0.72,     -0.0075,     -0.01,      -0.005,   0.0262853,    0.00822282
    163,        10,         9,          0.76,      0.72,       0.8,     -0.0075,     -0.01,      -0.005,   0.0103124,    0.00545491
    164,        11,         9,          0.84,       0.8,      0.88,     -0.0075,     -0.01,      -0.005,  0.00738832,    0.00520535
    165,        12,         9,          0.92,      0.88,      0.96,     -0.0075,     -0.01,      -0.005,  0.00255734,    0.00255734
    166,        13,         9,             1,      0.96,      1.04,     -0.0075,     -0.01,      -0.005,  0.00475366,    0.00314016
    167,        14,         9,          1.08,      1.04,      1.12,     -0.0075,     -0.01,      -0.005,           0,             0
    168,        15,         9,          1.16,      1.12,       1.2,     -0.0075,     -0.01,      -0.005,           0,             0
    171,         1,        10,          0.04,         0,      0.08,     -0.0025,    -0.005,           0,     2.40593,       1.20266
    172,         2,        10,          0.12,      0.08,      0.16,     -0.0025,    -0.005,           0,     22.0756,       2.89986
    173,         3,        10,           0.2,      0.16,      0.24,     -0.0025,    -0.005,           0,      44.703,       2.51755
    174,         4,        10,          0.28,      0.24,      0.32,     -0.0025,    -0.005,           0,     26.5225,       1.03952
    175,         5,        10,          0.36,      0.32,       0.4,     -0.0025,    -0.005,           0,     11.3429,      0.327291
    176,         6,        10,          0.44,       0.4,      0.48,     -0.0025,    -0.005,           0,     4.43763,      0.677739
    177,         7,        10,          0.52,      0.48,      0.56,     -0.0025,    -0.005,           0,     2.22491,       1.01338
    178,         8,        10,           0.6,      0.56,      0.64,     -0.0025,    -0.005,           0,   0.0544669,     0.0132408
    179,         9,        10,          0.68,      0.64,      0.72,     -0.0025,    -0.005,           0,  0.00777206,    0.00380523
    180,        10,        10,          0.76,      0.72,       0.8,     -0.0025,    -0.005,           0,   0.0039613,    0.00219946
    181,        11,        10,          0.84,       0.8,      0.88,     -0.0025,    -0.005,           0,  0.00681543,     0.0039943
    182,        12,        10,          0.92,      0.88,      0.96,     -0.0025,    -0.005,           0,   0.0088928,     0.0088928
    183,        13,        10,             1,      0.96,      1.04,     -0.0025,    -0.005,           0,  0.00033162,    0.00033162
    184,        14,        10,          1.08,      1.04,      1.12,     -0.0025,    -0.005,           0, 0.000990475,   0.000990475
    185,        15,        10,          1.16,      1.12,       1.2,     -0.0025,    -0.005,           0,           0,             0
    188,         1,        11,          0.04,         0,      0.08,      0.0025,         0,       0.005,     5.53052,       1.84533
    189,         2,        11,          0.12,      0.08,      0.16,      0.0025,         0,       0.005,     42.5844,       4.05845
    190,         3,        11,           0.2,      0.16,      0.24,      0.0025,         0,       0.005,     67.9289,       3.42851
    191,         4,        11,          0.28,      0.24,      0.32,      0.0025,         0,       0.005,      32.932,       1.21744
    192,         5,        11,          0.36,      0.32,       0.4,      0.0025,         0,       0.005,     11.7693,      0.333942
    193,         6,        11,          0.44,       0.4,      0.48,      0.0025,         0,       0.005,     4.11813,      0.287255
    194,         7,        11,          0.52,      0.48,      0.56,      0.0025,         0,       0.005,    0.815593,     0.0533452
    195,         8,        11,           0.6,      0.56,      0.64,      0.0025,         0,       0.005,   0.0863506,     0.0331461
    196,         9,        11,          0.68,      0.64,      0.72,      0.0025,         0,       0.005,   0.0586325,     0.0389022
    197,        10,        11,          0.76,      0.72,       0.8,      0.0025,         0,       0.005,   0.0320118,     0.0162227
    198,        11,        11,          0.84,       0.8,      0.88,      0.0025,         0,       0.005,  0.00618143,    0.00461197
    199,        12,        11,          0.92,      0.88,      0.96,      0.0025,         0,       0.005,  0.00123598,    0.00123598
    200,        13,        11,             1,      0.96,      1.04,      0.0025,         0,       0.005, 0.000520161,   0.000520161
    201,        14,        11,          1.08,      1.04,      1.12,      0.0025,         0,       0.005, 0.000289861,   0.000212739
    202,        15,        11,          1.16,      1.12,       1.2,      0.0025,         0,       0.005,           0,             0
    205,         1,        12,          0.04,         0,      0.08,      0.0075,     0.005,        0.01,     14.4441,       3.72706
    206,         2,        12,          0.12,      0.08,      0.16,      0.0075,     0.005,        0.01,     70.1313,       5.53921
    207,         3,        12,           0.2,      0.16,      0.24,      0.0075,     0.005,        0.01,     81.1956,       3.59432
    208,         4,        12,          0.28,      0.24,      0.32,      0.0075,     0.005,        0.01,     38.6421,       1.22575
    209,         5,        12,          0.36,      0.32,       0.4,      0.0075,     0.005,        0.01,     12.7082,      0.367603
    210,         6,        12,          0.44,       0.4,      0.48,      0.0075,     0.005,        0.01,     5.33945,      0.941583
    211,         7,        12,          0.52,      0.48,      0.56,      0.0075,     0.005,        0.01,     1.39656,      0.302133
    212,         8,        12,           0.6,      0.56,      0.64,      0.0075,     0.005,        0.01,   0.0810009,     0.0225943
    213,         9,        12,          0.68,      0.64,      0.72,      0.0075,     0.005,        0.01,   0.0283016,     0.0113426
    214,        10,        12,          0.76,      0.72,       0.8,      0.0075,     0.005,        0.01,    0.339321,      0.238174
    215,        11,        12,          0.84,       0.8,      0.88,      0.0075,     0.005,        0.01,   0.0880837,     0.0712969
    216,        12,        12,          0.92,      0.88,      0.96,      0.0075,     0.005,        0.01,    0.016044,     0.0148138
    217,        13,        12,             1,      0.96,      1.04,      0.0075,     0.005,        0.01,  0.00379334,    0.00379334
    218,        14,        12,          1.08,      1.04,      1.12,      0.0075,     0.005,        0.01, 0.000123704,   0.000123704
    219,        15,        12,          1.16,      1.12,       1.2,      0.0075,     0.005,        0.01,           0,             0
    222,         1,        13,          0.04,         0,      0.08,      0.0125,      0.01,       0.015,     24.3356,        4.8678
    223,         2,        13,          0.12,      0.08,      0.16,      0.0125,      0.01,       0.015,     98.0869,       6.73496
    224,         3,        13,           0.2,      0.16,      0.24,      0.0125,      0.01,       0.015,     105.961,       4.31226
    225,         4,        13,          0.28,      0.24,      0.32,      0.0125,      0.01,       0.015,     43.2713,       1.33749
    226,         5,        13,          0.36,      0.32,       0.4,      0.0125,      0.01,       0.015,     13.0944,      0.450491
    227,         6,        13,          0.44,       0.4,      0.48,      0.0125,      0.01,       0.015,        4.73,      0.338747
    228,         7,        13,          0.52,      0.48,      0.56,      0.0125,      0.01,       0.015,     1.22475,      0.277822
    229,         8,        13,           0.6,      0.56,      0.64,      0.0125,      0.01,       0.015,    0.110844,     0.0314206
    230,         9,        13,          0.68,      0.64,      0.72,      0.0125,      0.01,       0.015,    0.015791,    0.00724532
    231,        10,        13,          0.76,      0.72,       0.8,      0.0125,      0.01,       0.015,   0.0084314,    0.00494714
    232,        11,        13,          0.84,       0.8,      0.88,      0.0125,      0.01,       0.015,   0.0420549,     0.0280462
    233,        12,        13,          0.92,      0.88,      0.96,      0.0125,      0.01,       0.015,   0.0180968,     0.0116151
    234,        13,        13,             1,      0.96,      1.04,      0.0125,      0.01,       0.015, 0.000524024,   0.000524024
    235,        14,        13,          1.08,      1.04,      1.12,      0.0125,      0.01,       0.015,   0.0318568,     0.0316146
    236,        15,        13,          1.16,      1.12,       1.2,      0.0125,      0.01,       0.015,           0,             0
    239,         1,        14,          0.04,         0,      0.08,      0.0175,     0.015,        0.02,     52.7694,       7.05566
    240,         2,        14,          0.12,      0.08,      0.16,      0.0175,     0.015,        0.02,     142.686,       7.99795
    241,         3,        14,           0.2,      0.16,      0.24,      0.0175,     0.015,        0.02,     126.015,       4.71422
    242,         4,        14,          0.28,      0.24,      0.32,      0.0175,     0.015,        0.02,     47.3749,       1.58908
    243,         5,        14,          0.36,      0.32,       0.4,      0.0175,     0.015,        0.02,     13.6381,      0.464905
    244,         6,        14,          0.44,       0.4,      0.48,      0.0175,     0.015,        0.02,     4.69719,      0.296665
    245,         7,        14,          0.52,      0.48,      0.56,      0.0175,     0.015,        0.02,     1.01523,     0.0866663
    246,         8,        14,           0.6,      0.56,      0.64,      0.0175,     0.015,        0.02,   0.0723728,     0.0196846
    247,         9,        14,          0.68,      0.64,      0.72,      0.0175,     0.015,        0.02,   0.0291214,     0.0123053
    248,        10,        14,          0.76,      0.72,       0.8,      0.0175,     0.015,        0.02,  0.00876225,    0.00492516
    249,        11,        14,          0.84,       0.8,      0.88,      0.0175,     0.015,        0.02,   0.0258393,     0.0234588
    250,        12,        14,          0.92,      0.88,      0.96,      0.0175,     0.015,        0.02,  0.00587069,    0.00445752
    251,        13,        14,             1,      0.96,      1.04,      0.0175,     0.015,        0.02,  0.00261723,    0.00161608
    252,        14,        14,          1.08,      1.04,      1.12,      0.0175,     0.015,        0.02,  0.00035552,   0.000299153
    253,        15,        14,          1.16,      1.12,       1.2,      0.0175,     0.015,        0.02, 0.000178444,   0.000178444
    256,         1,        15,          0.04,         0,      0.08,      0.0225,      0.02,       0.025,     98.1145,       11.4328
    257,         2,        15,          0.12,      0.08,      0.16,      0.0225,      0.02,       0.025,      219.11,        10.906
    258,         3,        15,           0.2,      0.16,      0.24,      0.0225,      0.02,       0.025,     159.048,       5.67233
    259,         4,        15,          0.28,      0.24,      0.32,      0.0225,      0.02,       0.025,      45.125,       1.45826
    260,         5,        15,          0.36,      0.32,       0.4,      0.0225,      0.02,       0.025,     13.4957,      0.598543
    261,         6,        15,          0.44,       0.4,      0.48,      0.0225,      0.02,       0.025,     4.47964,      0.364438
    262,         7,        15,          0.52,      0.48,      0.56,      0.0225,      0.02,       0.025,     1.85344,      0.635317
    263,         8,        15,           0.6,      0.56,      0.64,      0.0225,      0.02,       0.025,   0.0622217,     0.0168775
    264,         9,        15,          0.68,      0.64,      0.72,      0.0225,      0.02,       0.025,   0.0411115,     0.0162203
    265,        10,        15,          0.76,      0.72,       0.8,      0.0225,      0.02,       0.025,   0.0266865,     0.0215859
    266,        11,        15,          0.84,       0.8,      0.88,      0.0225,      0.02,       0.025,    0.101869,      0.097777
    267,        12,        15,          0.92,      0.88,      0.96,      0.0225,      0.02,       0.025,   0.0134062,     0.0110403
    268,        13,        15,             1,      0.96,      1.04,      0.0225,      0.02,       0.025,   0.0644147,     0.0642622
    269,        14,        15,          1.08,      1.04,      1.12,      0.0225,      0.02,       0.025, 0.000450434,   0.000323322
    270,        15,        15,          1.16,      1.12,       1.2,      0.0225,      0.02,       0.025,           0,             0
    273,         1,        16,          0.04,         0,      0.08,      0.0275,     0.025,        0.03,     145.162,       13.6059
    274,         2,        16,          0.12,      0.08,      0.16,      0.0275,     0.025,        0.03,     317.245,       13.9682
    275,         3,        16,           0.2,      0.16,      0.24,      0.0275,     0.025,        0.03,     162.622,       5.89262
    276,         4,        16,          0.28,      0.24,      0.32,      0.0275,     0.025,        0.03,      42.695,       1.58092
    277,         5,        16,          0.36,      0.32,       0.4,      0.0275,     0.025,        0.03,     12.5293,      0.604443
    278,         6,        16,          0.44,       0.4,      0.48,      0.0275,     0.025,        0.03,     4.75432,      0.555062
    279,         7,        16,          0.52,      0.48,      0.56,      0.0275,     0.025,        0.03,    0.981694,      0.146296
    280,         8,        16,           0.6,      0.56,      0.64,      0.0275,     0.025,        0.03,   0.0618936,     0.0119783
    281,         9,        16,          0.68,      0.64,      0.72,      0.0275,     0.025,        0.03,    0.049059,     0.0193675
    282,        10,        16,          0.76,      0.72,       0.8,      0.0275,     0.025,        0.03,   0.0387772,     0.0285258
    283,        11,        16,          0.84,       0.8,      0.88,      0.0275,     0.025,        0.03,   0.0351755,     0.0241771
    284,        12,        16,          0.92,      0.88,      0.96,      0.0275,     0.025,        0.03,           0,             0
    285,        13,        16,             1,      0.96,      1.04,      0.0275,     0.025,        0.03,   0.0329753,     0.0308042
    286,        14,        16,          1.08,      1.04,      1.12,      0.0275,     0.025,        0.03,           0,             0
    287,        15,        16,          1.16,      1.12,       1.2,      0.0275,     0.025,        0.03,           0,             0
    290,         1,        17,          0.04,         0,      0.08,      0.0325,      0.03,       0.035,     206.668,       16.3025
    291,         2,        17,          0.12,      0.08,      0.16,      0.0325,      0.03,       0.035,     380.975,       15.5448
    292,         3,        17,           0.2,      0.16,      0.24,      0.0325,      0.03,       0.035,     162.517,         6.306
    293,         4,        17,          0.28,      0.24,      0.32,      0.0325,      0.03,       0.035,     37.1161,       1.26357
    294,         5,        17,          0.36,      0.32,       0.4,      0.0325,      0.03,       0.035,     11.9623,      0.440567
    295,         6,        17,          0.44,       0.4,      0.48,      0.0325,      0.03,       0.035,     6.84517,       1.16337
    296,         7,        17,          0.52,      0.48,      0.56,      0.0325,      0.03,       0.035,     1.58019,      0.385384
    297,         8,        17,           0.6,      0.56,      0.64,      0.0325,      0.03,       0.035,    0.100062,     0.0197668
    298,         9,        17,          0.68,      0.64,      0.72,      0.0325,      0.03,       0.035,   0.0152004,    0.00811187
    299,        10,        17,          0.76,      0.72,       0.8,      0.0325,      0.03,       0.035,   0.0114093,       0.00588
    300,        11,        17,          0.84,       0.8,      0.88,      0.0325,      0.03,       0.035,    0.543081,      0.512648
    301,        12,        17,          0.92,      0.88,      0.96,      0.0325,      0.03,       0.035,   0.0125604,     0.0125604
    302,        13,        17,             1,      0.96,      1.04,      0.0325,      0.03,       0.035,   0.0157855,     0.0117008
    303,        14,        17,          1.08,      1.04,      1.12,      0.0325,      0.03,       0.035, 0.000613378,   0.000613378
    304,        15,        17,          1.16,      1.12,       1.2,      0.0325,      0.03,       0.035,           0,             0
    307,         1,        18,          0.04,         0,      0.08,      0.0375,     0.035,        0.04,     238.248,       17.6865
    308,         2,        18,          0.12,      0.08,      0.16,      0.0375,     0.035,        0.04,     393.553,       15.4929
    309,         3,        18,           0.2,      0.16,      0.24,      0.0375,     0.035,        0.04,     150.197,       5.84319
    310,         4,        18,          0.28,      0.24,      0.32,      0.0375,     0.035,        0.04,     38.2807,       1.42658
    311,         5,        18,          0.36,      0.32,       0.4,      0.0375,     0.035,        0.04,     11.1208,      0.375443
    312,         6,        18,          0.44,       0.4,      0.48,      0.0375,     0.035,        0.04,     4.38512,      0.326181
    313,         7,        18,          0.52,      0.48,      0.56,      0.0375,     0.035,        0.04,     1.05077,      0.154177
    314,         8,        18,           0.6,      0.56,      0.64,      0.0375,     0.035,        0.04,   0.0742929,     0.0172551
    315,         9,        18,          0.68,      0.64,      0.72,      0.0375,     0.035,        0.04,   0.0352291,     0.0144073
    316,        10,        18,          0.76,      0.72,       0.8,      0.0375,     0.035,        0.04,   0.0567694,     0.0228343
    317,        11,        18,          0.84,       0.8,      0.88,      0.0375,     0.035,        0.04,   0.0214497,      0.015591
    318,        12,        18,          0.92,      0.88,      0.96,      0.0375,     0.035,        0.04,  0.00592625,    0.00384282
    319,        13,        18,             1,      0.96,      1.04,      0.0375,     0.035,        0.04,  0.00511292,    0.00464419
    320,        14,        18,          1.08,      1.04,      1.12,      0.0375,     0.035,        0.04, 0.000153516,   0.000109003
    321,        15,        18,          1.16,      1.12,       1.2,      0.0375,     0.035,        0.04,           0,             0
    324,         1,        19,          0.04,         0,      0.08,      0.0425,      0.04,       0.045,     191.646,       14.0864
    325,         2,        19,          0.12,      0.08,      0.16,      0.0425,      0.04,       0.045,     357.242,       14.3905
    326,         3,        19,           0.2,      0.16,      0.24,      0.0425,      0.04,       0.045,     130.037,       5.27866
    327,         4,        19,          0.28,      0.24,      0.32,      0.0425,      0.04,       0.045,     31.3555,       1.14541
    328,         5,        19,          0.36,      0.32,       0.4,      0.0425,      0.04,       0.045,     11.5995,      0.677572
    329,         6,        19,          0.44,       0.4,      0.48,      0.0425,      0.04,       0.045,     4.21198,      0.499675
    330,         7,        19,          0.52,      0.48,      0.56,      0.0425,      0.04,       0.045,    0.973782,      0.102051
    331,         8,        19,           0.6,      0.56,      0.64,      0.0425,      0.04,       0.045,   0.0740433,     0.0122991
    332,         9,        19,          0.68,      0.64,      0.72,      0.0425,      0.04,       0.045,   0.0427901,     0.0307106
    333,        10,        19,          0.76,      0.72,       0.8,      0.0425,      0.04,       0.045,   0.0621638,     0.0347496
    334,        11,        19,          0.84,       0.8,      0.88,      0.0425,      0.04,       0.045,   0.0142782,    0.00788244
    335,        12,        19,          0.92,      0.88,      0.96,      0.0425,      0.04,       0.045,  0.00469466,    0.00255747
    336,        13,        19,             1,      0.96,      1.04,      0.0425,      0.04,       0.045, 0.000784683,    0.00056096
    337,        14,        19,          1.08,      1.04,      1.12,      0.0425,      0.04,       0.045, 0.000349297,   0.000349297
    338,        15,        19,          1.16,      1.12,       1.2,      0.0425,      0.04,       0.045, 0.000288833,   0.000204428
    341,         1,        20,          0.04,         0,      0.08,      0.0475,     0.045,        0.05,     134.132,       9.78334
    342,         2,        20,          0.12,      0.08,      0.16,      0.0475,     0.045,        0.05,     272.924,       11.7656
    343,         3,        20,           0.2,      0.16,      0.24,      0.0475,     0.045,        0.05,     125.826,       5.12308
    344,         4,        20,          0.28,      0.24,      0.32,      0.0475,     0.045,        0.05,     28.5553,       1.05199
    345,         5,        20,          0.36,      0.32,       0.4,      0.0475,     0.045,        0.05,     9.73176,       0.33242
    346,         6,        20,          0.44,       0.4,      0.48,      0.0475,     0.045,        0.05,     5.50522,       1.16078
    347,         7,        20,          0.52,      0.48,      0.56,      0.0475,     0.045,        0.05,     2.05646,       1.00169
    348,         8,        20,           0.6,      0.56,      0.64,      0.0475,     0.045,        0.05,    0.084834,     0.0210553
    349,         9,        20,          0.68,      0.64,      0.72,      0.0475,     0.045,        0.05,   0.0562393,     0.0219077
    350,        10,        20,          0.76,      0.72,       0.8,      0.0475,     0.045,        0.05,  0.00581774,    0.00303116
    351,        11,        20,          0.84,       0.8,      0.88,      0.0475,     0.045,        0.05,     0.13799,      0.125764
    352,        12,        20,          0.92,      0.88,      0.96,      0.0475,     0.045,        0.05,   0.0153149,     0.0150871
    353,        13,        20,             1,      0.96,      1.04,      0.0475,     0.045,        0.05,           0,             0
    354,        14,        20,          1.08,      1.04,      1.12,      0.0475,     0.045,        0.05, 0.000615987,   0.000310241
    355,        15,        20,          1.16,      1.12,       1.2,      0.0475,     0.045,        0.05,           0,             0
    358,         1,        21,          0.04,         0,      0.08,      0.0525,      0.05,       0.055,     113.733,       9.92039
    359,         2,        21,          0.12,      0.08,      0.16,      0.0525,      0.05,       0.055,     217.894,       9.85837
    360,         3,        21,           0.2,      0.16,      0.24,      0.0525,      0.05,       0.055,     98.2677,       4.08435
    361,         4,        21,          0.28,      0.24,      0.32,      0.0525,      0.05,       0.055,     26.3278,       1.23081
    362,         5,        21,          0.36,      0.32,       0.4,      0.0525,      0.05,       0.055,     8.92858,      0.319683
    363,         6,        21,          0.44,       0.4,      0.48,      0.0525,      0.05,       0.055,     3.93353,      0.332175
    364,         7,        21,          0.52,      0.48,      0.56,      0.0525,      0.05,       0.055,    0.830533,     0.0539189
    365,         8,        21,           0.6,      0.56,      0.64,      0.0525,      0.05,       0.055,    0.117246,     0.0348926
    366,         9,        21,          0.68,      0.64,      0.72,      0.0525,      0.05,       0.055,   0.0517836,     0.0180977
    367,        10,        21,          0.76,      0.72,       0.8,      0.0525,      0.05,       0.055,     0.15217,      0.130887
    368,        11,        21,          0.84,       0.8,      0.88,      0.0525,      0.05,       0.055,   0.0136889,    0.00839361
    369,        12,        21,          0.92,      0.88,      0.96,      0.0525,      0.05,       0.055,    0.059432,     0.0486507
    370,        13,        21,             1,      0.96,      1.04,      0.0525,      0.05,       0.055, 0.000421067,   0.000421067
    371,        14,        21,          1.08,      1.04,      1.12,      0.0525,      0.05,       0.055, 7.81193e-05,   7.81193e-05
    372,        15,        21,          1.16,      1.12,       1.2,      0.0525,      0.05,       0.055,  0.00013276,    0.00013276
    375,         1,        22,          0.04,         0,      0.08,      0.0575,     0.055,        0.06,     76.4132,       8.23613
    376,         2,        22,          0.12,      0.08,      0.16,      0.0575,     0.055,        0.06,      169.03,       8.31929
    377,         3,        22,           0.2,      0.16,      0.24,      0.0575,     0.055,        0.06,     88.7959,        3.9316
    378,         4,        22,          0.28,      0.24,      0.32,      0.0575,     0.055,        0.06,     22.4264,       0.83291
    379,         5,        22,          0.36,      0.32,       0.4,      0.0575,     0.055,        0.06,      8.7507,        0.3387
    380,         6,        22,          0.44,       0.4,      0.48,      0.0575,     0.055,        0.06,     4.83741,      0.716733
    381,         7,        22,          0.52,      0.48,      0.56,      0.0575,     0.055,        0.06,     1.03866,      0.136532
    382,         8,        22,           0.6,      0.56,      0.64,      0.0575,     0.055,        0.06,    0.168071,     0.0644655
    383,         9,        22,          0.68,      0.64,      0.72,      0.0575,     0.055,        0.06,   0.0559825,     0.0220384
    384,        10,        22,          0.76,      0.72,       0.8,      0.0575,     0.055,        0.06,    0.105658,     0.0777268
    385,        11,        22,          0.84,       0.8,      0.88,      0.0575,     0.055,        0.06,  0.00460125,    0.00362096
    386,        12,        22,          0.92,      0.88,      0.96,      0.0575,     0.055,        0.06,  0.00792125,    0.00467611
    387,        13,        22,             1,      0.96,      1.04,      0.0575,     0.055,        0.06, 0.000435179,    0.00028881
    388,        14,        22,          1.08,      1.04,      1.12,      0.0575,     0.055,        0.06, 0.000163074,    0.00011663
    389,        15,        22,          1.16,      1.12,       1.2,      0.0575,     0.055,        0.06, 0.000121285,   0.000121285
    392,         1,        23,          0.04,         0,      0.08,      0.0625,      0.06,       0.065,     58.2614,       6.95947
    393,         2,        23,          0.12,      0.08,      0.16,      0.0625,      0.06,       0.065,     130.167,       6.93493
    394,         3,        23,           0.2,      0.16,      0.24,      0.0625,      0.06,       0.065,     71.7738,       3.76267
    395,         4,        23,          0.28,      0.24,      0.32,      0.0625,      0.06,       0.065,     20.4832,      0.956095
    396,         5,        23,          0.36,      0.32,       0.4,      0.0625,      0.06,       0.065,     8.62523,      0.407874
    397,         6,        23,          0.44,       0.4,      0.48,      0.0625,      0.06,       0.065,     4.32191,      0.445793
    398,         7,        23,          0.52,      0.48,      0.56,      0.0625,      0.06,       0.065,    0.941797,      0.167181
    399,         8,        23,           0.6,      0.56,      0.64,      0.0625,      0.06,       0.065,    0.102043,     0.0229339
    400,         9,        23,          0.68,      0.64,      0.72,      0.0625,      0.06,       0.065,   0.0500221,     0.0268957
    401,        10,        23,          0.76,      0.72,       0.8,      0.0625,      0.06,       0.065,   0.0343453,      0.029373
    402,        11,        23,          0.84,       0.8,      0.88,      0.0625,      0.06,       0.065,   0.0149267,    0.00683196
    403,        12,        23,          0.92,      0.88,      0.96,      0.0625,      0.06,       0.065,    0.001016,      0.001016
    404,        13,        23,             1,      0.96,      1.04,      0.0625,      0.06,       0.065,           0,             0
    405,        14,        23,          1.08,      1.04,      1.12,      0.0625,      0.06,       0.065, 0.000114009,   0.000114009
    406,        15,        23,          1.16,      1.12,       1.2,      0.0625,      0.06,       0.065, 3.12997e-05,   2.24376e-05
    409,         1,        24,          0.04,         0,      0.08,      0.0675,     0.065,        0.07,     33.7893,       4.67282
    410,         2,        24,          0.12,      0.08,      0.16,      0.0675,     0.065,        0.07,     110.198,         6.251
    411,         3,        24,           0.2,      0.16,      0.24,      0.0675,     0.065,        0.07,     62.9913,       3.57662
    412,         4,        24,          0.28,      0.24,      0.32,      0.0675,     0.065,        0.07,     19.0849,      0.856834
    413,         5,        24,          0.36,      0.32,       0.4,      0.0675,     0.065,        0.07,     11.0836,       1.91801
    414,         6,        24,          0.44,       0.4,      0.48,      0.0675,     0.065,        0.07,     4.55508,      0.707676
    415,         7,        24,          0.52,      0.48,      0.56,      0.0675,     0.065,        0.07,    0.817057,     0.0896682
    416,         8,        24,           0.6,      0.56,      0.64,      0.0675,     0.065,        0.07,    0.130231,     0.0407163
    417,         9,        24,          0.68,      0.64,      0.72,      0.0675,     0.065,        0.07,   0.0814043,     0.0484759
    418,        10,        24,          0.76,      0.72,       0.8,      0.0675,     0.065,        0.07,   0.0252542,     0.0127359
    419,        11,        24,          0.84,       0.8,      0.88,      0.0675,     0.065,        0.07,   0.0328814,     0.0285222
    420,        12,        24,          0.92,      0.88,      0.96,      0.0675,     0.065,        0.07,   0.0178974,     0.0163684
    421,        13,        24,             1,      0.96,      1.04,      0.0675,     0.065,        0.07, 0.000620425,   0.000458284
    422,        14,        24,          1.08,      1.04,      1.12,      0.0675,     0.065,        0.07,           0,             0
    423,        15,        24,          1.16,      1.12,       1.2,      0.0675,     0.065,        0.07,           0,             0
    426,         1,        25,          0.04,         0,      0.08,      0.0725,      0.07,       0.075,     22.3096,       4.06018
    427,         2,        25,          0.12,      0.08,      0.16,      0.0725,      0.07,       0.075,     84.8189,       6.11166
    428,         3,        25,           0.2,      0.16,      0.24,      0.0725,      0.07,       0.075,     50.1403,       2.76637
    429,         4,        25,          0.28,      0.24,      0.32,      0.0725,      0.07,       0.075,     18.0035,       1.24176
    430,         5,        25,          0.36,      0.32,       0.4,      0.0725,      0.07,       0.075,     9.65686,       1.08332
    431,         6,        25,          0.44,       0.4,      0.48,      0.0725,      0.07,       0.075,      3.6242,      0.322764
    432,         7,        25,          0.52,      0.48,      0.56,      0.0725,      0.07,       0.075,    0.781254,     0.0725074
    433,         8,        25,           0.6,      0.56,      0.64,      0.0725,      0.07,       0.075,    0.119761,     0.0326018
    434,         9,        25,          0.68,      0.64,      0.72,      0.0725,      0.07,       0.075,    0.108979,     0.0523881
    435,        10,        25,          0.76,      0.72,       0.8,      0.0725,      0.07,       0.075,   0.0645169,     0.0438978
    436,        11,        25,          0.84,       0.8,      0.88,      0.0725,      0.07,       0.075,   0.0079155,     0.0049717
    437,        12,        25,          0.92,      0.88,      0.96,      0.0725,      0.07,       0.075,    0.274637,      0.273741
    438,        13,        25,             1,      0.96,      1.04,      0.0725,      0.07,       0.075, 0.000302904,   0.000215232
    439,        14,        25,          1.08,      1.04,      1.12,      0.0725,      0.07,       0.075, 0.000533511,   0.000468923
    440,        15,        25,          1.16,      1.12,       1.2,      0.0725,      0.07,       0.075, 7.20888e-05,   7.20888e-05
    443,         1,        26,          0.04,         0,      0.08,      0.0775,     0.075,        0.08,     15.3878,       2.99039
    444,         2,        26,          0.12,      0.08,      0.16,      0.0775,     0.075,        0.08,     68.2642,        5.0125
    445,         3,        26,           0.2,      0.16,      0.24,      0.0775,     0.075,        0.08,     43.7423,       2.65568
    446,         4,        26,          0.28,      0.24,      0.32,      0.0775,     0.075,        0.08,     16.5791,       1.05353
    447,         5,        26,          0.36,      0.32,       0.4,      0.0775,     0.075,        0.08,     8.77807,      0.846665
    448,         6,        26,          0.44,       0.4,      0.48,      0.0775,     0.075,        0.08,     3.70011,       0.31054
    449,         7,        26,          0.52,      0.48,      0.56,      0.0775,     0.075,        0.08,    0.706955,     0.0500044
    450,         8,        26,           0.6,      0.56,      0.64,      0.0775,     0.075,        0.08,   0.0946891,     0.0215108
    451,         9,        26,          0.68,      0.64,      0.72,      0.0775,     0.075,        0.08,     0.19735,      0.131473
    452,        10,        26,          0.76,      0.72,       0.8,      0.0775,     0.075,        0.08,    0.129911,      0.106973
    453,        11,        26,          0.84,       0.8,      0.88,      0.0775,     0.075,        0.08,  0.00142593,    0.00107289
    454,        12,        26,          0.92,      0.88,      0.96,      0.0775,     0.075,        0.08,    0.010551,    0.00760933
    455,        13,        26,             1,      0.96,      1.04,      0.0775,     0.075,        0.08, 0.000256487,   0.000185271
    456,        14,        26,          1.08,      1.04,      1.12,      0.0775,     0.075,        0.08, 4.97093e-05,   4.97093e-05
    457,        15,        26,          1.16,      1.12,       1.2,      0.0775,     0.075,        0.08, 2.78224e-05,   2.78224e-05
    460,         1,        27,          0.04,         0,      0.08,      0.0825,      0.08,       0.085,     10.8058,       2.29584
    461,         2,        27,          0.12,      0.08,      0.16,      0.0825,      0.08,       0.085,     72.8133,       6.17695
    462,         3,        27,           0.2,      0.16,      0.24,      0.0825,      0.08,       0.085,     34.9494,       2.20367
    463,         4,        27,          0.28,      0.24,      0.32,      0.0825,      0.08,       0.085,      15.043,      0.829256
    464,         5,        27,          0.36,      0.32,       0.4,      0.0825,      0.08,       0.085,     8.36676,       1.09213
    465,         6,        27,          0.44,       0.4,      0.48,      0.0825,      0.08,       0.085,     4.58125,       1.16677
    466,         7,        27,          0.52,      0.48,      0.56,      0.0825,      0.08,       0.085,    0.796211,     0.0988834
    467,         8,        27,           0.6,      0.56,      0.64,      0.0825,      0.08,       0.085,    0.454045,      0.318501
    468,         9,        27,          0.68,      0.64,      0.72,      0.0825,      0.08,       0.085,    0.175571,     0.0670298
    469,        10,        27,          0.76,      0.72,       0.8,      0.0825,      0.08,       0.085,   0.0460086,     0.0244002
    470,        11,        27,          0.84,       0.8,      0.88,      0.0825,      0.08,       0.085,  0.00765603,    0.00352455
    471,        12,        27,          0.92,      0.88,      0.96,      0.0825,      0.08,       0.085,  0.00206572,    0.00121852
    472,        13,        27,             1,      0.96,      1.04,      0.0825,      0.08,       0.085,           0,             0
    473,        14,        27,          1.08,      1.04,      1.12,      0.0825,      0.08,       0.085,           0,             0
    474,        15,        27,          1.16,      1.12,       1.2,      0.0825,      0.08,       0.085, 3.28241e-05,   3.28241e-05
    477,         1,        28,          0.04,         0,      0.08,      0.0875,     0.085,        0.09,     8.23522,       2.18635
    478,         2,        28,          0.12,      0.08,      0.16,      0.0875,     0.085,        0.09,     46.7707,        4.2904
    479,         3,        28,           0.2,      0.16,      0.24,      0.0875,     0.085,        0.09,     34.9222,       2.13928
    480,         4,        28,          0.28,      0.24,      0.32,      0.0875,     0.085,        0.09,      15.768,       2.15952
    481,         5,        28,          0.36,      0.32,       0.4,      0.0875,     0.085,        0.09,     11.4185,       1.89991
    482,         6,        28,          0.44,       0.4,      0.48,      0.0875,     0.085,        0.09,     3.23403,      0.392619
    483,         7,        28,          0.52,      0.48,      0.56,      0.0875,     0.085,        0.09,     1.05242,      0.176227
    484,         8,        28,           0.6,      0.56,      0.64,      0.0875,     0.085,        0.09,    0.232325,     0.0614748
    485,         9,        28,          0.68,      0.64,      0.72,      0.0875,     0.085,        0.09,    0.399347,      0.225183
    486,        10,        28,          0.76,      0.72,       0.8,      0.0875,     0.085,        0.09,   0.0537497,     0.0395975
    487,        11,        28,          0.84,       0.8,      0.88,      0.0875,     0.085,        0.09,  0.00989039,    0.00597747
    488,        12,        28,          0.92,      0.88,      0.96,      0.0875,     0.085,        0.09,  0.00319845,    0.00204855
    489,        13,        28,             1,      0.96,      1.04,      0.0875,     0.085,        0.09, 0.000182914,   0.000182914
    490,        14,        28,          1.08,      1.04,      1.12,      0.0875,     0.085,        0.09,   0.0103046,    0.00891674
    491,        15,        28,          1.16,      1.12,       1.2,      0.0875,     0.085,        0.09,           0,             0
    494,         1,        29,          0.04,         0,      0.08,      0.0925,      0.09,       0.095,     5.65309,       1.48339
    495,         2,        29,          0.12,      0.08,      0.16,      0.0925,      0.09,       0.095,     46.6262,       5.08163
    496,         3,        29,           0.2,      0.16,      0.24,      0.0925,      0.09,       0.095,     31.1333,       2.60785
    497,         4,        29,          0.28,      0.24,      0.32,      0.0925,      0.09,       0.095,     14.7128,         1.438
    498,         5,        29,          0.36,      0.32,       0.4,      0.0925,      0.09,       0.095,     7.62888,      0.642789
    499,         6,        29,          0.44,       0.4,      0.48,      0.0925,      0.09,       0.095,     3.84945,      0.502483
    500,         7,        29,          0.52,      0.48,      0.56,      0.0925,      0.09,       0.095,    0.743519,     0.0520711
    501,         8,        29,           0.6,      0.56,      0.64,      0.0925,      0.09,       0.095,    0.859416,      0.515789
    502,         9,        29,          0.68,      0.64,      0.72,      0.0925,      0.09,       0.095,   0.0706594,     0.0275425
    503,        10,        29,          0.76,      0.72,       0.8,      0.0925,      0.09,       0.095,   0.0156006,    0.00555514
    504,        11,        29,          0.84,       0.8,      0.88,      0.0925,      0.09,       0.095,   0.0329477,     0.0205686
    505,        12,        29,          0.92,      0.88,      0.96,      0.0925,      0.09,       0.095,  0.00533338,    0.00465511
    506,        13,        29,             1,      0.96,      1.04,      0.0925,      0.09,       0.095, 3.82993e-05,   3.82993e-05
    507,        14,        29,          1.08,      1.04,      1.12,      0.0925,      0.09,       0.095,           0,             0
    508,        15,        29,          1.16,      1.12,       1.2,      0.0925,      0.09,       0.095, 0.000220608,   0.000220608
    511,         1,        30,          0.04,         0,      0.08,      0.0975,     0.095,         0.1,     10.2033,       3.91893
    512,         2,        30,          0.12,      0.08,      0.16,      0.0975,     0.095,         0.1,     38.8435,       4.49771
    513,         3,        30,           0.2,      0.16,      0.24,      0.0975,     0.095,         0.1,     33.3578,       3.20807
    514,         4,        30,          0.28,      0.24,      0.32,      0.0975,     0.095,         0.1,     13.8171,       2.37914
    515,         5,        30,          0.36,      0.32,       0.4,      0.0975,     0.095,         0.1,     7.10698,       0.50816
    516,         6,        30,          0.44,       0.4,      0.48,      0.0975,     0.095,         0.1,      2.7597,      0.160959
    517,         7,        30,          0.52,      0.48,      0.56,      0.0975,     0.095,         0.1,    0.779696,     0.0673176
    518,         8,        30,           0.6,      0.56,      0.64,      0.0975,     0.095,         0.1,     0.09788,     0.0188124
    519,         9,        30,          0.68,      0.64,      0.72,      0.0975,     0.095,         0.1,   0.0459088,     0.0173656
    520,        10,        30,          0.76,      0.72,       0.8,      0.0975,     0.095,         0.1,   0.0201885,    0.00802683
    521,        11,        30,          0.84,       0.8,      0.88,      0.0975,     0.095,         0.1,   0.0656604,     0.0582991
    522,        12,        30,          0.92,      0.88,      0.96,      0.0975,     0.095,         0.1,  0.00430785,    0.00317017
    523,        13,        30,             1,      0.96,      1.04,      0.0975,     0.095,         0.1,           0,             0
    524,        14,        30,          1.08,      1.04,      1.12,      0.0975,     0.095,         0.1,           0,             0
    525,        15,        30,          1.16,      1.12,       1.2,      0.0975,     0.095,         0.1,           0,             0
    528,         1,        31,          0.04,         0,      0.08,      0.1025,       0.1,       0.105,     5.98147,       2.50062
    529,         2,        31,          0.12,      0.08,      0.16,      0.1025,       0.1,       0.105,      32.858,        4.2847
    530,         3,        31,           0.2,      0.16,      0.24,      0.1025,       0.1,       0.105,     25.5323,       2.11347
    531,         4,        31,          0.28,      0.24,      0.32,      0.1025,       0.1,       0.105,     13.0245,      0.985094
    532,         5,        31,          0.36,      0.32,       0.4,      0.1025,       0.1,       0.105,     6.70223,      0.602666
    533,         6,        31,          0.44,       0.4,      0.48,      0.1025,       0.1,       0.105,     2.89474,      0.201617
    534,         7,        31,          0.52,      0.48,      0.56,      0.1025,       0.1,       0.105,    0.935015,     0.0965728
    535,         8,        31,           0.6,      0.56,      0.64,      0.1025,       0.1,       0.105,     0.33166,      0.209811
    536,         9,        31,          0.68,      0.64,      0.72,      0.1025,       0.1,       0.105,    0.107799,     0.0590148
    537,        10,        31,          0.76,      0.72,       0.8,      0.1025,       0.1,       0.105,   0.0261805,     0.0116851
    538,        11,        31,          0.84,       0.8,      0.88,      0.1025,       0.1,       0.105,  0.00196796,    0.00167803
    539,        12,        31,          0.92,      0.88,      0.96,      0.1025,       0.1,       0.105,   0.0199582,     0.0180182
    540,        13,        31,             1,      0.96,      1.04,      0.1025,       0.1,       0.105,  0.00060456,   0.000566294
    541,        14,        31,          1.08,      1.04,      1.12,      0.1025,       0.1,       0.105, 5.34892e-05,   5.34892e-05
    542,        15,        31,          1.16,      1.12,       1.2,      0.1025,       0.1,       0.105,           0,             0
    545,         1,        32,          0.04,         0,      0.08,      0.1075,     0.105,        0.11,     2.21397,       1.34648
    546,         2,        32,          0.12,      0.08,      0.16,      0.1075,     0.105,        0.11,     38.6033,       5.22711
    547,         3,        32,           0.2,      0.16,      0.24,      0.1075,     0.105,        0.11,     29.5604,       3.15066
    548,         4,        32,          0.28,      0.24,      0.32,      0.1075,     0.105,        0.11,     14.4124,       1.61878
    549,         5,        32,          0.36,      0.32,       0.4,      0.1075,     0.105,        0.11,     7.46416,      0.880223
    550,         6,        32,          0.44,       0.4,      0.48,      0.1075,     0.105,        0.11,     3.25353,      0.457682
    551,         7,        32,          0.52,      0.48,      0.56,      0.1075,     0.105,        0.11,     1.16066,      0.248355
    552,         8,        32,           0.6,      0.56,      0.64,      0.1075,     0.105,        0.11,     0.29057,      0.110221
    553,         9,        32,          0.68,      0.64,      0.72,      0.1075,     0.105,        0.11,    0.175119,      0.102959
    554,        10,        32,          0.76,      0.72,       0.8,      0.1075,     0.105,        0.11,   0.0298338,     0.0119788
    555,        11,        32,          0.84,       0.8,      0.88,      0.1075,     0.105,        0.11,   0.0100924,    0.00504314
    556,        12,        32,          0.92,      0.88,      0.96,      0.1075,     0.105,        0.11,  0.00770969,    0.00600485
    557,        13,        32,             1,      0.96,      1.04,      0.1075,     0.105,        0.11,           0,             0
    558,        14,        32,          1.08,      1.04,      1.12,      0.1075,     0.105,        0.11, 8.81619e-05,   8.81619e-05
    559,        15,        32,          1.16,      1.12,       1.2,      0.1075,     0.105,        0.11,           0,             0
    562,         1,        33,          0.04,         0,      0.08,      0.1125,      0.11,       0.115,     1.49637,      0.820493
    563,         2,        33,          0.12,      0.08,      0.16,      0.1125,      0.11,       0.115,     21.6338,       3.29851
    564,         3,        33,           0.2,      0.16,      0.24,      0.1125,      0.11,       0.115,     29.9913,       3.00422
    565,         4,        33,          0.28,      0.24,      0.32,      0.1125,      0.11,       0.115,     14.0073,       1.48867
    566,         5,        33,          0.36,      0.32,       0.4,      0.1125,      0.11,       0.115,      8.5571,       1.62076
    567,         6,        33,          0.44,       0.4,      0.48,      0.1125,      0.11,       0.115,     2.89004,      0.277804
    568,         7,        33,          0.52,      0.48,      0.56,      0.1125,      0.11,       0.115,     1.25647,      0.497309
    569,         8,        33,           0.6,      0.56,      0.64,      0.1125,      0.11,       0.115,    0.422645,      0.153274
    570,         9,        33,          0.68,      0.64,      0.72,      0.1125,      0.11,       0.115,   0.0675851,      0.022518
    571,        10,        33,          0.76,      0.72,       0.8,      0.1125,      0.11,       0.115,   0.0342211,     0.0217089
    572,        11,        33,          0.84,       0.8,      0.88,      0.1125,      0.11,       0.115,   0.0204915,     0.0129274
    573,        12,        33,          0.92,      0.88,      0.96,      0.1125,      0.11,       0.115,    0.020366,     0.0156269
    574,        13,        33,             1,      0.96,      1.04,      0.1125,      0.11,       0.115, 0.000421038,   0.000421038
    575,        14,        33,          1.08,      1.04,      1.12,      0.1125,      0.11,       0.115,           0,             0
    576,        15,        33,          1.16,      1.12,       1.2,      0.1125,      0.11,       0.115,           0,             0
    579,         1,        34,          0.04,         0,      0.08,      0.1175,     0.115,        0.12,     1.65028,      0.628775
    580,         2,        34,          0.12,      0.08,      0.16,      0.1175,     0.115,        0.12,     25.6802,       4.23862
    581,         3,        34,           0.2,      0.16,      0.24,      0.1175,     0.115,        0.12,     22.7035,       2.31705
    582,         4,        34,          0.28,      0.24,      0.32,      0.1175,     0.115,        0.12,      13.302,        1.5709
    583,         5,        34,          0.36,      0.32,       0.4,      0.1175,     0.115,        0.12,     7.38606,      0.823906
    584,         6,        34,          0.44,       0.4,      0.48,      0.1175,     0.115,        0.12,     3.46467,      0.459057
    585,         7,        34,          0.52,      0.48,      0.56,      0.1175,     0.115,        0.12,    0.814599,      0.104876
    586,         8,        34,           0.6,      0.56,      0.64,      0.1175,     0.115,        0.12,    0.270883,      0.100429
    587,         9,        34,          0.68,      0.64,      0.72,      0.1175,     0.115,        0.12,     0.15903,     0.0748647
    588,        10,        34,          0.76,      0.72,       0.8,      0.1175,     0.115,        0.12,   0.0283682,     0.0181853
    589,        11,        34,          0.84,       0.8,      0.88,      0.1175,     0.115,        0.12,  0.00400562,    0.00285284
    590,        12,        34,          0.92,      0.88,      0.96,      0.1175,     0.115,        0.12, 0.000249258,   0.000149714
    591,        13,        34,             1,      0.96,      1.04,      0.1175,     0.115,        0.12, 0.000450048,   0.000249857
    592,        14,        34,          1.08,      1.04,      1.12,      0.1175,     0.115,        0.12,           0,             0
    593,        15,        34,          1.16,      1.12,       1.2,      0.1175,     0.115,        0.12,  1.0187e-05,    1.0187e-05
    596,         1,        35,          0.04,         0,      0.08,      0.1225,      0.12,       0.125,     3.80189,       2.62655
    597,         2,        35,          0.12,      0.08,      0.16,      0.1225,      0.12,       0.125,     25.1369,       5.09585
    598,         3,        35,           0.2,      0.16,      0.24,      0.1225,      0.12,       0.125,     29.7074,       3.27564
    599,         4,        35,          0.28,      0.24,      0.32,      0.1225,      0.12,       0.125,     15.1235,       1.71229
    600,         5,        35,          0.36,      0.32,       0.4,      0.1225,      0.12,       0.125,     7.59798,      0.885736
    601,         6,        35,          0.44,       0.4,      0.48,      0.1225,      0.12,       0.125,     3.14022,      0.318284
    602,         7,        35,          0.52,      0.48,      0.56,      0.1225,      0.12,       0.125,     1.20949,      0.184444
    603,         8,        35,           0.6,      0.56,      0.64,      0.1225,      0.12,       0.125,    0.509247,      0.244707
    604,         9,        35,          0.68,      0.64,      0.72,      0.1225,      0.12,       0.125,    0.123292,     0.0743128
    605,        10,        35,          0.76,      0.72,       0.8,      0.1225,      0.12,       0.125,   0.0240506,    0.00995854
    606,        11,        35,          0.84,       0.8,      0.88,      0.1225,      0.12,       0.125,   0.0282045,     0.0257322
    607,        12,        35,          0.92,      0.88,      0.96,      0.1225,      0.12,       0.125,  0.00538535,    0.00353355
    608,        13,        35,             1,      0.96,      1.04,      0.1225,      0.12,       0.125,   0.0042609,     0.0042474
    609,        14,        35,          1.08,      1.04,      1.12,      0.1225,      0.12,       0.125, 4.25755e-05,   4.25755e-05
    610,        15,        35,          1.16,      1.12,       1.2,      0.1225,      0.12,       0.125,           0,             0
    613,         1,        36,          0.04,         0,      0.08,      0.1275,     0.125,        0.13,    0.243504,      0.129243
    614,         2,        36,          0.12,      0.08,      0.16,      0.1275,     0.125,        0.13,      21.238,        3.1264
    615,         3,        36,           0.2,      0.16,      0.24,      0.1275,     0.125,        0.13,     24.2583,       2.79953
    616,         4,        36,          0.28,      0.24,      0.32,      0.1275,     0.125,        0.13,     12.0208,       1.25882
    617,         5,        36,          0.36,      0.32,       0.4,      0.1275,     0.125,        0.13,     7.80389,       1.09038
    618,         6,        36,          0.44,       0.4,      0.48,      0.1275,     0.125,        0.13,      4.3493,      0.927873
    619,         7,        36,          0.52,      0.48,      0.56,      0.1275,     0.125,        0.13,     1.18536,      0.199024
    620,         8,        36,           0.6,      0.56,      0.64,      0.1275,     0.125,        0.13,    0.298569,     0.0947462
    621,         9,        36,          0.68,      0.64,      0.72,      0.1275,     0.125,        0.13,   0.0833826,     0.0257405
    622,        10,        36,          0.76,      0.72,       0.8,      0.1275,     0.125,        0.13,  0.00726075,    0.00486611
    623,        11,        36,          0.84,       0.8,      0.88,      0.1275,     0.125,        0.13,  0.00544106,    0.00365756
    624,        12,        36,          0.92,      0.88,      0.96,      0.1275,     0.125,        0.13,    0.001859,    0.00105523
    625,        13,        36,             1,      0.96,      1.04,      0.1275,     0.125,        0.13, 0.000252313,   0.000186901
    626,        14,        36,          1.08,      1.04,      1.12,      0.1275,     0.125,        0.13,   6.301e-05,     6.301e-05
    627,        15,        36,          1.16,      1.12,       1.2,      0.1275,     0.125,        0.13, 0.000734466,   0.000734466
    630,         1,        37,          0.04,         0,      0.08,      0.1325,      0.13,       0.135,    0.119065,     0.0622417
    631,         2,        37,          0.12,      0.08,      0.16,      0.1325,      0.13,       0.135,     15.6957,       3.06588
    632,         3,        37,           0.2,      0.16,      0.24,      0.1325,      0.13,       0.135,     35.1188,       3.94311
    633,         4,        37,          0.28,      0.24,      0.32,      0.1325,      0.13,       0.135,     16.2812,       1.80341
    634,         5,        37,          0.36,      0.32,       0.4,      0.1325,      0.13,       0.135,     6.13013,      0.449312
    635,         6,        37,          0.44,       0.4,      0.48,      0.1325,      0.13,       0.135,     2.62822,      0.286228
    636,         7,        37,          0.52,      0.48,      0.56,      0.1325,      0.13,       0.135,    0.924385,      0.107857
    637,         8,        37,           0.6,      0.56,      0.64,      0.1325,      0.13,       0.135,    0.779357,      0.587095
    638,         9,        37,          0.68,      0.64,      0.72,      0.1325,      0.13,       0.135,   0.0941522,     0.0311542
    639,        10,        37,          0.76,      0.72,       0.8,      0.1325,      0.13,       0.135,    0.781218,      0.771816
    640,        11,        37,          0.84,       0.8,      0.88,      0.1325,      0.13,       0.135,    0.044796,     0.0347921
    641,        12,        37,          0.92,      0.88,      0.96,      0.1325,      0.13,       0.135,  0.00239688,    0.00160091
    642,        13,        37,             1,      0.96,      1.04,      0.1325,      0.13,       0.135,   0.0205915,     0.0195391
    643,        14,        37,          1.08,      1.04,      1.12,      0.1325,      0.13,       0.135,           0,             0
    644,        15,        37,          1.16,      1.12,       1.2,      0.1325,      0.13,       0.135,           0,             0
    647,         1,        38,          0.04,         0,      0.08,      0.1375,     0.135,        0.14,  0.00431196,    0.00162928
    648,         2,        38,          0.12,      0.08,      0.16,      0.1375,     0.135,        0.14,     13.6932,       2.67863
    649,         3,        38,           0.2,      0.16,      0.24,      0.1375,     0.135,        0.14,     28.2012,       3.25211
    650,         4,        38,          0.28,      0.24,      0.32,      0.1375,     0.135,        0.14,     15.5068,       1.88651
    651,         5,        38,          0.36,      0.32,       0.4,      0.1375,     0.135,        0.14,     6.48927,      0.853354
    652,         6,        38,          0.44,       0.4,      0.48,      0.1375,     0.135,        0.14,     3.31422,      0.405033
    653,         7,        38,          0.52,      0.48,      0.56,      0.1375,     0.135,        0.14,     2.06825,      0.743673
    654,         8,        38,           0.6,      0.56,      0.64,      0.1375,     0.135,        0.14,    0.638952,      0.215856
    655,         9,        38,          0.68,      0.64,      0.72,      0.1375,     0.135,        0.14,    0.180906,      0.114567
    656,        10,        38,          0.76,      0.72,       0.8,      0.1375,     0.135,        0.14,   0.0441522,     0.0219208
    657,        11,        38,          0.84,       0.8,      0.88,      0.1375,     0.135,        0.14,   0.0410701,     0.0314182
    658,        12,        38,          0.92,      0.88,      0.96,      0.1375,     0.135,        0.14,  0.00101527,   0.000601518
    659,        13,        38,             1,      0.96,      1.04,      0.1375,     0.135,        0.14,  0.00772174,    0.00732863
    660,        14,        38,          1.08,      1.04,      1.12,      0.1375,     0.135,        0.14,           0,             0
    661,        15,        38,          1.16,      1.12,       1.2,      0.1375,     0.135,        0.14,           0,             0
    664,         1,        39,          0.04,         0,      0.08,      0.1425,      0.14,       0.145,    0.207685,      0.190008
    665,         2,        39,          0.12,      0.08,      0.16,      0.1425,      0.14,       0.145,     16.3449,       3.49425
    666,         3,        39,           0.2,      0.16,      0.24,      0.1425,      0.14,       0.145,     29.2882,       3.38417
    667,         4,        39,          0.28,      0.24,      0.32,      0.1425,      0.14,       0.145,      16.389,       1.90458
    668,         5,        39,          0.36,      0.32,       0.4,      0.1425,      0.14,       0.145,     7.81878,       1.10096
    669,         6,        39,          0.44,       0.4,      0.48,      0.1425,      0.14,       0.145,     3.47505,      0.499275
    670,         7,        39,          0.52,      0.48,      0.56,      0.1425,      0.14,       0.145,     1.48646,      0.368363
    671,         8,        39,           0.6,      0.56,      0.64,      0.1425,      0.14,       0.145,    0.196587,     0.0426876
    672,         9,        39,          0.68,      0.64,      0.72,      0.1425,      0.14,       0.145,    0.539997,      0.482363
    673,        10,        39,          0.76,      0.72,       0.8,      0.1425,      0.14,       0.145,   0.0193928,    0.00860105
    674,        11,        39,          0.84,       0.8,      0.88,      0.1425,      0.14,       0.145,    0.139618,      0.135729
    675,        12,        39,          0.92,      0.88,      0.96,      0.1425,      0.14,       0.145, 0.000417236,   0.000258498
    676,        13,        39,             1,      0.96,      1.04,      0.1425,      0.14,       0.145,   0.0100497,    0.00904542
    677,        14,        39,          1.08,      1.04,      1.12,      0.1425,      0.14,       0.145,           0,             0
    678,        15,        39,          1.16,      1.12,       1.2,      0.1425,      0.14,       0.145,           0,             0
    681,         1,        40,          0.04,         0,      0.08,      0.1475,     0.145,        0.15, 0.000856328,   0.000463959
    682,         2,        40,          0.12,      0.08,      0.16,      0.1475,     0.145,        0.15,     10.2361,       2.31913
    683,         3,        40,           0.2,      0.16,      0.24,      0.1475,     0.145,        0.15,      24.485,       3.36727
    684,         4,        40,          0.28,      0.24,      0.32,      0.1475,     0.145,        0.15,     18.8434,       2.14438
    685,         5,        40,          0.36,      0.32,       0.4,      0.1475,     0.145,        0.15,     6.48114,      0.679554
    686,         6,        40,          0.44,       0.4,      0.48,      0.1475,     0.145,        0.15,      3.7568,      0.586871
    687,         7,        40,          0.52,      0.48,      0.56,      0.1475,     0.145,        0.15,     1.25487,      0.264625
    688,         8,        40,           0.6,      0.56,      0.64,      0.1475,     0.145,        0.15,    0.338326,     0.0910327
    689,         9,        40,          0.68,      0.64,      0.72,      0.1475,     0.145,        0.15,   0.0678584,     0.0186216
    690,        10,        40,          0.76,      0.72,       0.8,      0.1475,     0.145,        0.15,   0.0361387,     0.0277521
    691,        11,        40,          0.84,       0.8,      0.88,      0.1475,     0.145,        0.15,   0.0328614,     0.0278188
    692,        12,        40,          0.92,      0.88,      0.96,      0.1475,     0.145,        0.15,    0.191206,      0.144132
    693,        13,        40,             1,      0.96,      1.04,      0.1475,     0.145,        0.15, 2.70427e-05,   2.70427e-05
    694,        14,        40,          1.08,      1.04,      1.12,      0.1475,     0.145,        0.15,           0,             0
    695,        15,        40,          1.16,      1.12,       1.2,      0.1475,     0.145,        0.15, 2.93408e-05,   2.93408e-05
    698,         1,        41,          0.04,         0,      0.08,      0.1525,      0.15,       0.155, 7.71278e-05,   7.71278e-05
    699,         2,        41,          0.12,      0.08,      0.16,      0.1525,      0.15,       0.155,     15.2296,       4.03744
    700,         3,        41,           0.2,      0.16,      0.24,      0.1525,      0.15,       0.155,     35.1865,       5.03999
    701,         4,        41,          0.28,      0.24,      0.32,      0.1525,      0.15,       0.155,     15.0321,       1.69136
    702,         5,        41,          0.36,      0.32,       0.4,      0.1525,      0.15,       0.155,     6.91807,      0.728876
    703,         6,        41,          0.44,       0.4,      0.48,      0.1525,      0.15,       0.155,     2.34458,      0.221766
    704,         7,        41,          0.52,      0.48,      0.56,      0.1525,      0.15,       0.155,     3.13012,        1.1452
    705,         8,        41,           0.6,      0.56,      0.64,      0.1525,      0.15,       0.155,    0.254634,     0.0899005
    706,         9,        41,          0.68,      0.64,      0.72,      0.1525,      0.15,       0.155,    0.178168,      0.134914
    707,        10,        41,          0.76,      0.72,       0.8,      0.1525,      0.15,       0.155,    0.017009,    0.00926205
    708,        11,        41,          0.84,       0.8,      0.88,      0.1525,      0.15,       0.155,  0.00513411,    0.00428251
    709,        12,        41,          0.92,      0.88,      0.96,      0.1525,      0.15,       0.155,   0.0155624,     0.0129532
    710,        13,        41,             1,      0.96,      1.04,      0.1525,      0.15,       0.155,           0,             0
    711,        14,        41,          1.08,      1.04,      1.12,      0.1525,      0.15,       0.155, 0.000666355,   0.000654068
    712,        15,        41,          1.16,      1.12,       1.2,      0.1525,      0.15,       0.155,           0,             0
    715,         1,        42,          0.04,         0,      0.08,      0.1575,     0.155,        0.16,           0,             0
    716,         2,        42,          0.12,      0.08,      0.16,      0.1575,     0.155,        0.16,     13.8773,       2.92373
    717,         3,        42,           0.2,      0.16,      0.24,      0.1575,     0.155,        0.16,     28.7177,       3.71769
    718,         4,        42,          0.28,      0.24,      0.32,      0.1575,     0.155,        0.16,     15.2722,       1.57771
    719,         5,        42,          0.36,      0.32,       0.4,      0.1575,     0.155,        0.16,     6.88201,      0.784912
    720,         6,        42,          0.44,       0.4,      0.48,      0.1575,     0.155,        0.16,     3.34407,      0.461414
    721,         7,        42,          0.52,      0.48,      0.56,      0.1575,     0.155,        0.16,     1.23448,      0.319716
    722,         8,        42,           0.6,      0.56,      0.64,      0.1575,     0.155,        0.16,    0.241944,     0.0741666
    723,         9,        42,          0.68,      0.64,      0.72,      0.1575,     0.155,        0.16,    0.104753,     0.0372761
    724,        10,        42,          0.76,      0.72,       0.8,      0.1575,     0.155,        0.16,   0.0375377,     0.0206007
    725,        11,        42,          0.84,       0.8,      0.88,      0.1575,     0.155,        0.16,  0.00256528,    0.00240805
    726,        12,        42,          0.92,      0.88,      0.96,      0.1575,     0.155,        0.16, 0.000238796,   0.000199244
    727,        13,        42,             1,      0.96,      1.04,      0.1575,     0.155,        0.16,  0.00312587,    0.00294391
    728,        14,        42,          1.08,      1.04,      1.12,      0.1575,     0.155,        0.16, 0.000113233,   0.000113233
    729,        15,        42,          1.16,      1.12,       1.2,      0.1575,     0.155,        0.16,           0,             0
    732,         1,        43,          0.04,         0,      0.08,      0.1625,      0.16,       0.165, 7.53055e-05,   7.53055e-05
    733,         2,        43,          0.12,      0.08,      0.16,      0.1625,      0.16,       0.165,     10.2753,       2.75564
    734,         3,        43,           0.2,      0.16,      0.24,      0.1625,      0.16,       0.165,     28.4766,       3.51909
    735,         4,        43,          0.28,      0.24,      0.32,      0.1625,      0.16,       0.165,     16.6292,       2.36284
    736,         5,        43,          0.36,      0.32,       0.4,      0.1625,      0.16,       0.165,     6.93246,      0.793488
    737,         6,        43,          0.44,       0.4,      0.48,      0.1625,      0.16,       0.165,     2.87855,      0.368927
    738,         7,        43,          0.52,      0.48,      0.56,      0.1625,      0.16,       0.165,    0.884211,      0.136865
    739,         8,        43,           0.6,      0.56,      0.64,      0.1625,      0.16,       0.165,    0.123461,      0.019623
    740,         9,        43,          0.68,      0.64,      0.72,      0.1625,      0.16,       0.165,   0.0585823,     0.0188696
    741,        10,        43,          0.76,      0.72,       0.8,      0.1625,      0.16,       0.165,   0.0422356,     0.0189814
    742,        11,        43,          0.84,       0.8,      0.88,      0.1625,      0.16,       0.165,   0.0336794,     0.0319522
    743,        12,        43,          0.92,      0.88,      0.96,      0.1625,      0.16,       0.165,  0.00493769,    0.00418555
    744,        13,        43,             1,      0.96,      1.04,      0.1625,      0.16,       0.165, 8.44755e-05,   6.60708e-05
    745,        14,        43,          1.08,      1.04,      1.12,      0.1625,      0.16,       0.165,  0.00271072,    0.00271072
    746,        15,        43,          1.16,      1.12,       1.2,      0.1625,      0.16,       0.165,           0,             0
    749,         1,        44,          0.04,         0,      0.08,      0.1675,     0.165,        0.17,           0,             0
    750,         2,        44,          0.12,      0.08,      0.16,      0.1675,     0.165,        0.17,     10.5249,       2.71536
    751,         3,        44,           0.2,      0.16,      0.24,      0.1675,     0.165,        0.17,     28.1966,        3.8111
    752,         4,        44,          0.28,      0.24,      0.32,      0.1675,     0.165,        0.17,     19.4826,       2.68607
    753,         5,        44,          0.36,      0.32,       0.4,      0.1675,     0.165,        0.17,     9.15247,       1.16056
    754,         6,        44,          0.44,       0.4,      0.48,      0.1675,     0.165,        0.17,     3.30477,      0.501367
    755,         7,        44,          0.52,      0.48,      0.56,      0.1675,     0.165,        0.17,    0.729421,      0.109303
    756,         8,        44,           0.6,      0.56,      0.64,      0.1675,     0.165,        0.17,    0.201379,     0.0431805
    757,         9,        44,          0.68,      0.64,      0.72,      0.1675,     0.165,        0.17,   0.0506592,     0.0344169
    758,        10,        44,          0.76,      0.72,       0.8,      0.1675,     0.165,        0.17,    0.047167,     0.0305985
    759,        11,        44,          0.84,       0.8,      0.88,      0.1675,     0.165,        0.17,   0.0165175,    0.00926101
    760,        12,        44,          0.92,      0.88,      0.96,      0.1675,     0.165,        0.17, 0.000426973,   0.000390543
    761,        13,        44,             1,      0.96,      1.04,      0.1675,     0.165,        0.17, 0.000454541,    0.00032153
    762,        14,        44,          1.08,      1.04,      1.12,      0.1675,     0.165,        0.17, 0.000551721,   0.000318555
    763,        15,        44,          1.16,      1.12,       1.2,      0.1675,     0.165,        0.17,           0,             0
    766,         1,        45,          0.04,         0,      0.08,      0.1725,      0.17,       0.175,           0,             0
    767,         2,        45,          0.12,      0.08,      0.16,      0.1725,      0.17,       0.175,     6.98879,       2.34852
    768,         3,        45,           0.2,      0.16,      0.24,      0.1725,      0.17,       0.175,     26.9492,       3.46604
    769,         4,        45,          0.28,      0.24,      0.32,      0.1725,      0.17,       0.175,     14.1779,       1.62173
    770,         5,        45,          0.36,      0.32,       0.4,      0.1725,      0.17,       0.175,     6.29431,      0.626419
    771,         6,        45,          0.44,       0.4,      0.48,      0.1725,      0.17,       0.175,     5.67671,       1.76348
    772,         7,        45,          0.52,      0.48,      0.56,      0.1725,      0.17,       0.175,     1.65471,       0.73235
    773,         8,        45,           0.6,      0.56,      0.64,      0.1725,      0.17,       0.175,    0.207125,     0.0587952
    774,         9,        45,          0.68,      0.64,      0.72,      0.1725,      0.17,       0.175,     0.47886,       0.30884
    775,        10,        45,          0.76,      0.72,       0.8,      0.1725,      0.17,       0.175,   0.0433724,     0.0221619
    776,        11,        45,          0.84,       0.8,      0.88,      0.1725,      0.17,       0.175,   0.0972688,     0.0712424
    777,        12,        45,          0.92,      0.88,      0.96,      0.1725,      0.17,       0.175, 0.000474043,   0.000295723
    778,        13,        45,             1,      0.96,      1.04,      0.1725,      0.17,       0.175,           0,             0
    779,        14,        45,          1.08,      1.04,      1.12,      0.1725,      0.17,       0.175, 1.25076e-05,   1.25076e-05
    780,        15,        45,          1.16,      1.12,       1.2,      0.1725,      0.17,       0.175,  0.00131759,   0.000912063
    783,         1,        46,          0.04,         0,      0.08,      0.1775,     0.175,        0.18,           0,             0
    784,         2,        46,          0.12,      0.08,      0.16,      0.1775,     0.175,        0.18,     3.08168,       1.22092
    785,         3,        46,           0.2,      0.16,      0.24,      0.1775,     0.175,        0.18,      27.846,       4.10673
    786,         4,        46,          0.28,      0.24,      0.32,      0.1775,     0.175,        0.18,     16.2664,       1.81643
    787,         5,        46,          0.36,      0.32,       0.4,      0.1775,     0.175,        0.18,     5.50525,      0.581062
    788,         6,        46,          0.44,       0.4,      0.48,      0.1775,     0.175,        0.18,     2.51616,       0.30147
    789,         7,        46,          0.52,      0.48,      0.56,      0.1775,     0.175,        0.18,    0.580831,     0.0550908
    790,         8,        46,           0.6,      0.56,      0.64,      0.1775,     0.175,        0.18,    0.156137,     0.0309797
    791,         9,        46,          0.68,      0.64,      0.72,      0.1775,     0.175,        0.18,   0.0873163,     0.0379523
    792,        10,        46,          0.76,      0.72,       0.8,      0.1775,     0.175,        0.18,   0.0430706,     0.0239322
    793,        11,        46,          0.84,       0.8,      0.88,      0.1775,     0.175,        0.18,  0.00698664,     0.0045276
    794,        12,        46,          0.92,      0.88,      0.96,      0.1775,     0.175,        0.18, 0.000734514,   0.000687108
    795,        13,        46,             1,      0.96,      1.04,      0.1775,     0.175,        0.18,           0,             0
    796,        14,        46,          1.08,      1.04,      1.12,      0.1775,     0.175,        0.18,           0,             0
    797,        15,        46,          1.16,      1.12,       1.2,      0.1775,     0.175,        0.18, 0.000904446,   0.000904446
    800,         1,        47,          0.04,         0,      0.08,      0.1825,      0.18,       0.185,           0,             0
    801,         2,        47,          0.12,      0.08,      0.16,      0.1825,      0.18,       0.185,     2.97551,       1.45855
    802,         3,        47,           0.2,      0.16,      0.24,      0.1825,      0.18,       0.185,       33.68,       4.19368
    803,         4,        47,          0.28,      0.24,      0.32,      0.1825,      0.18,       0.185,     18.5051,        2.1829
    804,         5,        47,          0.36,      0.32,       0.4,      0.1825,      0.18,       0.185,     6.77382,      0.950889
    805,         6,        47,          0.44,       0.4,      0.48,      0.1825,      0.18,       0.185,     2.60683,      0.337633
    806,         7,        47,          0.52,      0.48,      0.56,      0.1825,      0.18,       0.185,    0.710439,      0.141981
    807,         8,        47,           0.6,      0.56,      0.64,      0.1825,      0.18,       0.185,    0.241029,     0.0856017
    808,         9,        47,          0.68,      0.64,      0.72,      0.1825,      0.18,       0.185,    0.519588,      0.393336
    809,        10,        47,          0.76,      0.72,       0.8,      0.1825,      0.18,       0.185,  0.00501286,    0.00246982
    810,        11,        47,          0.84,       0.8,      0.88,      0.1825,      0.18,       0.185,  0.00137728,   0.000694526
    811,        12,        47,          0.92,      0.88,      0.96,      0.1825,      0.18,       0.185,  0.00259001,    0.00162254
    812,        13,        47,             1,      0.96,      1.04,      0.1825,      0.18,       0.185,           0,             0
    813,        14,        47,          1.08,      1.04,      1.12,      0.1825,      0.18,       0.185,           0,             0
    814,        15,        47,          1.16,      1.12,       1.2,      0.1825,      0.18,       0.185,           0,             0
    817,         1,        48,          0.04,         0,      0.08,      0.1875,     0.185,        0.19,           0,             0
    818,         2,        48,          0.12,      0.08,      0.16,      0.1875,     0.185,        0.19,     3.92881,       1.59637
    819,         3,        48,           0.2,      0.16,      0.24,      0.1875,     0.185,        0.19,     22.9568,       3.10421
    820,         4,        48,          0.28,      0.24,      0.32,      0.1875,     0.185,        0.19,     16.2832,       1.90383
    821,         5,        48,          0.36,      0.32,       0.4,      0.1875,     0.185,        0.19,      7.5696,       1.03094
    822,         6,        48,          0.44,       0.4,      0.48,      0.1875,     0.185,        0.19,     3.69822,       1.67825
    823,         7,        48,          0.52,      0.48,      0.56,      0.1875,     0.185,        0.19,    0.659148,     0.0825167
    824,         8,        48,           0.6,      0.56,      0.64,      0.1875,     0.185,        0.19,    0.334466,      0.133731
    825,         9,        48,          0.68,      0.64,      0.72,      0.1875,     0.185,        0.19,    0.200077,      0.136311
    826,        10,        48,          0.76,      0.72,       0.8,      0.1875,     0.185,        0.19,    0.011001,    0.00599169
    827,        11,        48,          0.84,       0.8,      0.88,      0.1875,     0.185,        0.19,   0.0230411,     0.0185789
    828,        12,        48,          0.92,      0.88,      0.96,      0.1875,     0.185,        0.19, 0.000150218,   0.000125975
    829,        13,        48,             1,      0.96,      1.04,      0.1875,     0.185,        0.19,           0,             0
    830,        14,        48,          1.08,      1.04,      1.12,      0.1875,     0.185,        0.19, 0.000131314,   0.000128333
    831,        15,        48,          1.16,      1.12,       1.2,      0.1875,     0.185,        0.19,           0,             0
    834,         1,        49,          0.04,         0,      0.08,      0.1925,      0.19,       0.195,           0,             0
    835,         2,        49,          0.12,      0.08,      0.16,      0.1925,      0.19,       0.195,     6.86292,       3.48463
    836,         3,        49,           0.2,      0.16,      0.24,      0.1925,      0.19,       0.195,     28.9502,       4.53786
    837,         4,        49,          0.28,      0.24,      0.32,      0.1925,      0.19,       0.195,     17.1794,       2.15041
    838,         5,        49,          0.36,      0.32,       0.4,      0.1925,      0.19,       0.195,     6.37779,      0.898989
    839,         6,        49,          0.44,       0.4,      0.48,      0.1925,      0.19,       0.195,     2.37676,      0.264068
    840,         7,        49,          0.52,      0.48,      0.56,      0.1925,      0.19,       0.195,    0.573427,      0.119373
    841,         8,        49,           0.6,      0.56,      0.64,      0.1925,      0.19,       0.195,    0.136743,     0.0262104
    842,         9,        49,          0.68,      0.64,      0.72,      0.1925,      0.19,       0.195,    0.151494,     0.0819026
    843,        10,        49,          0.76,      0.72,       0.8,      0.1925,      0.19,       0.195,    0.012197,    0.00426634
    844,        11,        49,          0.84,       0.8,      0.88,      0.1925,      0.19,       0.195,   0.0256965,     0.0214635
    845,        12,        49,          0.92,      0.88,      0.96,      0.1925,      0.19,       0.195, 0.000239184,   0.000239184
    846,        13,        49,             1,      0.96,      1.04,      0.1925,      0.19,       0.195, 9.29671e-05,   9.29671e-05
    847,        14,        49,          1.08,      1.04,      1.12,      0.1925,      0.19,       0.195,           0,             0
    848,        15,        49,          1.16,      1.12,       1.2,      0.1925,      0.19,       0.195,           0,             0
    851,         1,        50,          0.04,         0,      0.08,      0.1975,     0.195,         0.2,           0,             0
    852,         2,        50,          0.12,      0.08,      0.16,      0.1975,     0.195,         0.2,     0.19306,      0.143502
    853,         3,        50,           0.2,      0.16,      0.24,      0.1975,     0.195,         0.2,     19.1845,       3.03031
    854,         4,        50,          0.28,      0.24,      0.32,      0.1975,     0.195,         0.2,     12.3252,       1.38088
    855,         5,        50,          0.36,      0.32,       0.4,      0.1975,     0.195,         0.2,     6.49975,       1.34445
    856,         6,        50,          0.44,       0.4,      0.48,      0.1975,     0.195,         0.2,     2.30899,      0.308237
    857,         7,        50,          0.52,      0.48,      0.56,      0.1975,     0.195,         0.2,     1.00112,      0.332594
    858,         8,        50,           0.6,      0.56,      0.64,      0.1975,     0.195,         0.2,     0.09365,     0.0184636
    859,         9,        50,          0.68,      0.64,      0.72,      0.1975,     0.195,         0.2,    0.404231,      0.345906
    860,        10,        50,          0.76,      0.72,       0.8,      0.1975,     0.195,         0.2,   0.0154484,    0.00826587
    861,        11,        50,          0.84,       0.8,      0.88,      0.1975,     0.195,         0.2,   0.0119117,    0.00680605
    862,        12,        50,          0.92,      0.88,      0.96,      0.1975,     0.195,         0.2,   0.0037683,    0.00328315
    863,        13,        50,             1,      0.96,      1.04,      0.1975,     0.195,         0.2,  0.00344241,    0.00343021
    864,        14,        50,          1.08,      1.04,      1.12,      0.1975,     0.195,         0.2, 3.10076e-05,   3.10076e-05
    865,        15,        50,          1.16,      1.12,       1.2,      0.1975,     0.195,         0.2,           0,             0
